1138 1138 4054
1 1 1474.779000
5 1 -9.017133
563 1 -5.730659
2 2 9.136654
10 2 -3.405995
563 2 -5.730659
3 3 69.614680
11 3 -8.810573
34 3 -31.152650
35 3 -16.066840
104 3 -4.869260
475 3 -8.715357
4 4 68.601060
7 4 -34.620250
27 4 -0.475511
101 4 -28.664970
102 4 -0.746324
103 4 -4.093998
1 5 -9.017133
5 5 13.888050
9 5 -4.870921
6 6 116.828800
7 6 -10.961240
37 6 -56.818180
98 6 -10.881390
103 6 -38.167940
4 7 -34.620250
6 7 -10.961240
7 7 52.767260
37 7 -4.773726
101 7 -0.777242
102 7 -1.072973
103 7 -0.561829
8 8 30.257880
26 8 -3.752486
35 8 -0.497587
724 8 -26.007800
5 9 -4.870921
9 9 7.174451
10 9 -0.905633
104 9 -1.397898
2 10 -3.405995
9 10 -0.905633
10 10 5.709526
104 10 -1.397898
3 11 -8.810573
11 11 27.185840
12 11 -1.238697
38 11 -7.418397
566 11 -9.718173
11 12 -1.238697
12 12 1.238697
13 13 7.142646
34 13 -1.851920
104 13 -5.290726
14 14 12.953370
413 14 -12.953370
15 15 1696.756000
16 15 -30.674850
17 15 -30.487800
18 15 -30.395140
19 15 -30.395140
411 15 -1574.803000
15 16 -30.674850
16 16 30.674850
15 17 -30.487800
17 17 30.487800
15 18 -30.395140
18 18 30.395140
15 19 -30.395140
19 19 30.395140
20 20 5746.122000
21 20 -5714.287000
37 20 -18.248170
102 20 -13.586960
20 21 -5714.287000
21 21 5735.022000
22 21 -5.205622
23 21 -5.186722
24 21 -5.181347
25 21 -5.162622
21 22 -5.205622
22 22 5.205622
21 23 -5.186722
23 23 5.186722
21 24 -5.181347
24 24 5.181347
21 25 -5.162622
25 25 5.162622
8 26 -3.752486
26 26 4.371336
35 26 -0.618850
4 27 -0.475511
27 27 9.123474
28 27 -2.373605
29 27 -2.439024
30 27 -1.190334
101 27 -2.644999
27 28 -2.373605
28 28 2.373605
27 29 -2.439024
29 29 2.439024
27 30 -1.190334
30 30 1.190334
31 31 1.688214
32 31 -0.625469
100 31 -1.062744
31 32 -0.625469
32 32 1.688214
100 32 -1.062744
33 33 0.658198
100 33 -0.658198
3 34 -31.152650
13 34 -1.851920
34 34 56.314590
104 34 -10.134790
553 34 -13.175230
3 35 -16.066840
8 35 -0.497587
26 35 -0.618850
35 35 10018.300000
104 35 -1.112756
710 35 -10000.000000
36 36 10000.000000
711 36 -10000.000000
6 37 -56.818180
7 37 -4.773726
20 37 -18.248170
37 37 80.333530
102 37 -0.493437
11 38 -7.418397
38 38 74.991230
39 38 -15.673980
98 38 -46.296300
412 38 -5.602555
38 39 -15.673980
39 39 16.417420
99 39 -0.743439
40 40 245.933500
41 40 -126.582300
43 40 -55.248620
45 40 -64.102570
40 41 -126.582300
41 41 988.901100
42 41 -28.985510
44 41 -833.333300
41 42 -28.985510
42 42 28.985510
40 43 -55.248620
43 43 4403.075000
146 43 -4347.826000
41 44 -833.333300
44 44 10833.330000
486 44 -10000.000000
40 45 -64.102570
45 45 118.747400
49 45 -54.644810
46 46 10000.000000
48 46 -10000.000000
47 47 104.931800
48 47 -104.931800
46 48 -10000.000000
47 48 -104.931800
48 48 20183.360000
54 48 -78.431370
506 48 -10000.000000
45 49 -54.644810
49 49 288.754000
50 49 -126.582300
53 49 -107.526900
49 50 -126.582300
50 50 988.901100
51 50 -28.985510
52 50 -833.333300
50 51 -28.985510
51 51 28.985510
50 52 -833.333300
52 52 874.316900
125 52 -40.983610
49 53 -107.526900
53 53 1586.098000
54 53 -1428.572000
55 53 -50.000000
48 54 -78.431370
53 54 -1428.572000
54 54 1957.633000
425 54 -119.047600
445 54 -184.523800
447 54 -147.058800
53 55 -50.000000
55 55 50.000000
56 56 29.325510
63 56 -29.325510
57 57 112.359600
66 57 -112.359600
58 58 15.649450
70 58 -15.649450
59 59 24.330900
67 59 -24.330900
60 60 104.166700
68 60 -104.166700
61 61 125.000000
130 61 -125.000000
62 62 50.761420
129 62 -50.761420
56 63 -29.325510
63 63 10059.540000
64 63 -30.211480
65 63 -10000.000000
63 64 -30.211480
64 64 159.710200
71 64 -40.983610
131 64 -16.051360
226 64 -72.463770
63 65 -10000.000000
65 65 10015.920000
1095 65 -15.923570
57 66 -112.359600
66 66 442.002300
67 66 -97.087380
68 66 -24.271840
74 66 -32.653260
183 66 -147.058800
226 66 -28.571430
59 67 -24.330900
66 67 -97.087380
67 67 167.407100
68 67 -30.674850
69 67 -15.313940
60 68 -104.166700
66 68 -24.271840
67 68 -30.674850
68 68 289.293200
74 68 -47.592100
90 68 -32.336490
201 68 -50.251260
67 69 -15.313940
69 69 190.752500
70 69 -175.438600
58 70 -15.649450
69 70 -175.438600
70 70 225.507700
182 70 -4.955401
196 70 -5.170631
1063 70 -4.623209
1065 70 -16.474460
1074 70 -3.195909
64 71 -40.983610
71 71 96.539170
72 71 -55.555560
71 72 -55.555560
72 72 84.920640
73 72 -5.555555
121 72 -23.809520
72 73 -5.555555
73 73 5.555555
66 74 -32.653260
68 74 -47.592100
74 74 384.902400
75 74 -40.322580
76 74 -25.445290
78 74 -34.387100
80 74 -15.822790
119 74 -188.679200
74 75 -40.322580
75 75 693.104100
204 75 -645.161300
810 75 -4.608295
918 75 -3.012048
74 76 -25.445290
76 76 147.394500
77 76 -30.030030
78 76 -36.363640
127 76 -55.555560
76 77 -30.030030
77 77 5030.030000
1050 77 -5000.000000
74 78 -34.387100
76 78 -36.363640
78 78 262.670000
79 78 -90.909090
452 78 -101.010100
78 79 -90.909090
79 79 564.421400
416 79 -48.076920
417 79 -48.076920
454 79 -377.358500
74 80 -15.822790
80 80 657.166600
81 80 -67.114100
447 80 -476.190500
452 80 -98.039220
80 81 -67.114100
81 81 420.009500
448 81 -158.730200
450 81 -175.438600
464 81 -18.726590
82 82 4.975124
94 82 -4.975124
83 83 17.241380
94 83 -17.241380
84 84 17.574690
95 84 -17.574690
85 85 439.080500
87 85 -172.413800
126 85 -266.666700
86 86 6807.496000
87 86 -5000.000000
241 86 -46.511630
251 86 -71.942450
253 86 -74.626870
267 86 -94.786740
269 86 -277.777800
283 86 -138.888900
291 86 -49.019610
293 86 -57.142860
294 86 -57.142860
302 86 -689.655200
315 86 -250.000000
85 87 -172.413800
86 87 -5000.000000
87 87 5319.472000
88 87 -147.058800
87 88 -147.058800
88 88 147.058800
89 89 65.341200
105 89 -38.314170
115 89 -27.027030
68 90 -32.336490
90 90 64.830590
91 90 -32.494100
90 91 -32.494100
91 91 645.056000
92 91 -163.651500
108 91 -67.567570
115 91 -24.199920
116 91 -357.142900
91 92 -163.651500
92 92 258.889600
93 92 -95.238100
92 93 -95.238100
93 93 612.184900
94 93 -10.905120
252 93 -131.578900
264 93 -12.674270
271 93 -66.006600
288 93 -65.359470
292 93 -31.847140
293 93 -38.314170
294 93 -38.314170
322 93 -32.154340
323 93 -34.843200
324 93 -24.038460
325 93 -14.409220
326 93 -16.501650
82 94 -4.975124
83 94 -17.241380
93 94 -10.905120
94 94 464.085200
96 94 -4.800768
264 94 -239.447500
318 94 -110.669600
325 94 -76.045620
84 95 -17.574690
95 95 76.572040
97 95 -8.285004
262 95 -9.671180
268 95 -7.142857
300 95 -33.898300
94 96 -4.800768
96 96 10022.900000
145 96 -7.241130
704 96 -10.857760
705 96 -10000.000000
95 97 -8.285004
97 97 12.120830
268 97 -3.835827
6 98 -10.881390
38 98 -46.296300
98 98 57.177690
39 99 -0.743439
99 99 3.134068
413 99 -2.390629
31 100 -1.062744
32 100 -1.062744
33 100 -0.658198
100 100 40.739980
725 100 -35.587190
732 100 -2.369107
4 101 -28.664970
7 101 -0.777242
27 101 -2.644999
101 101 34.292600
102 101 -0.754091
103 101 -1.451295
4 102 -0.746324
7 102 -1.072973
20 102 -13.586960
37 102 -0.493437
101 102 -0.754091
102 102 47.041310
103 102 -30.387530
4 103 -4.093998
6 103 -38.167940
7 103 -0.561829
101 103 -1.451295
102 103 -30.387530
103 103 10074.660000
478 103 -10000.000000
3 104 -4.869260
9 104 -1.397898
10 104 -1.397898
13 104 -5.290726
34 104 -10.134790
35 104 -1.112756
104 104 24.203330
89 105 -38.314170
105 105 420.761800
106 105 -12.077290
109 105 -370.370400
105 106 -12.077290
106 106 12.077290
107 107 32.154340
108 107 -32.154340
91 108 -67.567570
107 108 -32.154340
108 108 1008.813000
110 108 -909.090900
105 109 -370.370400
109 109 10370.370000
1029 109 -10000.000000
108 110 -909.090900
110 110 10974.790000
111 110 -41.845580
328 110 -10000.000000
367 110 -10.770060
370 110 -13.080450
110 111 -41.845580
111 111 10056.950000
367 111 -7.278020
368 111 -7.824726
701 111 -10000.000000
112 112 301.759200
113 112 -7.420491
370 112 -8.624407
686 112 -285.714300
112 113 -7.420491
113 113 10040.490000
114 113 -7.624856
115 113 -25.445290
690 113 -10000.000000
113 114 -7.624856
114 114 10007.630000
1009 114 -10000.000000
89 115 -27.027030
91 115 -24.199920
113 115 -25.445290
115 115 76.672250
91 116 -357.142900
116 116 436.123000
117 116 -10.952900
126 116 -68.027210
116 117 -10.952900
117 117 10.952900
118 118 5.521811
119 118 -5.521811
74 119 -188.679200
118 119 -5.521811
119 119 228.330700
123 119 -34.129690
120 120 126.582300
121 120 -126.582300
72 121 -23.809520
120 121 -126.582300
121 121 272.288800
122 121 -70.876610
504 121 -51.020410
121 122 -70.876610
122 122 152.684800
123 122 -40.485830
124 122 -41.322320
119 123 -34.129690
122 123 -40.485830
123 123 111.929000
125 123 -37.313430
122 124 -41.322320
124 124 97.811580
125 124 -32.679740
127 124 -23.809520
52 125 -40.983610
123 125 -37.313430
124 125 -32.679740
125 125 363.285700
126 125 -81.386890
129 125 -70.921980
546 125 -100.000000
85 126 -266.666700
116 126 -68.027210
125 126 -81.386890
126 126 478.192600
129 126 -62.111800
76 127 -55.555560
124 127 -23.809520
127 127 84.920640
128 127 -5.555555
127 128 -5.555555
128 128 5.555555
62 129 -50.761420
125 129 -70.921980
126 129 -62.111800
129 129 183.795200
61 130 -125.000000
130 130 356.903200
133 130 -136.986300
173 130 -51.813470
213 130 -43.103450
64 131 -16.051360
131 131 896.646000
132 131 -75.187970
133 131 -769.230800
136 131 -36.175950
131 132 -75.187970
132 132 101.010400
144 132 -4.409171
742 132 -21.413280
130 133 -136.986300
131 133 -769.230800
133 133 918.779900
134 133 -12.562810
133 134 -12.562810
134 134 12.562810
135 135 10030.190000
136 135 -25.445290
139 135 -4.748338
740 135 -10000.000000
131 136 -36.175950
135 136 -25.445290
136 136 99.825950
141 136 -38.204710
137 137 108.031000
139 137 -72.463770
141 137 -27.397260
761 137 -8.169934
138 138 217.898000
141 138 -28.985510
877 138 -59.880250
882 138 -129.032300
135 139 -4.748338
137 139 -72.463770
139 139 90.065570
140 139 -12.853470
139 140 -12.853470
140 140 45.529960
829 140 -18.628910
830 140 -14.047570
136 141 -38.204710
137 141 -27.397260
138 141 -28.985510
141 141 94.587480
142 142 36.703240
258 142 -21.551720
366 142 -15.151520
143 143 20014.590000
144 143 -12.500000
743 143 -2.090738
745 143 -10000.000000
826 143 -10000.000000
132 144 -4.409171
143 144 -12.500000
144 144 10016.910000
827 144 -10000.000000
96 145 -7.241130
145 145 10022.010000
318 145 -14.771050
703 145 -10000.000000
43 146 -4347.826000
146 146 7289.003000
147 146 -2941.177000
146 147 -2941.177000
147 147 12941.180000
148 147 -10000.000000
147 148 -10000.000000
148 148 10000.000000
149 149 5.205622
166 149 -5.205622
150 150 73.529410
173 150 -73.529410
151 151 13.297870
175 151 -13.297870
152 152 10.405830
180 152 -10.405830
153 153 34.482760
183 153 -34.482760
154 154 13.717420
207 154 -13.717420
155 155 28.985510
198 155 -28.985510
156 156 144.927500
213 156 -144.927500
157 157 38.461540
219 157 -38.461540
158 158 28.011200
226 158 -28.011200
159 159 9.641960
182 159 -4.730369
205 159 -4.911591
160 160 21.373650
172 160 -10.010010
233 160 -11.363640
161 161 10.903210
222 161 -4.730369
743 161 -6.172840
162 162 87.511720
163 162 -46.082950
169 162 -11.534030
209 162 -7.451564
223 162 -12.610340
232 162 -9.832842
162 163 -46.082950
163 163 145.938300
186 163 -46.511630
201 163 -13.661200
227 163 -39.682540
164 164 5.205622
166 164 -5.205622
165 165 117.694200
166 165 -60.606060
167 165 -17.331020
175 165 -11.185680
194 165 -28.571430
149 166 -5.205622
164 166 -5.205622
165 166 -60.606060
166 166 341.336900
192 166 -80.000000
201 166 -14.880950
218 166 -175.438600
165 167 -17.331020
167 167 34.662040
175 167 -17.331020
168 168 69.630640
180 168 -9.389671
209 168 -60.240960
162 169 -11.534030
169 169 25.638400
187 169 -14.104370
170 170 30.286550
188 170 -22.779040
194 170 -7.507507
171 171 52.253500
178 171 -39.215690
217 171 -13.037810
160 172 -10.010010
172 172 66.852690
173 172 -42.553190
222 172 -4.873294
755 172 -9.416196
130 173 -51.813470
150 173 -73.529410
172 173 -42.553190
173 173 206.210300
184 173 -38.314170
174 174 50.633890
211 174 -12.755100
216 174 -37.878790
151 175 -13.297870
165 175 -11.185680
167 175 -17.331020
175 175 53.634910
179 175 -11.820330
176 176 860.802800
177 176 -172.413800
178 176 -20.980790
207 176 -667.408200
176 177 -172.413800
177 177 276.580400
207 177 -104.166700
171 178 -39.215690
176 178 -20.980790
178 178 88.176610
214 178 -15.060240
217 178 -12.919900
175 179 -11.820330
179 179 23.640660
203 179 -11.820330
152 180 -10.405830
168 180 -9.389671
180 180 28.491150
209 180 -8.695652
181 181 23.148150
183 181 -23.148150
70 182 -4.955401
159 182 -4.730369
182 182 61.502940
183 182 -29.940120
205 182 -16.722410
221 182 -5.154639
66 183 -147.058800
153 183 -34.482760
181 183 -23.148150
182 183 -29.940120
183 183 398.018700
184 183 -91.743120
201 183 -35.149390
226 183 -36.496350
173 184 -38.314170
183 184 -91.743120
184 184 192.134900
193 184 -41.407870
213 184 -20.669700
185 185 8.064516
187 185 -8.064516
163 186 -46.511630
186 186 126.201100
187 186 -41.666670
218 186 -38.022810
169 187 -14.104370
185 187 -8.064516
186 187 -41.666670
187 187 107.524000
188 187 -29.673590
206 187 -8.695652
209 187 -5.319149
170 188 -22.779040
187 188 -29.673590
188 188 52.452630
189 189 41.497920
211 189 -11.467890
216 189 -30.030030
190 190 33.003300
199 190 -33.003300
191 191 1149.633000
195 191 -10.718110
197 191 -14.749260
198 191 -1111.111000
211 191 -13.054830
166 192 -80.000000
192 192 824.642100
199 192 -666.666700
218 192 -63.291140
220 192 -14.684290
184 193 -41.407870
193 193 247.007000
198 193 -60.606060
199 193 -106.383000
208 193 -38.610040
165 194 -28.571430
170 194 -7.507507
194 194 78.997400
216 194 -42.918460
191 195 -10.718110
195 195 36.896130
211 195 -26.178010
70 196 -5.170631
196 196 5.170631
191 197 -14.749260
197 197 36.488390
212 197 -21.739130
155 198 -28.985510
191 198 -1111.111000
193 198 -60.606060
198 198 1200.703000
190 199 -33.003300
192 199 -666.666700
193 199 -106.383000
199 199 806.053000
200 200 60.091300
201 200 -43.874810
202 200 -16.216490
68 201 -50.251260
163 201 -13.661200
166 201 -14.880950
183 201 -35.149390
200 201 -43.874810
201 201 172.698500
218 201 -14.880950
200 202 -16.216490
202 202 20.935700
203 202 -4.719207
179 203 -11.820330
202 203 -4.719207
203 203 16.539540
75 204 -645.161300
204 204 645.161300
159 205 -4.911591
182 205 -16.722410
205 205 28.726200
221 205 -7.092198
187 206 -8.695652
206 206 18.894530
216 206 -10.198880
154 207 -13.717420
176 207 -667.408200
177 207 -104.166700
207 207 881.148400
208 207 -84.388180
224 207 -11.467890
193 208 -38.610040
207 208 -84.388180
208 208 122.998200
162 209 -7.451564
168 209 -60.240960
180 209 -8.695652
187 209 -5.319149
209 209 81.707340
210 210 1796.925000
215 210 -11.210760
217 210 -1666.667000
218 210 -119.047600
174 211 -12.755100
189 211 -11.467890
191 211 -13.054830
195 211 -26.178010
211 211 84.376340
212 211 -20.920500
197 212 -21.739130
211 212 -20.920500
212 212 42.659630
130 213 -43.103450
156 213 -144.927500
184 213 -20.669700
213 213 282.230100
504 213 -73.529410
178 214 -15.060240
214 214 65.821660
217 214 -50.761420
210 215 -11.210760
215 215 11.210760
174 216 -37.878790
189 216 -30.030030
194 216 -42.918460
206 216 -10.198880
216 216 148.126400
218 216 -27.100270
171 217 -13.037810
178 217 -12.919900
210 217 -1666.667000
214 217 -50.761420
217 217 1743.386000
166 218 -175.438600
186 218 -38.022810
192 218 -63.291140
201 218 -14.880950
210 218 -119.047600
216 218 -27.100270
218 218 437.781400
157 219 -38.461540
219 219 150.984200
220 219 -86.206890
230 219 -26.315790
192 220 -14.684290
219 220 -86.206890
220 220 100.891200
182 221 -5.154639
205 221 -7.092198
221 221 18.996060
222 221 -3.158560
225 221 -3.590664
161 222 -4.730369
172 222 -4.873294
221 222 -3.158560
222 222 91.182690
225 222 -26.246720
233 222 -49.504950
743 222 -2.668802
162 223 -12.610340
223 223 54.627150
232 223 -42.016810
207 224 -11.467890
224 224 18.735330
1026 224 -7.267442
221 225 -3.590664
222 225 -26.246720
225 225 29.837380
64 226 -72.463770
66 226 -28.571430
158 226 -28.011200
183 226 -36.496350
226 226 165.542800
163 227 -39.682540
227 227 85.765490
228 227 -46.082950
227 228 -46.082950
228 228 97.427270
229 228 -27.624310
231 228 -12.755100
232 228 -10.964910
228 229 -27.624310
229 229 27.624310
219 230 -26.315790
230 230 26.315790
228 231 -12.755100
231 231 31.205290
232 231 -18.450180
162 232 -9.832842
223 232 -42.016810
228 232 -10.964910
231 232 -18.450180
232 232 81.264750
160 233 -11.363640
222 233 -49.504950
233 233 60.868590
234 234 29.175920
236 234 -14.556040
307 234 -14.619880
235 235 2117.081000
236 235 -67.567570
243 235 -14.598540
270 235 -2000.000000
272 235 -9.208103
298 235 -12.853470
299 235 -12.853470
234 236 -14.556040
235 236 -67.567570
236 236 90.233900
286 236 -8.110300
237 237 123.457100
261 237 -2.818489
287 237 -18.975330
309 237 -69.686410
366 237 -4.004806
702 237 -27.972030
238 238 188.150400
239 238 -41.254550
270 238 -146.895900
238 239 -41.254550
239 239 59.248020
270 239 -15.337420
281 239 -2.656042
240 240 7.917656
259 240 -7.917656
86 241 -46.511630
241 241 2888.018000
242 241 -185.185200
246 241 -89.285720
253 241 -123.456800
257 241 -92.592590
266 241 -123.456800
275 241 -13.440860
279 241 -31.746030
289 241 -30.030030
291 241 -833.333300
292 241 -833.333300
293 241 -138.888900
294 241 -138.888900
299 241 -13.280210
310 241 -16.806720
321 241 -88.495570
327 241 -89.285720
241 242 -185.185200
242 242 314.791800
244 242 -57.142860
245 242 -72.463770
235 243 -14.598540
243 243 14.598540
242 244 -57.142860
244 244 118.492600
272 244 -61.349690
242 245 -72.463770
245 245 95.937950
298 245 -23.474180
241 246 -89.285720
246 246 113.152100
310 246 -23.866350
247 247 582.770300
248 247 -270.270300
255 247 -312.500000
247 248 -270.270300
248 248 502.828400
255 248 -232.558100
249 249 1666.667000
282 249 -1666.667000
250 250 1123.714000
257 250 -92.592590
263 250 -78.740160
289 250 -119.047600
317 250 -833.333300
86 251 -71.942450
251 251 210.831300
267 251 -138.888900
93 252 -131.578900
252 252 288.219500
310 252 -21.505370
313 252 -135.135100
86 253 -74.626870
241 253 -123.456800
253 253 198.083700
254 254 383.771900
255 254 -208.333300
285 254 -175.438600
247 255 -312.500000
248 255 -232.558100
254 255 -208.333300
255 255 910.256400
258 255 -31.446540
260 255 -71.942450
263 255 -53.475940
256 256 10133.000000
290 256 -52.356020
317 256 -10000.000000
321 256 -80.645160
241 257 -92.592590
250 257 -92.592590
257 257 185.185200
142 258 -21.551720
255 258 -31.446540
258 258 261.848600
261 258 -128.205100
327 258 -80.645160
240 259 -7.917656
259 259 20.854270
278 259 -12.936610
255 260 -71.942450
260 260 190.990100
289 260 -119.047600
237 261 -2.818489
258 261 -128.205100
261 261 131.023600
95 262 -9.671180
262 262 183.095000
268 262 -26.178010
276 262 -62.500000
314 262 -84.745760
250 263 -78.740160
255 263 -53.475940
263 263 132.216100
93 264 -12.674270
94 264 -239.447500
264 264 383.700800
311 264 -131.578900
265 265 1017.575000
276 265 -999.999900
300 265 -17.574690
241 266 -123.456800
266 266 246.913600
307 266 -123.456800
86 267 -94.786740
251 267 -138.888900
267 267 566.012700
282 267 -144.927500
284 267 -77.519380
302 267 -109.890100
95 268 -7.142857
97 268 -3.835827
262 268 -26.178010
268 268 158.607100
270 268 -53.882830
301 268 -67.567570
86 269 -277.777800
269 269 486.111100
284 269 -208.333300
235 270 -2000.000000
238 270 -146.895900
239 270 -15.337420
268 270 -53.882830
270 270 2317.201000
275 270 -12.771390
279 270 -8.257638
280 270 -29.325510
318 270 -34.364260
320 270 -16.366610
93 271 -66.006600
271 271 66.006600
235 272 -9.208103
244 272 -61.349690
272 272 70.557800
273 273 1295.094000
274 273 -303.030300
303 273 -714.285800
315 273 -277.777800
273 274 -303.030300
274 274 606.060600
312 274 -303.030300
241 275 -13.440860
270 275 -12.771390
275 275 26.212250
262 276 -62.500000
265 276 -999.999900
276 276 1062.500000
277 277 5086.957000
285 277 -86.956520
289 277 -5000.000000
259 278 -12.936610
278 278 27.556490
309 278 -14.619880
241 279 -31.746030
270 279 -8.257638
279 279 40.003670
270 280 -29.325510
280 280 29.325510
239 281 -2.656042
281 281 2.656042
249 282 -1666.667000
267 282 -144.927500
282 282 1811.594000
86 283 -138.888900
283 283 214.646500
292 283 -75.757580
267 284 -77.519380
269 284 -208.333300
284 284 285.852700
254 285 -175.438600
277 285 -86.956520
285 285 262.395100
236 286 -8.110300
286 286 8.110300
237 287 -18.975330
287 287 18.975330
93 288 -65.359470
288 288 127.471300
291 288 -62.111800
241 289 -30.030030
250 289 -119.047600
260 289 -119.047600
277 289 -5000.000000
289 289 5268.125000
256 290 -52.356020
290 290 52.356020
86 291 -49.019610
241 291 -833.333300
288 291 -62.111800
291 291 944.464700
93 292 -31.847140
241 292 -833.333300
283 292 -75.757580
292 292 940.938000
86 293 -57.142860
93 293 -38.314170
241 293 -138.888900
293 293 234.345900
86 294 -57.142860
93 294 -38.314170
241 294 -138.888900
294 294 234.345900
295 295 38.314170
298 295 -38.314170
296 296 101.010100
297 296 -101.010100
296 297 -101.010100
297 297 118.431700
299 297 -17.421600
235 298 -12.853470
245 298 -23.474180
295 298 -38.314170
298 298 74.641830
235 299 -12.853470
241 299 -13.280210
297 299 -17.421600
299 299 43.555290
95 300 -33.898300
265 300 -17.574690
300 300 122.395000
696 300 -70.921980
268 301 -67.567570
301 301 153.774500
314 301 -86.206890
86 302 -689.655200
267 302 -109.890100
302 302 799.545300
273 303 -714.285800
303 303 1428.572000
312 303 -714.285800
304 304 1380.582000
305 304 -263.157900
315 304 -208.333300
329 304 -909.090900
304 305 -263.157900
305 305 459.236300
315 305 -196.078400
306 306 37.878790
322 306 -37.878790
234 307 -14.619880
266 307 -123.456800
307 307 138.076700
308 308 81.300820
323 308 -81.300820
237 309 -69.686410
278 309 -14.619880
309 309 84.306290
241 310 -16.806720
246 310 -23.866350
252 310 -21.505370
310 310 62.178450
264 311 -131.578900
311 311 200.544500
326 311 -68.965520
274 312 -303.030300
303 312 -714.285800
312 312 1295.094000
315 312 -277.777800
252 313 -135.135100
313 313 135.135100
262 314 -84.745760
301 314 -86.206890
314 314 170.952700
86 315 -250.000000
273 315 -277.777800
304 315 -208.333300
305 315 -196.078400
312 315 -277.777800
315 315 1688.798000
316 315 -322.580600
319 315 -125.000000
323 315 -31.250000
315 316 -322.580600
316 316 360.174600
322 316 -37.593990
250 317 -833.333300
256 317 -10000.000000
317 317 10833.330000
94 318 -110.669600
145 318 -14.771050
270 318 -34.364260
318 318 169.825000
704 318 -10.020040
315 319 -125.000000
319 319 1236.111000
329 319 -1111.111000
270 320 -16.366610
320 320 16.366610
241 321 -88.495570
256 321 -80.645160
321 321 169.140700
93 322 -32.154340
306 322 -37.878790
316 322 -37.593990
322 322 107.627100
93 323 -34.843200
308 323 -81.300820
315 323 -31.250000
323 323 147.394000
93 324 -24.038460
324 324 51.893620
325 324 -27.855150
93 325 -14.409220
94 325 -76.045620
324 325 -27.855150
325 325 118.310000
93 326 -16.501650
311 326 -68.965520
326 326 85.467170
241 327 -89.285720
258 327 -80.645160
327 327 169.930900
110 328 -10000.000000
328 328 10000.000000
304 329 -909.090900
319 329 -1111.111000
329 329 2020.202000
330 330 2.409639
335 330 -2.409639
331 331 0.881057
336 331 -0.881057
332 332 1.666667
337 332 -1.666667
333 333 2.608922
350 333 -2.608922
334 334 1.446132
350 334 -1.446132
330 335 -2.409639
335 335 30.264790
337 335 -27.855150
331 336 -0.881057
336 336 218.272400
337 336 -217.391300
332 337 -1.666667
335 337 -27.855150
336 337 -217.391300
337 337 260.917300
338 337 -3.840246
339 337 -3.955696
340 337 -6.208189
337 338 -3.840246
338 338 19.084150
340 338 -15.243900
337 339 -3.955696
339 339 19.199600
340 339 -15.243900
337 340 -6.208189
338 340 -15.243900
339 340 -15.243900
340 340 59.702030
341 340 -8.110300
342 340 -14.895730
340 341 -8.110300
341 341 20.881690
342 341 -12.771390
340 342 -14.895730
341 342 -12.771390
342 342 66.720900
343 342 -5.675369
344 342 -10.712370
345 342 -4.215851
370 342 -18.450180
342 343 -5.675369
343 343 15.145070
346 343 -9.469697
342 344 -10.712370
344 344 28.103680
346 344 -17.391300
342 345 -4.215851
345 345 26.637380
346 345 -22.421530
343 346 -9.469697
344 346 -17.391300
345 346 -22.421530
346 346 102.521200
347 346 -14.084510
349 346 -20.703930
367 346 -18.450180
346 347 -14.084510
347 347 54.570340
348 347 -40.485830
347 348 -40.485830
348 348 79.095870
349 348 -38.610040
346 349 -20.703930
348 349 -38.610040
349 349 83.585820
350 349 -24.271840
333 350 -2.608922
334 350 -1.446132
349 350 -24.271840
350 350 28.326900
351 351 7.374631
366 351 -7.374631
352 352 14.912560
353 352 -5.289326
408 352 -2.934273
409 352 -6.688963
352 353 -5.289326
353 353 17.048930
363 353 -3.816794
382 353 -7.942812
354 354 28.978670
382 354 -6.199628
383 354 -22.779040
355 355 2.164971
375 355 -2.164971
356 356 13.595560
383 356 -5.344736
398 356 -8.250825
357 357 1.307306
394 357 -0.570060
395 357 -0.737246
358 358 46.948360
479 358 -46.948360
359 359 18.554470
474 359 -18.554470
360 360 8.051530
715 360 -8.051530
361 361 509.451800
479 361 -9.451796
480 361 -500.000000
362 362 22.466100
403 362 -11.037530
714 362 -11.428570
353 363 -3.816794
363 363 96.662040
364 363 -9.149131
365 363 -9.149131
373 363 -9.149131
374 363 -9.149131
388 363 -34.965030
395 363 -4.926108
407 363 -10.758470
474 363 -5.599104
363 364 -9.149131
364 364 9.149131
363 365 -9.149131
365 365 9.149131
142 366 -15.151520
237 366 -4.004806
351 366 -7.374631
366 366 41.868380
699 366 -15.337420
110 367 -10.770060
111 367 -7.278020
346 367 -18.450180
367 367 307.331600
368 367 -104.166700
372 367 -166.666700
111 368 -7.824726
367 368 -104.166700
368 368 111.991400
369 369 72.992700
371 369 -72.992700
110 370 -13.080450
112 370 -8.624407
342 370 -18.450180
370 370 40.155040
369 371 -72.992700
371 371 239.659400
372 371 -166.666700
367 372 -166.666700
371 372 -166.666700
372 372 333.333300
363 373 -9.149131
373 373 9.149131
363 374 -9.149131
374 374 9.149131
355 375 -2.164971
375 375 122.031000
376 375 -2.019386
377 375 -2.019386
378 375 -2.019386
379 375 -1.959632
380 375 -1.959632
381 375 -1.959632
389 375 -105.820100
404 375 -2.108815
375 376 -2.019386
376 376 2.019386
375 377 -2.019386
377 377 2.019386
375 378 -2.019386
378 378 2.019386
375 379 -1.959632
379 379 1.959632
375 380 -1.959632
380 380 1.959632
375 381 -1.959632
381 381 1.959632
353 382 -7.942812
354 382 -6.199628
382 382 14.142440
354 383 -22.779040
356 383 -5.344736
383 383 84.266320
384 383 -8.143323
385 383 -8.032128
386 383 -16.501650
387 383 -16.501650
392 383 -6.963788
383 384 -8.143323
384 384 8.143323
383 385 -8.032128
385 385 8.032128
383 386 -16.501650
386 386 16.501650
383 387 -16.501650
387 387 16.501650
363 388 -34.965030
388 388 94.039410
389 388 -22.988510
390 388 -7.077141
391 388 -7.077141
395 388 -4.739336
401 388 -9.416196
405 388 -7.776050
375 389 -105.820100
388 389 -22.988510
389 389 128.808600
388 390 -7.077141
390 390 7.077141
388 391 -7.077141
391 391 7.077141
383 392 -6.963788
392 392 10.415640
395 392 -3.451847
393 393 32.258060
474 393 -16.129030
479 393 -16.129030
357 394 -0.570060
394 394 20.162540
395 394 -19.592480
357 395 -0.737246
363 395 -4.926108
388 395 -4.739336
392 395 -3.451847
394 395 -19.592480
395 395 785.907500
398 395 -76.335880
399 395 -77.519380
405 395 -10.718110
406 395 -473.787500
407 395 -89.285720
474 395 -24.813900
396 396 97.030870
406 396 -86.430420
716 396 -5.336179
717 396 -5.264266
397 397 690.476300
716 397 -357.142900
717 397 -333.333300
356 398 -8.250825
395 398 -76.335880
398 398 84.586700
395 399 -77.519380
399 399 77.519380
400 400 10000.000000
473 400 -10000.000000
388 401 -9.416196
401 401 29.109790
402 401 -8.038586
714 401 -11.655010
401 402 -8.038586
402 402 8.038586
362 403 -11.037530
403 403 11.037530
375 404 -2.108815
404 404 5.644883
409 404 -3.536068
388 405 -7.776050
395 405 -10.718110
405 405 18.494160
395 406 -473.787500
396 406 -86.430420
406 406 10591.180000
479 406 -23.970240
483 406 -10000.000000
716 406 -3.519887
717 406 -3.472463
363 407 -10.758470
395 407 -89.285720
407 407 100.044200
352 408 -2.934273
408 408 2.934273
352 409 -6.688963
404 409 -3.536068
409 409 10.225030
410 410 10155.490000
411 410 -10000.000000
412 410 -80.192460
731 410 -75.301210
15 411 -1574.803000
410 411 -10000.000000
411 411 11741.830000
476 411 -48.899760
477 411 -68.373940
486 411 -49.751240
38 412 -5.602555
410 412 -80.192460
412 412 111.706400
413 412 -9.425071
478 412 -3.253196
709 412 -0.646538
724 412 -12.586530
14 413 -12.953370
99 413 -2.390629
412 413 -9.425071
413 413 24.769070
414 414 319.015900
431 414 -227.272700
433 414 -91.743120
415 415 319.015900
432 415 -227.272700
433 415 -91.743120
79 416 -48.076920
416 416 362.042300
433 416 -91.743120
462 416 -222.222200
79 417 -48.076920
417 417 362.042300
433 417 -91.743120
462 417 -222.222200
418 418 39.258250
419 418 -9.389671
545 418 -29.868580
418 419 -9.389671
419 419 9.389671
420 420 1716.987000
421 420 -38.759690
422 420 -11.560690
470 420 -1666.667000
420 421 -38.759690
421 421 38.759690
420 422 -11.560690
422 422 11.560690
423 423 606.960900
425 423 -526.315800
516 423 -80.645160
424 424 293.411100
466 424 -212.766000
516 424 -80.645160
54 425 -119.047600
423 425 -526.315800
425 425 905.995200
426 425 -73.529410
427 425 -35.587190
466 425 -151.515200
425 426 -73.529410
426 426 536.205000
437 426 -454.545500
519 426 -8.130081
425 427 -35.587190
427 427 35.587190
428 428 305.939500
429 428 -25.000000
430 428 -37.037040
431 428 -121.951200
432 428 -121.951200
428 429 -25.000000
429 429 25.000000
428 430 -37.037040
430 430 37.037040
414 431 -227.272700
428 431 -121.951200
431 431 349.224000
415 432 -227.272700
428 432 -121.951200
432 432 349.224000
414 433 -91.743120
415 433 -91.743120
416 433 -91.743120
417 433 -91.743120
433 433 602.028400
434 433 -32.051280
510 433 -181.818200
564 433 -21.186440
433 434 -32.051280
434 434 32.051280
435 435 83.682010
510 435 -83.682010
436 436 21.459230
534 436 -21.459230
426 437 -454.545500
437 437 548.225200
438 437 -45.662100
439 437 -6.222775
441 437 -12.121210
458 437 -29.673590
437 438 -45.662100
438 438 45.662100
437 439 -6.222775
439 439 22.020600
440 439 -11.168190
460 439 -4.629630
439 440 -11.168190
440 440 11.168190
437 441 -12.121210
441 441 45.410160
442 441 -33.288950
441 442 -33.288950
442 442 33.288950
443 443 1625.394000
444 443 -73.529410
470 443 -1111.111000
506 443 -155.038800
516 443 -285.714300
443 444 -73.529410
444 444 1323.529000
458 444 -1250.000000
54 445 -184.523800
445 445 298.366900
446 445 -46.728970
447 445 -67.114100
445 446 -46.728970
446 446 46.728970
54 447 -147.058800
80 447 -476.190500
445 447 -67.114100
447 447 1251.698000
449 447 -73.529410
537 447 -487.804900
81 448 -158.730200
448 448 178.454000
464 448 -19.723870
447 449 -73.529410
449 449 2073.529000
450 449 -2000.000000
81 450 -175.438600
449 450 -2000.000000
450 450 2196.806000
451 450 -21.367520
450 451 -21.367520
451 451 21.367520
78 452 -101.010100
80 452 -98.039220
452 452 237.363500
453 452 -38.314170
452 453 -38.314170
453 453 38.314170
79 454 -377.358500
454 454 413.329700
455 454 -35.971230
454 455 -35.971230
455 455 35.971230
456 456 105.572700
457 456 -24.271840
564 456 -81.300820
456 457 -24.271840
457 457 24.271840
437 458 -29.673590
444 458 -1250.000000
458 458 1323.682000
459 458 -18.691590
460 458 -25.316450
458 459 -18.691590
459 459 18.691590
439 460 -4.629630
458 460 -25.316450
460 460 51.685210
461 460 -21.739130
460 461 -21.739130
461 461 21.739130
416 462 -222.222200
417 462 -222.222200
462 462 492.988200
463 462 -48.543690
462 463 -48.543690
463 463 48.543690
81 464 -18.726590
448 464 -19.723870
464 464 86.296540
465 464 -26.881720
545 464 -20.964360
464 465 -26.881720
465 465 92.671200
968 465 -65.789470
424 466 -212.766000
425 466 -151.515200
466 466 414.032400
467 466 -49.751240
466 467 -49.751240
467 467 49.751240
468 468 10000.000000
544 468 -10000.000000
469 469 10000.000000
543 469 -10000.000000
420 470 -1666.667000
443 470 -1111.111000
470 470 2777.778000
471 471 71.302480
472 471 -24.671050
478 471 -11.010790
481 471 -2.517560
492 471 -2.243410
707 471 -5.086470
708 471 -25.773200
471 472 -24.671050
472 472 24.671050
400 473 -10000.000000
473 473 10004.090000
474 473 -4.095004
359 474 -18.554470
363 474 -5.599104
393 474 -16.129030
395 474 -24.813900
473 474 -4.095004
474 474 69.191510
3 475 -8.715357
475 475 31.947280
710 475 -12.285010
724 475 -10.946910
411 476 -48.899760
476 476 81.262220
482 476 -32.362460
411 477 -68.373940
477 477 228.758900
478 477 -160.384900
103 478 -10000.000000
412 478 -3.253196
471 478 -11.010790
477 478 -160.384900
478 478 10195.930000
708 478 -20.674950
709 478 -0.602845
358 479 -46.948360
361 479 -9.451796
393 479 -16.129030
406 479 -23.970240
479 479 118.972900
480 479 -9.025270
714 479 -8.410429
726 479 -5.037783
361 480 -500.000000
479 480 -9.025270
480 480 509.025200
471 481 -2.517560
481 481 26.892230
484 481 -4.597701
485 481 -4.425562
491 481 -2.892765
492 481 -3.441512
733 481 -9.017133
476 482 -32.362460
482 482 111.102600
483 482 -78.740160
406 483 -10000.000000
482 483 -78.740160
483 483 10078.740000
481 484 -4.597701
484 484 22.316960
709 484 -10.706640
733 484 -7.012623
481 485 -4.425562
485 485 12.731210
491 485 -8.305648
44 486 -10000.000000
411 486 -49.751240
486 486 10101.300000
731 486 -51.546390
487 487 5.743825
491 487 -5.743825
488 488 5.743825
491 488 -5.743825
489 489 6.968641
492 489 -6.968641
490 490 7.077141
492 490 -7.077141
481 491 -2.892765
485 491 -8.305648
487 491 -5.743825
488 491 -5.743825
491 491 41.568590
492 491 -16.913320
734 491 -1.969202
471 492 -2.243410
481 492 -3.441512
489 492 -6.968641
490 492 -7.077141
491 492 -16.913320
492 492 10036.640000
707 492 -10000.000000
493 493 11.235960
707 493 -11.235960
494 494 121.951200
505 494 -121.951200
495 495 46.296300
513 495 -46.296300
496 496 303.030300
521 496 -303.030300
497 497 104.166700
522 497 -104.166700
498 498 20.080320
523 498 -20.080320
499 499 87.331710
500 499 -39.370080
819 499 -23.980810
914 499 -23.980810
499 500 -39.370080
500 500 39.370080
501 501 227.982700
502 501 -33.196320
505 501 -18.587360
507 501 -58.139530
521 501 -32.679740
531 501 -42.553190
536 501 -42.826550
501 502 -33.196320
502 502 120.839100
607 502 -33.333340
609 502 -11.025360
613 502 -27.322400
937 502 -15.961690
503 503 121.515500
507 503 -42.918460
513 503 -55.555560
553 503 -23.041470
121 504 -51.020410
213 504 -73.529410
504 504 195.978400
505 504 -71.428570
494 505 -121.951200
501 505 -18.587360
504 505 -71.428570
505 505 292.525800
521 505 -41.493770
526 505 -17.605630
578 505 -21.459230
48 506 -10000.000000
443 506 -155.038800
506 506 10155.040000
501 507 -58.139530
503 507 -42.918460
507 507 295.707800
508 507 -12.033690
509 507 -53.050400
515 507 -20.491800
521 507 -39.062500
522 507 -40.160640
547 507 -29.850750
507 508 -12.033690
508 508 265.044300
619 508 -175.438600
639 508 -56.497180
781 508 -21.074820
507 509 -53.050400
509 509 912.198000
511 509 -12.091900
515 509 -82.644630
520 509 -238.095200
534 509 -526.315800
433 510 -181.818200
435 510 -83.682010
510 510 2646.453000
520 510 -2380.952000
509 511 -12.091900
511 511 29.788590
914 511 -6.779661
926 511 -10.917030
512 512 99.009900
520 512 -99.009900
495 513 -46.296300
503 513 -55.555560
513 513 185.306800
514 513 -9.380863
540 513 -74.074070
513 514 -9.380863
514 514 28.324510
790 514 -11.286680
795 514 -7.656968
507 515 -20.491800
509 515 -82.644630
515 515 688.142900
516 515 -416.666700
517 515 -10.341260
518 515 -18.181820
536 515 -80.645160
547 515 -59.171600
423 516 -80.645160
424 516 -80.645160
443 516 -285.714300
515 516 -416.666700
516 516 863.671300
515 517 -10.341260
517 517 27.530120
993 517 -12.953370
995 517 -4.235493
515 518 -18.181820
518 518 18.181820
426 519 -8.130081
519 519 93.043590
957 519 -16.420360
967 519 -68.493150
509 520 -238.095200
510 520 -2380.952000
512 520 -99.009900
520 520 2718.058000
496 521 -303.030300
501 521 -32.679740
505 521 -41.493770
507 521 -39.062500
521 521 520.433000
522 521 -104.166700
497 522 -104.166700
507 522 -40.160640
521 522 -104.166700
522 522 260.498800
523 522 -12.004800
498 523 -20.080320
522 523 -12.004800
523 523 247.526900
582 523 -196.078400
770 523 -3.675795
779 523 -11.600930
802 523 -4.086637
524 524 220.543100
533 524 -158.730200
985 524 -43.859650
1001 524 -17.953320
525 525 78.740160
568 525 -78.740160
505 526 -17.605630
526 526 71.744600
527 526 -21.459230
531 526 -32.679740
526 527 -21.459230
527 527 149.737900
921 527 -4.553734
933 527 -5.621135
1068 527 -35.273370
1073 527 -30.674850
1074 527 -25.839790
1124 527 -26.315790
528 528 336.291800
529 528 -196.078400
809 528 -56.179780
819 528 -84.033620
528 529 -196.078400
529 529 196.078400
530 530 261.717700
578 530 -9.708738
583 530 -9.259259
780 530 -5.390836
797 530 -4.800768
803 530 -232.558100
501 531 -42.553190
526 531 -32.679740
531 531 204.138200
532 531 -53.717290
534 531 -75.187970
531 532 -53.717290
532 532 527.873200
554 532 -35.971230
647 532 -113.636400
652 532 -91.324200
663 532 -45.871560
668 532 -63.291140
672 532 -12.970170
673 532 -32.786880
677 532 -28.248590
908 532 -13.755160
912 532 -18.484290
918 532 -6.426735
1047 532 -11.389520
524 533 -158.730200
533 533 158.730200
436 534 -21.459230
509 534 -526.315800
531 534 -75.187970
534 534 740.919400
535 534 -21.459230
536 534 -56.497180
542 534 -40.000000
534 535 -21.459230
535 535 37.484870
885 535 -16.025640
501 536 -42.826550
515 536 -80.645160
534 536 -56.497180
536 536 698.459000
537 536 -416.666700
538 536 -21.141650
539 536 -18.181820
542 536 -62.500000
447 537 -487.804900
536 537 -416.666700
537 537 904.471600
536 538 -21.141650
538 538 105.910500
809 538 -33.783780
914 538 -7.002801
948 538 -11.173180
953 538 -10.487680
964 538 -22.321430
536 539 -18.181820
539 539 18.181820
513 540 -74.074070
540 540 95.533300
800 540 -21.459230
541 541 13.995800
543 541 -13.995800
534 542 -40.000000
536 542 -62.500000
542 542 256.967800
543 542 -42.918460
545 542 -21.459230
546 542 -90.090100
469 543 -10000.000000
541 543 -13.995800
542 543 -42.918460
543 543 10075.100000
544 543 -18.181820
468 544 -10000.000000
543 544 -18.181820
544 544 10018.180000
418 545 -29.868580
464 545 -20.964360
542 545 -21.459230
545 545 72.292170
125 546 -100.000000
542 546 -90.090100
546 546 190.090100
507 547 -29.850750
515 547 -59.171600
547 547 89.022350
548 548 7.942812
551 548 -7.942812
549 549 8.532423
563 549 -8.532423
550 550 35.335690
566 550 -35.335690
548 551 -7.942812
551 551 65.627180
552 551 -17.513130
555 551 -15.479880
566 551 -24.691360
551 552 -17.513130
552 552 35.102440
558 552 -3.012048
560 552 -14.577260
34 553 -13.175230
503 553 -23.041470
553 553 67.989920
561 553 -26.737970
710 553 -5.035247
532 554 -35.971230
554 554 351.651400
574 554 -93.457940
909 554 -222.222200
551 555 -15.479880
555 555 58.730030
556 555 -16.260160
557 555 -8.591065
564 555 -10.952900
566 555 -7.446017
555 556 -16.260160
556 556 150.628400
559 556 -64.935070
579 556 -7.886436
621 556 -45.045050
903 556 -16.501650
555 557 -8.591065
557 557 25.147360
558 557 -16.556290
552 558 -3.012048
557 558 -16.556290
558 558 103.310300
979 558 -4.599816
980 558 -12.406950
986 558 -12.091900
989 558 -14.440500
991 558 -13.860010
998 558 -8.061266
1000 558 -18.281540
556 559 -64.935070
559 559 73.911730
579 559 -8.976661
552 560 -14.577260
560 560 20.047720
980 560 -5.470459
553 561 -26.737970
561 561 200.632800
562 561 -135.135100
566 561 -38.759690
561 562 -135.135100
562 562 143.595400
563 562 -8.460238
1 563 -5.730659
2 563 -5.730659
549 563 -8.532423
562 563 -8.460238
563 563 31.840370
567 563 -3.386387
433 564 -21.186440
456 564 -81.300820
555 564 -10.952900
564 564 113.440200
565 565 5.017561
567 565 -5.017561
11 566 -9.718173
550 566 -35.335690
551 566 -24.691360
555 566 -7.446017
561 566 -38.759690
566 566 120.182800
567 566 -4.231908
563 567 -3.386387
565 567 -5.017561
566 567 -4.231908
567 567 12.635860
525 568 -78.740160
568 568 164.054900
773 568 -6.574622
795 568 -78.740160
569 569 20.080320
785 569 -20.080320
570 570 14.705880
579 570 -14.705880
571 571 11.428570
776 571 -11.428570
572 572 14.858840
783 572 -14.858840
573 573 18.518520
796 573 -18.518520
