4098 4098 72356
1 1 409897.304452
2 1 30254.313595
3 1 -170499.325993
4 1 -1008.295443
5 1 -302.488645
6 1 -16655.472011
247 1 0.000000
249 1 -743.796942
250 1 0.000000
251 1 0.000000
252 1 0.000000
835 1 -131733.387286
836 1 -32933.346821
837 1 19760.008878
1621 1 -75643.760063
1622 1 46809.398891
1623 1 26526.415337
1634 1 -133.593756
1635 1 -263.767931
1699 1 -127005.424543
1700 1 -65830.064956
1701 1 44486.024357
1714 1 0.000001
1715 1 133.593756
1716 1 -236.527031
1717 1 0.000000
1718 1 0.000000
1719 1 0.000000
1 2 30254.313595
2 2 124041.730724
3 2 -20121.988041
4 2 -302.488645
5 2 -10727.918740
6 2 -4996.641802
182 2 4387.816959
186 2 658.172570
247 2 -0.000000
248 2 0.000000
249 2 -0.000000
250 2 -5.308126
251 2 0.000000
252 2 -0.000000
835 2 -32933.346821
836 2 -3189.407216
837 2 4940.002220
1621 2 -46809.398891
1622 2 18987.213102
1623 2 16383.289333
1636 2 -2.873750
1699 2 65830.064956
1700 2 22556.864327
1701 2 -23040.522615
1714 2 -0.000000
1715 2 0.000000
1716 2 -0.000000
1717 2 -2.434375
1718 2 0.000000
1719 2 -0.000000
1 3 -170499.325993
2 3 -20121.988041
3 3 209069.080963
4 3 16957.960655
5 3 5087.388399
6 3 38596.505700
181 3 -1636.207340
186 3 8671.899214
247 3 -48.579397
248 3 0.000000
249 3 -0.000000
250 3 0.000000
251 3 11.927334
252 3 0.000000
835 3 19760.008878
836 3 4940.002220
837 3 -1047.733771
1621 3 26526.415337
1622 3 -16383.289333
1623 3 -15542.854014
1633 3 -11.745521
1637 3 3.603213
1699 3 44486.023161
1700 3 23040.522069
1701 3 -23046.105522
1714 3 -9.655256
1715 3 0.000000
1716 3 -0.000000
1717 3 0.000000
1718 3 3.130833
1719 3 0.000000
1 4 -1008.295443
2 4 -302.488645
3 4 16957.960655
4 4 451628.876303
5 4 172582.036082
6 4 -71660.139226
7 4 1789.414879
8 4 536.824485
9 4 -10424.131644
13 4 1006.688384
14 4 12314.507089
15 4 -201.337680
37 4 -15532.409362
38 4 -44567.127063
39 4 3106.481919
183 4 -237120.097114
184 4 -106704.040875
185 4 35568.015980
1 5 -302.488645
2 5 -10727.918740
3 5 5087.388399
4 5 172582.036082
5 5 542961.851357
6 5 -27138.315954
7 5 536.824485
8 5 -9295.643576
9 5 -3127.239617
13 5 -11408.487567
14 5 39691.200011
15 5 2281.697547
37 5 39907.404069
38 5 66307.079610
39 5 -7981.480933
182 5 22826.416401
183 5 -106704.040875
184 5 -23505.533222
185 5 16005.606767
186 5 120980.009237
1 6 -16655.472011
2 6 -4996.641802
3 6 38596.505700
4 6 -71660.139226
5 6 -27138.315954
6 6 327182.308180
7 6 9887.307159
8 6 2966.192265
9 6 29383.698615
13 6 -201.337680
14 6 -2462.901454
15 6 -9788.528991
37 6 3106.481919
38 6 8913.425545
39 6 -15014.710691
181 6 -2945.173248
183 6 35568.015980
184 6 16005.606767
185 6 -1885.920745
186 6 16198.453390
4 7 1789.414879
5 7 536.824485
6 7 9887.307159
7 7 527329.313130
8 7 108153.517807
9 7 -275225.772759
10 7 -90206.594754
11 7 -27061.979502
12 7 -115248.596603
19 7 3419.055080
20 7 5727.854388
21 7 -1025.716565
40 7 -15532.409362
41 7 -44567.127063
42 7 4659.722994
187 7 -245902.314209
188 7 -49180.463575
189 7 86065.808507
4 8 536.824485
5 8 -9295.643576
6 8 2966.192265
7 8 108153.517807
8 8 384793.758030
9 8 -66324.638545
10 8 -27061.979502
11 8 -31717.089075
12 8 -34574.580355
19 8 -4360.232336
20 8 22080.564664
21 8 1308.069753
40 8 39907.404069
41 8 66307.079610
42 8 -11972.221696
182 8 5345.989421
186 8 59340.482540
187 8 -49180.463575
188 8 -3625.659516
189 8 17213.161958
4 9 -10424.131644
5 9 -3127.239617
6 9 29383.698615
7 9 -275225.772759
8 9 -66324.638545
9 9 663786.287337
10 9 178393.211856
11 9 53517.965683
12 9 175902.146103
19 9 -1025.716565
20 9 -1718.356385
21 9 -8141.853959
40 9 4659.722994
41 9 13370.138650
42 9 -15791.331251
181 9 -15261.749329
186 9 80124.186933
187 9 86065.808507
188 9 17213.161958
189 9 -13074.440562
7 10 -90206.594754
8 10 -27061.979502
9 10 178393.211856
10 10 493628.485714
11 10 102145.219116
12 10 -61734.348483
22 10 3371.076699
23 10 5850.336702
24 10 -1250.849615
43 10 -15532.409362
44 10 -44567.127063
45 10 4659.722994
85 10 -3239.402510
86 10 -971.820792
87 10 -20918.666751
190 10 -210773.406571
191 10 -42154.681942
192 10 63232.024484
7 11 -27061.979502
8 11 -31717.089075
9 11 53517.965683
10 11 102145.219116
11 11 384620.409281
12 11 -10096.171170
22 11 -4498.534944
23 11 22462.351647
24 11 92.392790
43 11 39907.404069
44 11 66307.079610
45 11 -11972.221696
85 11 -971.820792
86 11 -11677.179553
87 11 -6275.600275
182 11 4582.276142
186 11 65068.319520
190 11 -42154.681942
191 11 -3107.708519
192 11 12646.405085
7 12 -115248.596603
8 12 -34574.580355
9 12 175902.146103
10 12 -61734.348483
11 12 -10096.171170
12 12 499228.477208
22 12 -829.104754
23 12 -3015.674338
24 12 -8115.763785
43 12 4659.722994
44 12 13370.138650
45 12 -15791.331251
85 12 22862.308335
86 12 6858.692773
87 12 50606.029692
181 12 -9874.715254
186 12 51842.256998
190 12 63232.024484
191 12 12646.405085
192 12 -7765.190487
4 13 1006.688384
5 13 -11408.487567
6 13 -201.337680
13 13 454901.455856
14 13 199133.829286
15 13 -62247.729004
16 13 -13409.626032
17 13 -4022.887970
18 13 40990.408980
19 13 1789.414879
20 13 357.881838
21 13 -10424.131644
25 13 -11491.848740
26 13 44560.465532
27 13 2298.369782
202 13 -237120.097114
203 13 -106704.040875
204 13 35568.015980
4 14 12314.507089
5 14 39691.200011
6 14 -2462.901454
13 14 199133.829286
14 14 560772.097038
15 14 -29428.584907
16 14 -4022.887970
17 14 -15161.194795
18 14 12297.123183
19 14 536.825628
20 14 -9349.326144
21 14 -3127.235701
25 14 -44560.465532
26 14 120836.297327
27 14 8912.093239
182 14 22826.416401
186 14 120980.009237
202 14 -106704.040875
203 14 -23505.533222
204 14 16005.606767
4 15 -201.337680
5 15 2281.697547
6 15 -9788.528991
13 15 -62247.729004
14 15 -29428.584907
15 15 340991.449899
16 15 -36967.521010
17 15 -11090.256744
18 15 63193.935389
19 15 9887.307159
20 15 1977.465720
21 15 29383.698615
25 15 2298.369782
26 15 -8912.093239
27 15 -13995.590509
181 15 -2945.173248
186 15 34016.752102
202 15 35568.015980
203 15 16005.606767
204 15 -1885.920745
13 16 -13409.626032
14 16 -4022.887970
15 16 -36967.521010
16 16 5530344.909353
17 16 1649795.501042
18 16 1556804.661199
28 16 -1410.488073
29 16 18163.304056
30 16 564.195238
70 16 -5229226.451644
71 16 -1568767.997830
72 16 3268607.295458
76 16 2815.084920
77 16 -6237.417162
78 16 -1126.033985
427 16 -131733.387286
428 16 -32933.346821
429 16 19760.008878
13 17 -4022.887970
14 17 -15161.194795
15 17 -11090.256744
16 17 1649795.501042
17 17 914287.723015
18 17 469117.964316
28 17 -18163.304056
29 17 52279.886585
30 17 7265.321730
70 17 -1568767.997830
71 17 -562966.458388
72 17 980582.227602
76 17 7644.959622
77 17 26375.905197
78 17 -3057.983894
182 17 4387.816959
186 17 4826.598628
427 17 -32933.346821
428 17 -3189.407216
429 17 4940.002220
13 18 40990.408980
14 18 12297.123183
15 18 63193.935389
16 18 1556804.661199
17 18 469117.964316
18 18 971334.682360
28 18 564.195238
29 18 -7265.321730
30 18 -11006.723560
70 18 -1699839.297628
71 18 -509951.809552
72 18 878271.520401
76 18 -1126.033985
77 18 2494.966902
78 18 -8427.919623
181 18 -1636.207340
186 18 18570.953933
427 18 19760.008878
428 18 4940.002220
429 18 -1047.733771
7 19 3419.055080
8 19 -4360.232336
9 19 -1025.716565
13 19 1789.414879
14 19 536.825628
15 19 9887.307159
19 19 497871.857558
20 19 101727.436922
21 19 -237803.477369
22 19 -64813.907884
23 19 -12962.781770
24 19 -93207.761523
31 19 -626.347087
32 19 16127.054741
33 19 187.904134
205 19 -245902.314209
206 19 -49180.463575
207 19 86065.808507
7 20 5727.854388
8 20 22080.564664
9 20 -1718.356385
13 20 357.881838
14 20 -9349.326144
15 20 1977.465720
19 20 101727.436922
20 20 357603.846390
21 20 -48206.602379
22 20 -12962.781770
23 20 -23823.760416
24 20 -18641.552582
31 20 -16127.054741
32 20 45542.688947
33 20 4838.116615
182 20 5345.989421
186 20 59340.482540
205 20 -49180.463575
206 20 -3625.659516
207 20 17213.161958
7 21 -1025.716565
8 21 1308.069753
9 21 -8141.853959
13 21 -10424.131644
14 21 -3127.235701
15 21 29383.698615
19 21 -237803.477369
20 21 -48206.602379
21 21 604949.307889
22 21 138577.496269
23 21 27715.499667
24 21 150602.712216
31 21 187.904134
32 21 -4838.116615
33 21 -10552.412851
181 21 -15261.749329
186 21 173983.939484
205 21 86065.808507
206 21 17213.161958
207 21 -13074.440562
10 22 3371.076699
11 22 -4498.534944
12 22 -829.104754
19 22 -64813.907884
20 22 -12962.781770
21 22 138577.496269
22 22 4992720.129066
23 22 3344787.477088
24 22 -2418003.770618
208 22 -245902.314209
209 22 -86065.808507
210 22 49180.463575
1525 22 -1967958.953921
1526 22 -393569.748758
1527 22 -413944.075520
1537 22 -2603074.997514
1538 22 78661.703497
1539 22 780896.587652
1540 22 -18.375592
1541 22 10.524292
1542 22 -13.842207
10 23 5850.336702
11 23 22462.351647
12 23 -3015.674338
19 23 -12962.781770
20 23 -23823.760416
21 23 27715.499667
22 23 3344787.477088
23 23 3720267.391690
24 23 -1188738.221968
182 23 15261.749329
186 23 219006.097093
208 23 -86065.808507
209 23 -13074.440562
210 23 17213.161958
1525 23 -393569.748758
1526 23 -145222.298698
1527 23 -82781.946122
1537 23 -2889929.095840
1538 23 -58801.860996
1539 23 866970.297685
1540 23 -10.524292
1541 23 5.815584
10 24 -1250.849615
11 24 92.392790
12 24 -8115.763785
19 24 -93207.761523
20 24 -18641.552582
21 24 150602.712216
22 24 -2418003.770618
23 24 -1188738.221968
24 24 2091065.031053
181 24 -5345.989421
186 24 61746.176760
208 24 49180.463575
209 24 17213.161958
210 24 -3625.659516
1525 24 1673391.371938
1526 24 334671.409159
1527 24 218802.570509
1537 24 780896.587652
1538 24 -23590.046469
1539 24 -307334.195299
1540 24 13.842207
1542 24 6.520545
13 25 -11491.848740
14 25 -44560.465532
15 25 2298.369782
25 25 403195.670126
26 25 -265284.123599
27 25 -51906.571704
28 25 -13409.626032
29 25 5363.850493
30 25 40990.408980
31 25 1789.414879
32 25 -715.765962
33 25 -10424.131644
220 25 -237120.097114
221 25 106704.040875
222 25 35568.015980
13 26 44560.465532
14 26 120836.297327
15 26 -8912.093239
25 26 -265284.123599
26 26 449937.950740
27 26 40970.999934
28 26 5363.850493
29 26 -16099.868586
30 26 -16396.163836
31 26 -715.765962
32 26 -9170.384539
33 26 4169.652720
182 26 22826.416401
186 26 120980.009237
220 26 106704.040875
221 26 -23505.533222
222 26 -16005.606767
13 27 2298.369782
14 27 8912.093239
15 27 -13995.590509
25 27 -51906.571704
26 27 40970.999934
27 27 323319.414885
28 27 -36967.521010
29 27 14787.008624
30 27 63193.935389
31 27 9887.307159
32 27 -3954.922922
33 27 29383.698615
181 27 -2945.173248
186 27 48448.098840
220 27 35568.015980
221 27 -16005.606767
222 27 -1885.920745
16 28 -1410.488073
17 28 -18163.304056
18 28 564.195238
25 28 -13409.626032
26 28 5363.850493
27 28 -36967.521010
28 28 5478971.428150
29 28 -2233649.954927
30 28 1577354.053986
58 28 -5229226.451644
59 28 2091690.611826
60 28 3268607.295458
430 28 -131733.387286
431 28 32933.346821
432 28 19760.008878
16 29 18163.304056
17 29 52279.886585
18 29 -7265.321730
25 29 5363.850493
26 29 -16099.868586
27 29 14787.008624
28 29 -2233649.954927
29 29 1168628.575356
30 29 -609177.088122
58 29 2091690.611826
59 29 -929012.297535
60 29 -1307442.937666
182 29 4387.816959
186 29 4826.598628
430 29 32933.346821
431 29 -3189.407216
432 29 -4940.002220
16 30 564.195238
17 30 7265.321730
18 30 -11006.723560
25 30 40990.408980
26 30 -16396.163836
27 30 63193.935389
28 30 1577354.053986
29 30 -609177.088122
30 30 948091.669747
58 30 -1699839.297628
59 30 679935.729183
60 30 878271.520401
181 30 -1636.207340
186 30 27242.851587
430 30 19760.008878
431 30 -4940.002220
432 30 -1047.733771
19 31 -626.347087
20 31 -16127.054741
21 31 187.904134
25 31 1789.414879
26 31 -715.765962
27 31 9887.307159
31 31 446573.094262
32 31 -185567.146779
33 31 -222413.847768
34 31 -64813.907884
35 31 25925.563540
36 31 -93207.761523
223 31 -245902.314209
224 31 49180.463575
225 31 86065.808507
19 32 16127.054741
20 32 45542.688947
21 32 -4838.116615
25 32 -715.765962
26 32 -9170.384539
27 32 -3954.922922
31 32 -185567.146779
32 32 259877.571272
33 32 88587.890140
34 32 25925.563540
35 32 -31601.429594
36 32 37283.105165
182 32 5345.989421
186 32 59340.482540
223 32 49180.463575
224 32 -3625.659516
225 32 -17213.161958
19 33 187.904134
20 33 4838.116615
21 33 -10552.412851
25 33 -10424.131644
26 33 4169.652720
27 33 29383.698615
31 33 -222413.847768
32 33 88587.890140
33 33 585558.500716
34 33 138577.496269
35 33 -55430.999334
36 33 150602.712216
181 33 -15261.749329
186 33 254871.207925
223 33 86065.808507
224 33 -17213.161958
225 33 -13074.440562
31 34 -64813.907884
32 34 25925.563540
33 34 138577.496269
34 34 4830642.966051
35 34 -4323975.201230
36 34 -2068151.593080
228 34 -375793.004404
229 34 169106.847502
230 34 56368.952901
1591 34 -2603074.997514
1592 34 441943.346174
1593 34 780896.587652
1594 34 -18.375592
1595 34 -10.524292
1596 34 -13.842207
1609 34 -1726811.644727
1610 34 690688.109272
1611 34 -501501.516603
31 35 25925.563540
32 35 -31601.429594
33 35 -55430.999334
34 35 -4323975.201230
35 35 5161354.120195
36 35 1542750.988183
227 35 46381.064465
228 35 169106.847502
229 35 -49517.310221
230 35 -25366.028133
231 35 6957.159946
1591 35 3410534.145510
1592 35 -725176.309680
1593 35 -1023151.818792
1594 35 10.524292
1595 35 5.815584
1609 35 690688.109272
1610 35 -339923.171387
1611 35 200586.869199
31 36 -93207.761523
32 36 37283.105165
33 36 150602.712216
34 36 -2068151.593080
35 36 1542750.988183
36 36 1664892.110446
226 36 -7178.580666
228 36 56368.952901
229 36 -25366.028133
230 36 -3233.780364
231 36 -3230.361214
1591 36 780896.587652
1592 36 -132591.474639
1593 36 -307334.195299
1594 36 13.842207
1596 36 6.520545
1609 36 1330336.312559
1610 36 -532120.792521
1611 36 258818.600799
4 37 -15532.409362
5 37 39907.404069
6 37 3106.481919
37 37 5541762.260821
38 37 -1550652.872917
39 37 -1102324.745647
40 37 714.619722
41 37 285.847893
42 37 -12984.417166
61 37 -5229226.451644
62 37 -3268607.295458
63 37 1045845.305913
73 37 -20501.341750
74 37 -8200.536822
75 37 56687.370071
418 37 -131733.387286
419 37 -19760.008878
420 37 32933.346821
4 38 -44567.127063
5 38 66307.079610
6 38 8913.425545
37 38 -1550652.872917
38 38 980456.950085
39 38 314188.335697
40 38 285.847893
41 38 -9843.024569
42 38 -5193.766944
61 38 1699839.297628
62 38 878271.520401
63 38 -339967.864591
73 38 -8200.536822
74 38 -18620.562169
75 38 22674.948366
182 38 1636.207340
186 38 8835.519792
418 38 -19760.008878
419 38 -1047.733771
420 38 4940.002220
4 39 3106.481919
5 39 -7981.480933
6 39 -15014.710691
37 39 -1102324.745647
38 39 314188.335697
39 39 672897.246411
40 39 12627.107305
41 39 5050.842997
42 39 35905.654655
61 39 1045845.305913
62 39 653721.468833
63 39 -301505.104637
73 39 -46436.699196
74 39 -18574.679955
75 39 82227.472783
181 39 -4387.816959
186 39 4826.598628
418 39 32933.346821
419 39 4940.002220
420 39 -3189.407216
7 40 -15532.409362
8 40 39907.404069
9 40 4659.722994
37 40 714.619722
38 40 285.847893
39 40 12627.107305
40 40 5580414.554902
41 40 -1535191.955054
42 40 -1727856.436252
43 40 -69159.480462
44 40 -27663.792597
45 40 -97147.472648
64 40 -5229226.451644
65 40 -3268607.295458
66 40 1568767.997830
415 40 -131733.387286
416 40 -19760.008878
417 40 32933.346821
7 41 -44567.127063
8 41 66307.079610
9 41 13370.138650
37 41 285.847893
38 41 -9843.024569
39 41 5050.842997
40 41 -1535191.955054
41 41 991920.212493
42 41 437418.135460
43 41 -27663.792597
44 41 -32735.706442
45 41 -38858.989638
64 41 1699839.297628
65 41 878271.520401
66 41 -509951.809552
182 41 1636.207340
186 41 17998.280740
415 41 -19760.008878
416 41 -1047.733771
417 41 4940.002220
7 42 4659.722994
8 42 -11972.221696
9 42 -15791.331251
37 42 -12984.417166
38 42 -5193.766944
39 42 35905.654655
40 42 -1727856.436252
41 42 437418.135460
42 42 1047385.805595
43 42 131727.212879
44 42 52690.885937
45 42 135780.250864
64 42 1568767.997830
65 42 980582.227602
66 42 -562966.458388
181 42 -4387.816959
186 42 4826.598628
415 42 32933.346821
416 42 4940.002220
417 42 -3189.407216
10 43 -15532.409362
11 43 39907.404069
12 43 4659.722994
40 43 -69159.480462
41 43 -27663.792597
42 43 131727.212879
43 43 5581273.794137
44 43 -1534848.259355
45 43 -1594149.229287
67 43 -5229226.451644
68 43 -3268607.295458
69 43 1568767.997830
118 43 -2279.010807
119 43 -911.604336
120 43 -19136.781010
412 43 -131733.387286
413 43 -19760.008878
414 43 32933.346821
10 44 -44567.127063
11 44 66307.079610
12 44 13370.138650
40 44 -27663.792597
41 44 -32735.706442
42 44 52690.885937
43 44 -1534848.259355
44 44 992791.501364
45 44 490901.019043
67 44 1699839.297628
68 44 878271.520401
69 44 -509951.809552
118 44 -911.604336
119 44 -11441.978597
120 44 -7654.712518
182 44 1636.207340
186 44 23152.333237
412 44 -19760.008878
413 44 -1047.733771
414 44 4940.002220
10 45 4659.722994
11 45 -11972.221696
12 45 -15791.331251
40 45 -97147.472648
41 45 -38858.989638
42 45 135780.250864
43 45 -1594149.229287
44 45 490901.019043
45 45 985011.451659
67 45 1568767.997830
68 45 980582.227602
69 45 -562966.458388
118 45 20276.286413
119 45 8110.514686
120 45 45808.570568
181 45 -4387.816959
186 45 4826.598628
412 45 32933.346821
413 45 4940.002220
414 45 -3189.407216
46 46 501103.702992
47 46 122232.387748
48 46 -133398.234569
55 46 -34153.474350
56 46 -6830.694972
57 46 -36593.184757
398 46 -59.375000
399 46 -459.213894
609 46 -383715.697806
610 46 -76743.140705
611 46 76743.140705
2107 46 -67035.128794
2108 46 35748.358684
2109 46 13434.852113
2111 46 -178.125003
2112 46 -320.083124
46 47 122232.387748
47 47 62195.456582
48 47 -31107.583159
55 47 -6830.694972
56 47 -3584.819383
57 47 -7318.637060
400 47 -3.325001
608 47 18554.226694
609 47 -76743.140705
610 47 -8404.590611
611 47 15348.628370
612 47 3710.845394
2107 47 -35748.358684
2108 47 12556.804991
2109 47 7149.671843
2113 47 -3.325001
46 48 -133398.234569
47 48 -31107.583159
48 48 85889.142574
55 48 36593.184757
56 48 7318.637060
57 48 33837.814039
397 48 -54.365833
401 48 13.210783
607 48 -18554.226694
609 48 76743.140705
610 48 15348.628370
611 48 -8404.590611
612 48 3710.845394
2107 48 13434.852113
2108 48 -7149.671843
2109 48 -5458.010496
2110 48 -23.563870
2114 48 7.570471
49 49 533158.541774
50 49 -128515.322421
51 49 -128515.357017
379 49 -59.375000
380 49 59.375000
381 49 -918.427261
591 49 -383715.697806
592 49 76743.140705
593 49 76743.140705
2089 49 -67035.337162
2090 49 13434.893718
2091 49 -35748.433846
2092 49 -178.125003
2094 49 -320.082942
2107 49 -67035.128794
2108 49 -35748.358684
2109 49 13434.852113
2111 49 178.125003
2112 49 -320.083124
49 50 -128515.322421
50 50 63998.669055
51 50 30131.007634
380 50 54.365788
382 50 9.885770
590 50 18554.226694
591 50 76743.140705
592 50 -8404.590611
593 50 -15348.628370
594 50 3710.845394
2089 50 13434.893718
2090 50 -5458.021529
2091 50 7149.686876
2093 50 23.563844
2095 50 7.570465
2107 50 35748.358684
2108 50 12556.804991
2109 50 -7149.671843
2113 50 -3.325001
49 51 -128515.357017
50 51 30131.007634
51 51 63998.683638
379 51 -54.365833
383 51 9.885786
589 51 -18554.226694
591 51 76743.140705
592 51 -15348.628370
593 51 -8404.590611
594 51 -3710.845394
2089 51 35748.433846
2090 51 -7149.686876
2091 51 12556.821237
2096 51 -3.324998
2107 51 13434.852113
2108 51 7149.671843
2109 51 -5458.010496
2110 51 -23.563870
2114 51 7.570471
52 52 533158.170982
53 52 -128515.248118
54 52 128515.225291
385 52 59.375000
386 52 59.375000
387 52 -918.428315
597 52 -383715.697806
598 52 76743.140705
599 52 -76743.140705
2089 52 -67034.953344
2090 52 13434.817092
2091 52 35748.300765
2092 52 178.125003
2094 52 -320.083305
2098 52 -67035.128794
2099 52 -35748.358684
2100 52 -13434.852113
2102 52 178.125003
2103 52 -320.083124
52 53 -128515.248118
53 53 63998.649153
54 53 -30130.981289
386 53 54.365878
388 53 9.885796
596 53 18554.226694
597 53 76743.140705
598 53 -8404.590611
599 53 15348.628370
600 53 -3710.845394
2089 53 13434.817092
2090 53 -5458.000780
2091 53 -7149.660260
2093 53 23.563895
2095 53 7.570477
2098 53 35748.358684
2099 53 12556.804991
2100 53 7149.671843
2104 53 -3.325001
52 54 128515.225291
53 54 -30130.981289
54 54 63998.637133
385 54 -54.365833
389 54 9.885780
595 54 -18554.226694
597 54 -76743.140705
598 54 15348.628370
599 54 -8404.590611
600 54 -3710.845394
2089 54 -35748.300765
2090 54 7149.660260
2091 54 12556.796034
2096 54 -3.325004
2098 54 -13434.852113
2099 54 -7149.671843
2100 54 -5458.010496
2101 54 -23.563870
2105 54 7.570471
46 55 -34153.474350
47 55 -6830.694972
48 55 36593.184757
55 55 501103.702992
56 55 122232.387748
57 55 133398.234569
392 55 -59.375000
393 55 -459.213894
603 55 -383715.697806
604 55 -76743.140705
605 55 -76743.140705
2098 55 -67035.128794
2099 55 35748.358684
2100 55 -13434.852113
2102 55 -178.125003
2103 55 -320.083124
46 56 -6830.694972
47 56 -3584.819383
48 56 7318.637060
55 56 122232.387748
56 56 62195.456582
57 56 31107.583159
394 56 -3.325001
602 56 18554.226694
603 56 -76743.140705
604 56 -8404.590611
605 56 -15348.628370
606 56 -3710.845394
2098 56 -35748.358684
2099 56 12556.804991
2100 56 -7149.671843
2104 56 -3.325001
46 57 -36593.184757
47 57 -7318.637060
48 57 33837.814039
55 57 133398.234569
56 57 31107.583159
57 57 85889.142574
391 57 -54.365833
395 57 13.210783
601 57 -18554.226694
603 57 -76743.140705
604 57 -15348.628370
605 57 -8404.590611
606 57 3710.845394
2098 57 -13434.852113
2099 57 7149.671843
2100 57 -5458.010496
2101 57 -23.563870
2105 57 7.570471
28 58 -5229226.451644
29 58 2091690.611826
30 58 -1699839.297628
58 58 5467324.402047
59 58 -2181058.852783
60 58 -3325874.251170
260 58 44.531251
261 58 -389.520421
841 58 -131733.387286
842 58 32933.346821
843 58 19760.008878
1666 58 -86419.093476
1667 58 -51080.952153
1668 58 30293.350426
1688 58 133.593756
1689 58 -256.182636
28 59 2091690.611826
29 59 -929012.297535
30 59 679935.729183
58 59 -2181058.852783
59 59 990265.558789
60 59 1332318.623786
182 59 4387.816959
186 59 658.172570
262 59 -2.755000
841 59 32933.346821
842 59 -3189.407216
843 59 -4940.002220
1666 59 51080.952153
1667 59 19845.865411
1668 59 -17878.332949
1690 59 -2.755000
28 60 3268607.295458
29 60 -1307442.937666
30 60 878271.520401
58 60 -3325874.251170
59 60 1332318.623786
60 60 2254740.984736
181 60 -1636.207340
186 60 27242.851587
259 60 -25.135203
263 60 6.211341
841 60 19760.008878
842 60 -4940.002220
843 60 -1047.733771
1666 60 30293.350426
1667 60 17878.332949
1668 60 -17153.157942
1687 60 -11.185597
1691 60 3.474205
37 61 -5229226.451644
38 61 1699839.297628
39 61 1045845.305913
61 61 5614653.427727
62 61 3377278.011962
63 61 -1069762.745359
354 61 -707.243925
886 61 -131733.387286
887 61 -19760.008878
888 61 32933.346821
1756 61 -96461.447835
1757 61 -33804.553031
1758 61 -54909.059688
1777 61 -133.593756
1779 61 -250.223205
1783 61 -127005.424543
1784 61 -44486.023759
1785 61 65830.064956
1792 61 133.593756
1794 61 -236.527031
37 62 -3268607.295458
38 62 878271.520401
39 62 653721.468833
61 62 3377278.011962
62 62 2281126.055911
63 62 -655597.639170
182 62 1636.207340
186 62 8835.519792
353 62 46.771708
355 62 11.407429
886 62 -19760.008878
887 62 -1047.733771
888 62 4940.002220
1756 62 -33804.553031
1757 62 -18633.715990
1758 62 -19218.170563
1778 62 10.735212
1780 62 3.371652
1783 62 -44486.023759
1784 62 -23046.105522
1785 62 23040.522342
1793 62 9.655256
1795 62 3.130833
37 63 1045845.305913
38 63 -339967.864591
39 63 -301505.104637
61 63 -1069762.745359
62 63 -655597.639170
63 63 408850.358209
181 63 -4387.816959
186 63 658.172570
356 63 -5.094375
886 63 32933.346821
887 63 4940.002220
888 63 -3189.407216
1756 63 54909.059688
1757 63 19218.170563
1758 63 20584.413643
1781 63 -2.660000
1783 63 -65830.064956
1784 63 -23040.522342
1785 63 22556.864327
1796 63 -2.434375
40 64 -5229226.451644
41 64 1699839.297628
42 64 1568767.997830
64 64 5769152.138154
65 64 3431373.623641
66 64 -1660344.977806
348 64 -605.133291
883 64 -131733.387286
884 64 -19760.008878
885 64 32933.346821
1726 64 -283968.286547
1727 64 -99397.817778
1728 64 -112231.163202
1741 64 -133.593756
1743 64 -206.435673
1747 64 -96461.447835
1748 64 -33804.553031
1749 64 54909.059688
1759 64 133.593756
1761 64 -250.223205
40 65 -3268607.295458
41 65 878271.520401
42 65 980582.227602
64 65 3431373.623641
65 65 2302277.800547
66 65 -1006185.104547
182 65 1636.207340
186 65 17998.280740
347 65 42.128593
349 65 10.001554
883 65 -19760.008878
884 65 -1047.733771
885 65 4940.002220
1726 65 -99397.817778
1727 65 -44640.771762
1728 65 -39280.906452
1742 65 6.862009
1744 65 2.553678
1747 65 -33804.553031
1748 65 -18633.715990
1749 65 19218.170563
1760 65 10.735212
1762 65 3.371652
40 66 1568767.997830
41 66 -509951.809552
42 66 -562966.458388
64 66 -1660344.977806
65 66 -1006185.104547
66 66 684291.482936
181 66 -4387.816959
186 66 658.172570
350 66 -4.530313
883 66 32933.346821
884 66 4940.002220
885 66 -3189.407216
1726 66 112231.163202
1727 66 39280.906452
1728 66 29489.463116
1745 66 -1.870314
1747 66 -54909.059688
1748 66 -19218.170563
1749 66 20584.413643
1763 66 -2.660000
43 67 -5229226.451644
44 67 1699839.297628
45 67 1568767.997830
67 67 5793299.495801
68 67 3439833.305637
69 67 -1556493.576415
342 67 -572.183458
880 67 -131733.387286
881 67 -19760.008878
882 67 32933.346821
1720 67 -283968.286547
1721 67 -99397.817778
1722 67 112231.163202
1729 67 133.593756
1731 67 -206.435673
1882 67 -121432.683138
1883 67 -42537.006279
1884 67 -63907.761429
1903 67 -133.593756
1905 67 -238.641829
43 68 -3268607.295458
44 68 878271.520401
45 68 980582.227602
67 68 3439833.305637
68 68 2305745.969427
69 68 -969837.114680
182 68 1636.207340
186 68 23152.333237
341 68 40.532075
343 68 9.536667
880 68 -19760.008878
881 68 -1047.733771
882 68 4940.002220
1720 68 -99397.817778
1721 68 -44640.771762
1722 68 39280.906452
1730 68 6.862009
1732 68 2.553678
1882 68 -42537.006279
1883 68 -22249.594785
1884 68 -22367.716119
1904 68 9.826848
1906 68 3.168570
43 69 1568767.997830
44 69 -509951.809552
45 69 -562966.458388
67 69 -1556493.576415
68 69 -969837.114680
69 69 687436.212200
181 69 -4387.816959
186 69 658.172570
344 69 -4.340314
880 69 32933.346821
881 69 4940.002220
882 69 -3189.407216
1720 69 -112231.163202
1721 69 -39280.906452
1722 69 29489.463116
1733 69 -1.870314
1882 69 63907.761429
1883 69 22367.716119
1884 69 22222.556502
1907 69 -2.470000
16 70 -5229226.451644
17 70 -1568767.997830
18 70 -1699839.297628
70 70 5555560.461188
71 70 1608140.233830
72 70 -3356572.233795
255 70 -799.287685
838 70 -131733.387286
839 70 -32933.346821
840 70 19760.008878
1630 70 -75643.760063
1631 70 -46809.398891
1632 70 26526.415337
1652 70 133.593756
1653 70 -263.767931
1657 70 -86419.093476
1658 70 51080.952153
1659 70 30293.350426
1670 70 -133.593756
1671 70 -256.182636
16 71 -1568767.997830
17 71 -562966.458388
18 71 -509951.809552
70 71 1608140.233830
71 71 662487.102439
72 71 -987913.444467
182 71 4387.816959
186 71 658.172570
256 71 -5.628750
838 71 -32933.346821
839 71 -3189.407216
840 71 4940.002220
1630 71 46809.398891
1631 71 18987.213102
1632 71 -16383.289333
1654 71 -2.873750
1657 71 -51080.952153
1658 71 19845.865411
1659 71 17878.332949
1672 71 -2.755000
16 72 3268607.295458
17 72 980582.227602
18 72 878271.520401
70 72 -3356572.233795
71 72 -987913.444467
72 72 2272556.382820
181 72 -1636.207340
186 72 18570.953933
253 72 -51.276039
257 72 12.711157
838 72 19760.008878
839 72 4940.002220
840 72 -1047.733771
1630 72 26526.415337
1631 72 16383.289333
1632 72 -15542.854014
1651 72 -11.745521
1655 72 3.603213
1657 72 30293.350426
1658 72 -17878.332949
1659 72 -17153.157942
1669 72 -11.185597
1673 72 3.474205
37 73 -20501.341750
38 73 -8200.536822
39 73 -46436.699196
73 73 8902155.170095
74 73 -205826.107556
75 73 -973792.800857
76 73 -15663.696506
77 73 40026.939046
78 73 7248.044971
79 73 -5229226.451644
80 73 -3268607.295458
81 73 2091690.611826
82 73 -3403012.897469
83 73 -1361205.179271
84 73 2297487.496116
421 73 -131733.387286
422 73 -19760.008878
423 73 32933.346821
37 74 -8200.536822
38 74 -18620.562169
39 74 -18574.679955
73 74 -205826.107556
74 74 1585119.067265
75 74 1115421.838702
76 74 -44929.676090
77 74 66714.426277
78 74 19964.493196
79 74 1699839.297628
80 74 878271.520401
81 74 -679935.729183
82 74 -1361205.179271
83 74 -624431.085576
84 74 918995.012141
182 74 1636.207340
186 74 2127.069464
421 74 -19760.008878
422 74 -1047.733771
423 74 4940.002220
37 75 56687.370071
38 75 22674.948366
39 75 82227.472783
73 75 -973792.800857
74 75 1115421.838702
75 75 1844984.936033
76 75 5173.266557
77 75 -14045.508067
78 75 -16833.888002
79 75 2091690.611826
80 75 1307442.937666
81 75 -929012.297535
82 75 -1276583.586308
83 75 -510633.442132
84 75 702153.089392
181 75 -4387.816959
186 75 4826.598628
421 75 32933.346821
422 75 4940.002220
423 75 -3189.407216
16 76 2815.084920
17 76 7644.959622
18 76 -1126.033985
73 76 -15663.696506
74 76 -44929.676090
75 76 5173.266557
76 76 242213.536007
77 76 46070.938950
78 76 -65597.096220
424 76 -131733.387286
425 76 -32933.346821
426 76 19760.008878
16 77 -6237.417162
17 77 26375.905197
18 77 2494.966902
73 77 40026.939046
74 77 66714.426277
75 77 -14045.508067
76 77 46070.938950
77 77 339774.203405
78 77 -7280.678000
182 77 4387.816959
186 77 4826.598628
424 77 -32933.346821
425 77 -3189.407216
426 77 4940.002220
16 78 -1126.033985
17 78 -3057.983894
18 78 -8427.919623
73 78 7248.044971
74 78 19964.493196
75 78 -16833.888002
76 78 -65597.096220
77 78 -7280.678000
78 78 59780.208411
181 78 -1636.207340
186 78 8671.899214
424 78 19760.008878
425 78 4940.002220
426 78 -1047.733771
73 79 -5229226.451644
74 79 1699839.297628
75 79 2091690.611826
79 79 5635362.516047
80 79 3384533.305397
81 79 -2130844.072937
136 79 -117891.150498
137 79 -41298.423777
138 79 62671.118690
241 79 133.593756
243 79 -240.062315
375 79 -678.439909
895 79 -131733.387286
896 79 -19760.008878
897 79 32933.346821
1789 79 -127005.499886
1790 79 -44486.050106
1791 79 -65830.093971
1804 79 -133.593756
1806 79 -236.526998
73 80 -3268607.295458
74 80 878271.520401
75 80 1307442.937666
79 80 3384533.305397
80 80 2284104.768970
81 80 -1314743.451139
136 80 -41298.423777
137 80 -21741.621432
138 80 21934.891168
182 80 1636.207340
186 80 2127.069464
242 80 9.941005
244 80 3.193792
374 80 45.374139
376 80 11.000816
895 80 -19760.008878
896 80 -1047.733771
897 80 4940.002220
1789 80 -44486.050106
1790 80 -23046.116945
1791 80 -23040.532497
1805 80 9.655253
1807 80 3.130832
73 81 2091690.611826
74 81 -679935.729183
75 81 -929012.297535
79 81 -2130844.072937
80 81 -1314743.451139
81 81 1040025.884211
136 81 -62671.118690
137 81 -21934.891168
138 81 22004.767735
181 81 -4387.816959
186 81 658.172570
245 81 -2.493750
377 81 -4.928125
895 81 32933.346821
896 81 4940.002220
897 81 -3189.407216
1789 81 65830.093971
1790 81 23040.532497
1791 81 22556.866316
1808 81 -2.434375
73 82 -3403012.897469
74 82 -1361205.179271
75 82 -1276583.586308
82 82 3799161.183629
83 82 1365933.668843
84 82 -2420687.940843
136 82 -160421.065717
137 82 -76829.597627
138 82 56174.063366
241 82 -0.000005
242 82 133.593756
243 82 -226.269537
244 82 0.000000
245 82 -0.000000
246 82 -0.000000
439 82 -0.000002
440 82 -0.000005
441 82 -636.568805
442 82 0.000000
443 82 0.000000
444 82 -0.000000
913 82 -79040.032371
914 82 -11856.005327
915 82 11856.005327
1693 82 -127005.424515
1694 82 65830.064956
1695 82 44486.023161
1702 82 -0.000001
1703 82 -133.593771
1704 82 -236.527067
1705 82 0.000000
1706 82 0.000000
1707 82 -0.000000
73 83 -1361205.179271
74 83 -624431.085576
75 83 -510633.442132
82 83 1365933.668843
83 83 725717.711693
84 83 -918550.983856
136 83 76829.597627
137 83 24380.811178
138 83 -26890.357438
182 83 981.724386
186 83 147.258627
241 83 0.000000
242 83 0.000000
243 83 -0.000000
244 83 -2.256250
245 83 -0.000000
246 83 0.000000
439 83 0.000001
440 83 0.000000
441 83 -0.000000
442 83 -4.690626
443 83 -0.000000
444 83 -0.000000
913 83 -11856.005327
914 83 -628.640284
915 83 1778.400870
1693 83 -65830.064956
1694 83 22556.864327
1695 83 23040.522069
1702 83 -0.000000
1703 83 0.000000
1704 83 -0.000000
1705 83 -2.434376
1706 83 0.000000
1707 83 -0.000000
73 84 2297487.496116
74 84 918995.012141
75 84 702153.089392
82 84 -2420687.940843
83 84 -918550.983856
84 84 1770964.073338
136 84 56174.069391
137 84 26890.359985
138 84 -27761.425396
181 84 -981.724386
186 84 1079.896819
241 84 -8.790162
242 84 -0.000000
243 84 0.000000
244 84 -0.000000
245 84 2.944043
246 84 0.000000
439 84 -43.393886
440 84 -0.000001
441 84 -0.000000
442 84 -0.000000
443 84 10.415606
444 84 0.000000
913 84 11856.005327
914 84 1778.400870
915 84 -628.640284
1693 84 44486.024357
1694 84 -23040.522615
1695 84 -23046.105522
1702 84 -9.655257
1703 84 0.000000
1704 84 -0.000000
1705 84 0.000000
1706 84 3.130833
1707 84 0.000000
10 85 -3239.402510
11 85 -971.820792
12 85 22862.308335
85 85 461990.430228
86 85 88851.720230
87 85 -153964.556336
88 85 -2747.240207
89 85 -824.172095
90 85 -21937.529708
94 85 3397.438340
95 85 5786.951443
96 85 820.963907
118 85 -15532.409362
119 85 -44567.127063
120 85 4659.722994
193 85 -245902.314209
194 85 -49180.463575
195 85 86065.808507
10 86 -971.820792
11 86 -11677.179553
12 86 6858.692773
85 86 88851.720230
86 86 371021.859575
87 86 -26843.747731
88 86 -824.172095
89 86 -11477.195500
90 86 -6581.259174
94 86 -4421.181271
95 86 22256.312235
96 86 -135.325642
118 86 39907.404069
119 86 66307.079610
120 86 -11972.221696
182 86 5345.989421
186 86 103979.496244
193 86 -49180.463575
194 86 -3625.659516
195 86 17213.161958
10 87 -20918.666751
11 87 -6275.600275
12 87 50606.029692
85 87 -153964.556336
86 87 -26843.747731
87 87 462635.045732
88 87 21937.529708
89 87 6581.259174
90 87 66508.420626
94 87 -1126.733320
95 87 -986.178687
96 87 -8716.301414
118 87 4659.722994
119 87 13370.138650
120 87 -15791.331251
181 87 -15261.749329
186 87 80124.186933
193 87 86065.808507
194 87 17213.161958
195 87 -13074.440562
85 88 -2747.240207
86 88 -824.172095
87 88 21937.529708
88 88 471158.167028
89 88 91302.173306
90 88 142456.113069
91 88 -20501.349744
92 88 -6150.405168
93 88 -52587.114686
97 88 3419.055080
98 88 5727.854388
99 88 1025.716565
124 88 -15532.409362
125 88 -44567.127063
126 88 -4659.722994
196 88 -245902.314209
197 88 -49180.463575
198 88 -86065.808507
85 89 -824.172095
86 89 -11477.195500
87 89 6581.259174
88 89 91302.173306
89 89 373909.889225
90 89 26493.739055
91 89 -6150.405168
92 89 -17185.471047
93 89 -15776.135033
97 89 -4360.232336
98 89 22080.564664
99 89 -1308.069753
124 89 39907.404069
125 89 66307.079610
126 89 11972.221696
182 89 5345.989421
186 89 132580.535631
196 89 -49180.463575
197 89 -3625.659516
198 89 -17213.161958
85 90 -21937.529708
86 90 -6581.259174
87 90 66508.420626
88 90 142456.113069
89 90 26493.739055
90 90 483230.585795
91 90 46436.709518
92 90 13931.013409
93 90 72940.135600
97 90 1025.716565
98 90 1718.356385
99 90 -8141.853959
124 90 -4659.722994
125 90 -13370.138650
126 90 -15791.331251
181 90 -15261.749329
186 90 80124.186933
196 90 -86065.808507
197 90 -17213.161958
198 90 -13074.440562
88 91 -20501.349744
89 91 -6150.405168
90 91 46436.709518
91 91 1005909.616617
92 91 338526.732576
93 91 -237961.191246
100 91 1543.503117
101 91 11034.834933
102 91 463.050954
130 91 -15532.409362
131 91 -44567.127063
132 91 -4659.722994
172 91 -579712.584855
173 91 -173913.782367
174 91 -566687.661220
199 91 -237120.097114
200 91 -106704.040875
201 91 -35568.015980
88 92 -6150.405168
89 92 -17185.471047
90 92 13931.013409
91 92 338526.732576
92 92 625360.856037
93 92 -65697.410642
100 92 -9645.682165
101 92 36960.971874
102 92 -2893.704764
130 92 39907.404069
131 92 66307.079610
132 92 11972.221696
172 92 -173913.782367
173 92 -96214.859910
174 92 -170006.305121
182 92 22826.416401
186 92 659683.416431
199 92 -106704.040875
200 92 -23505.533222
201 92 -16005.606767
88 93 -52587.114686
89 93 -15776.135033
90 93 72940.135600
91 93 -237961.191246
92 93 -65697.410642
93 93 603286.049354
100 93 463.050954
101 93 3310.450612
102 93 -9439.608068
130 93 -4659.722994
131 93 -13370.138650
132 93 -15791.331251
172 93 392773.878853
173 93 117832.168338
174 93 294769.312024
181 93 -2945.173248
186 93 16198.453390
199 93 -35568.015980
200 93 -16005.606767
201 93 -1885.920745
85 94 3397.438340
86 94 -4421.181271
87 94 -1126.733320
94 94 4947261.427219
95 94 3336036.511423
96 94 2205271.457503
97 94 1789.410448
98 94 357.882095
99 94 -9708.379166
211 94 -245902.314209
212 94 -86065.808507
213 94 -49180.463575
1534 94 -1967965.983218
1535 94 -393571.154590
1536 94 413944.544226
1549 94 -18.375622
1550 94 10.524278
1551 94 13.842236
1552 94 -2603074.997423
1553 94 78661.703476
1554 94 -520594.024000
85 95 5786.951443
86 95 22256.312235
87 95 -986.178687
94 95 3336036.511423
95 95 3708685.541481
96 95 913358.369220
97 95 357.882095
98 95 -9385.117564
99 95 -1941.675862
182 95 15261.749329
186 95 293788.686180
211 95 -86065.808507
212 95 -13074.440562
213 95 -17213.161958
1534 95 -393571.154590
1535 95 -145222.650353
1536 95 82782.039851
1549 95 -10.524278
1550 95 5.815581
1552 95 -2889929.095819
1553 95 -58801.861006
1554 95 -577980.184102
85 96 820.963907
86 96 -135.325642
87 96 -8716.301414
94 96 2205271.457503
95 96 913358.369220
96 96 1894258.173466
97 96 10424.143356
98 96 2084.828702
99 96 30426.128780
181 96 -5345.989421
186 96 61746.176760
211 96 -49180.463575
212 96 -17213.161958
213 96 -3625.659516
1534 96 -1673396.339256
1535 96 -334672.402611
1536 96 218802.822376
1549 96 -13.842236
1551 96 6.520550
1552 96 -520594.024000
1553 96 15726.697255
1554 96 -177182.909598
88 97 3419.055080
89 97 -4360.232336
90 97 1025.716565
94 97 1789.410448
95 97 357.882095
96 97 10424.143356
97 97 465281.047555
98 97 152949.311695
99 97 85244.729930
100 97 -20501.349744
101 97 -4100.270010
102 97 -52587.114686
109 97 -6761.488038
110 97 29658.838041
111 97 -2028.446492
214 97 -245902.314209
215 97 -86065.808507
216 97 -49180.463575
88 98 5727.854388
89 98 22080.564664
90 98 1718.356385
94 98 357.882095
95 98 -9385.117564
96 98 2084.828702
97 98 152949.311695
98 98 460994.465933
99 98 31328.342370
100 98 -4100.270010
101 98 -16160.403437
102 98 -10517.423094
109 98 -31687.284331
110 98 75314.185754
111 98 -9506.185677
182 98 15261.749329
186 98 380780.639889
214 98 -86065.808507
215 98 -13074.440562
216 98 -17213.161958
88 99 1025.716565
89 99 -1308.069753
90 99 -8141.853959
94 99 -9708.379166
95 99 -1941.675862
96 99 30426.128780
97 99 85244.729930
98 99 31328.342370
99 99 377065.455306
100 99 46436.709518
101 99 9287.342042
102 99 72940.135600
109 99 -2028.446492
110 99 8897.651766
111 99 -12999.111159
181 99 -5345.989421
186 99 61746.176760
214 99 -49180.463575
215 99 -17213.161958
216 99 -3625.659516
91 100 1543.503117
92 100 -9645.682165
93 100 463.050954
97 100 -20501.349744
98 100 -4100.270010
99 100 46436.709518
100 100 11910437.854865
101 100 2490688.322635
102 100 -2714146.576187
103 100 -11491402.792447
104 100 -2298280.592736
105 100 -6320479.580424
112 100 -20501.328582
113 100 64887.880208
114 100 -6150.398819
217 100 -237120.097114
218 100 -106704.040875
219 100 -35568.015980
91 101 11034.834933
92 101 36960.971874
93 101 3310.450612
97 101 -4100.270010
98 101 -16160.403437
99 101 9287.342042
100 101 2490688.322635
101 101 1146580.437492
102 101 -519141.110647
103 101 -2298280.592736
104 101 -579832.567342
105 101 -1264095.934921
112 101 -64887.880208
113 101 159201.220569
114 101 -19466.364836
182 101 22826.416401
186 101 659683.416431
217 101 -106704.040875
218 101 -23505.533222
219 101 -16005.606767
91 102 463.050954
92 102 -2893.704764
93 102 -9439.608068
97 102 -52587.114686
98 102 -10517.423094
99 102 72940.135600
100 102 -2714146.576187
101 102 -519141.110647
102 102 1206790.035877
103 102 2873058.605702
104 102 574611.729703
105 102 1340771.411036
112 102 -6150.398819
113 102 19466.364836
114 102 -17185.464082
181 102 -2945.173248
186 102 34311.267741
217 102 -35568.015980
218 102 -16005.606767
219 102 -1885.920745
100 103 -11491402.792447
101 103 -2298280.592736
102 103 2873058.605702
103 103 11602838.808607
104 103 2320567.796301
105 103 6338606.567143
370 103 -105386.703285
371 103 -21077.340971
