14 14 46
1 1 1.570880
4 1 -94.252800
5 1 0.785440
2 2 12566400.000000
6 2 -6283200.000000
3 3 0.608806
7 3 -0.304403
1 4 -94.252800
4 4 15080.448000
8 4 -7540.224000
9 4 94.252800
1 5 0.785440
5 5 3.141760
8 5 -94.252800
9 5 0.785440
2 6 -6283200.000000
6 6 12566400.000000
10 6 -6283200.000000
3 7 -0.304403
7 7 0.608806
11 7 -0.304403
4 8 -7540.224000
5 8 -94.252800
8 8 15080.448000
12 8 -7540.224000
13 8 94.252800
4 9 94.252800
5 9 0.785440
9 9 3.141760
12 9 -94.252800
13 9 0.785440
6 10 -6283200.000000
10 10 12566400.000000
7 11 -0.304403
11 11 0.608806
8 12 -7540.224000
9 12 -94.252800
12 12 15080.448000
14 12 94.252800
8 13 94.252800
9 13 0.785440
13 13 3.141760
14 13 0.785440
12 14 94.252800
13 14 0.785440
14 14 1.570880