1919 1919 32399
1 1 0.244769
2 1 -0.129964
4 1 -0.103655
676 1 0.008705
677 1 0.008669
678 1 0.008861
1297 1 -0.009262
1298 1 -0.009414
1 2 -0.129964
2 2 0.319901
5 2 -0.171489
676 2 0.011381
678 2 0.011157
679 2 0.011150
1297 2 0.009262
1298 2 0.009414
3 3 0.189217
4 3 -0.089182
8 3 -0.090372
677 3 0.008081
680 3 0.008043
681 3 0.008216
1297 3 -0.007641
1299 3 -0.007630
1300 3 -0.007815
1 4 -0.103655
3 4 -0.089182
4 4 0.465468
5 4 -0.142477
9 4 -0.126676
676 4 -0.007860
677 4 0.001973
678 4 0.001550
681 4 0.009528
682 4 0.009728
1297 4 -0.002231
1298 4 -0.009663
1299 4 0.007630
1300 4 -0.001812
1301 4 -0.009831
2 5 -0.171489
4 5 -0.142477
5 5 0.659950
6 5 -0.148387
10 5 -0.193557
676 5 -0.010275
678 5 0.001983
679 5 0.001942
682 5 0.011768
683 5 0.011821
1297 5 0.009872
1298 5 -0.000192
1300 5 0.009627
1301 5 -0.000163
1302 5 -0.009910
5 6 -0.148387
6 6 0.340720
11 6 -0.173754
679 6 0.011282
683 6 0.011274
684 6 0.011154
1298 6 0.009855
1301 6 0.009994
1302 6 0.009910
7 7 0.150744
8 7 -0.085150
13 7 -0.059301
680 7 0.006542
685 7 0.006556
1299 7 -0.007421
1303 7 -0.007454
1304 7 -0.007461
3 8 -0.090372
7 8 -0.085150
8 8 0.401371
9 8 -0.123296
14 8 -0.100605
677 8 -0.007300
680 8 0.001263
681 8 0.001040
685 8 0.008456
686 8 0.008611
1299 8 -0.001700
1300 8 -0.008934
1303 8 0.007454
1304 8 -0.001446
1305 8 -0.009068
4 9 -0.126676
8 9 -0.123296
9 9 0.592717
10 9 -0.173018
15 9 -0.164504
677 9 -0.008853
678 9 -0.008628
681 9 0.002409
682 9 0.002023
686 9 0.010770
687 9 0.011116
1299 9 0.009121
1300 9 -0.001872
1301 9 -0.010575
1304 9 0.008907
1305 9 -0.001474
1306 9 -0.010909
5 10 -0.193557
9 10 -0.173018
10 10 0.851236
11 10 -0.210726
16 10 -0.264554
678 10 -0.010891
679 10 -0.010849
682 10 0.003556
683 10 0.003215
687 10 0.013653
688 10 0.013890
1300 10 0.010806
1301 10 -0.001148
1302 10 -0.011801
1305 10 0.010542
1306 10 -0.000881
1307 10 -0.011976
6 11 -0.173754
10 11 -0.210726
11 11 0.874474
12 11 -0.165301
17 11 -0.308712
679 11 -0.010192
683 11 0.005060
684 11 0.005723
688 11 0.014835
689 11 0.014913
1301 11 0.011724
1302 11 0.001460
1306 11 0.011791
1307 11 0.000983
1308 11 -0.010680
11 12 -0.165301
12 12 0.448374
18 12 -0.255913
684 12 0.013977
689 12 0.013828
690 12 0.013478
1302 12 0.010341
1307 12 0.010993
1308 12 0.010680
7 13 -0.059301
13 13 0.201041
14 13 -0.074969
20 13 -0.065566
680 13 -0.005915
685 13 0.000837
691 13 0.007330
1303 13 -0.007009
1304 13 -0.006940
1309 13 -0.006880
1310 13 -0.007463
8 14 -0.100605
13 14 -0.074969
14 14 0.473897
15 14 -0.138901
21 14 -0.152987
680 14 -0.007711
681 14 -0.007650
685 14 0.003563
686 14 0.002599
691 14 0.010282
692 14 0.010760
1303 14 0.007009
1304 14 -0.002680
1305 14 -0.009410
1309 14 0.006880
1310 14 -0.001949
1311 14 -0.009946
9 15 -0.164504
14 15 -0.138901
15 15 0.812907
16 15 -0.246481
22 15 -0.252275
681 15 -0.009959
682 15 -0.009774
686 15 0.004354
687 15 0.003245
692 15 0.013222
693 15 0.013576
1304 15 0.009621
1305 15 -0.003527
1306 15 -0.012530
1310 15 0.009412
1311 15 -0.002554
1312 15 -0.012901
10 16 -0.264554
15 16 -0.246481
16 16 1.245163
17 16 -0.346034
23 16 -0.374133
682 16 -0.012826
683 16 -0.012561
687 16 0.004366
688 16 0.003667
693 16 0.016091
694 16 0.016210
1305 16 0.012937
1306 16 -0.002574
1307 16 -0.014934
1311 16 0.012500
1312 16 -0.001941
1313 16 -0.014944
11 17 -0.308712
16 17 -0.346034
17 17 1.464480
18 17 -0.375348
24 17 -0.419854
683 17 -0.013782
684 17 -0.014284
688 17 0.003894
689 17 0.003733
694 17 0.017075
695 17 0.017096
1306 17 0.015104
1307 17 -0.000702
1308 17 -0.015923
1312 17 0.014842
1313 17 -0.000539
1314 17 -0.015477
12 18 -0.255913
17 18 -0.375348
18 18 1.341347
19 18 -0.274433
25 18 -0.416416
684 18 -0.012636
689 18 0.004636
690 18 0.005443
695 18 0.017032
696 18 0.017002
1307 18 0.015635
1308 18 0.002653
1313 18 0.015484
1314 18 0.001865
1315 18 -0.013239
18 19 -0.274433
19 19 0.613156
26 19 -0.306492
690 19 0.014708
696 19 0.014910
697 19 0.014564
1308 19 0.013270
1314 19 0.013613
1315 19 0.013239
13 20 -0.065566
20 20 0.284956
21 20 -0.136375
28 20 -0.080848
685 20 -0.006121
691 20 0.000961
698 20 0.008293
1309 20 -0.010055
1310 20 -0.009234
1316 20 -0.009386
1317 20 -0.009818
14 21 -0.152987
20 21 -0.136375
21 21 0.811562
22 21 -0.252975
29 21 -0.257054
685 21 -0.010141
686 21 -0.009396
691 21 0.004859
692 21 0.003536
698 21 0.013220
699 21 0.013371
1309 21 0.010055
1310 21 -0.003928
1311 21 -0.012595
1316 21 0.009386
1317 21 -0.002714
1318 21 -0.012740
15 22 -0.252275
21 22 -0.252975
22 22 1.215347
23 22 -0.364997
30 22 -0.334341
686 22 -0.012750
687 22 -0.012029
692 22 0.003424
693 22 0.002826
699 22 0.015034
700 22 0.015101
1310 22 0.013162
1311 22 -0.002939
1312 22 -0.015119
1317 22 0.012532
1318 22 -0.002286
1319 22 -0.015108
16 23 -0.374133
22 23 -0.364997
23 23 1.586389
24 23 -0.435121
31 23 -0.405567
687 23 -0.015120
688 23 -0.014680
693 23 0.002173
694 23 0.001976
700 23 0.016543
701 23 0.016550
1311 23 0.015533
1312 23 -0.001511
1313 23 -0.016535
1318 23 0.015026
1319 23 -0.001300
1320 23 -0.016413
17 24 -0.419854
23 24 -0.435121
24 24 1.724113
25 24 -0.449381
32 24 -0.416411
688 24 -0.015659
689 24 -0.015577
694 24 0.001420
695 24 0.001395
701 24 0.016764
702 24 0.016767
1312 24 0.016629
1313 24 -0.000290
1314 24 -0.016831
1319 24 0.016408
1320 24 -0.000261
1321 24 -0.016677
18 25 -0.416416
24 25 -0.449381
25 25 1.723937
26 25 -0.429429
33 25 -0.424224
689 25 -0.015507
690 25 -0.015950
695 25 0.001613
696 25 0.001654
702 25 0.016920
703 25 0.016923
1313 25 0.016825
1314 25 0.000407
1315 25 -0.016788
1320 25 0.016674
1321 25 0.000362
1322 25 -0.016302
19 26 -0.306492
25 26 -0.429429
26 26 1.452595
27 26 -0.298511
34 26 -0.405195
690 26 -0.013308
696 26 0.003147
697 26 0.003807
703 26 0.016552
704 26 0.016541
1314 26 0.016423
1315 26 0.003116
1321 26 0.016315
1322 26 0.002427
1323 26 -0.013598
26 27 -0.298511
27 27 0.619380
35 27 -0.290648
697 27 0.014099
704 27 0.014267
705 27 0.014039
1315 27 0.013672
1322 27 0.013875
1323 27 0.013598
20 28 -0.080848
28 28 0.335109
29 28 -0.194181
43 28 -0.061400
691 28 -0.006878
698 28 -0.000227
712 28 0.007199
1316 28 -0.012232
1317 28 -0.010936
1324 28 -0.012339
1325 28 -0.011146
21 29 -0.257054
28 29 -0.194181
29 29 1.069365
30 29 -0.328128
44 29 -0.284990
691 29 -0.012828
692 29 -0.012023
698 29 0.002203
699 29 0.001657
712 29 0.014107
713 29 0.013691
1316 29 0.012232
1317 29 -0.003442
1318 29 -0.014175
1324 29 0.012339
1325 29 -0.002924
1326 29 -0.014092
22 30 -0.334341
29 30 -0.328128
30 30 1.368219
31 30 -0.370739
45 30 -0.332416
692 30 -0.013939
693 30 -0.013687
699 30 0.001276
700 30 0.001189
713 30 0.014761
714 30 0.014766
1317 30 0.014378
1318 30 -0.000960
1319 30 -0.015053
1325 30 0.014070
1326 30 -0.000861
1327 30 -0.014961
23 31 -0.405567
30 31 -0.370739
31 31 1.517044
32 31 -0.387543
46 31 -0.354994
693 31 -0.015157
694 31 -0.015076
700 31 0.000387
701 31 0.000374
714 31 0.015252
715 31 0.015257
1318 31 0.015135
1319 31 -0.000344
1320 31 -0.015392
1326 31 0.014954
1327 31 -0.000329
1328 31 -0.015294
24 32 -0.416411
31 32 -0.387543
32 32 1.562352
33 32 -0.392742
47 32 -0.367221
694 32 -0.015281
695 32 -0.015276
701 32 0.000446
702 32 0.000442
715 32 0.015513
716 32 0.015524
1319 32 0.015397
1320 32 -0.000105
1321 32 -0.015495
1327 32 0.015289
1328 32 -0.000100
1329 32 -0.015403
25 33 -0.424224
32 33 -0.392742
33 33 1.597933
34 33 -0.398954
48 33 -0.382724
695 33 -0.015421
696 33 -0.015433
702 33 0.000639
703 33 0.000632
716 33 0.015839
717 33 0.015844
1320 33 0.015497
1321 33 -0.000124
1322 33 -0.015631
1328 33 0.015394
1329 33 -0.000117
1330 33 -0.015520
26 34 -0.405195
33 34 -0.398954
34 34 1.573426
35 34 -0.385376
49 34 -0.382811
696 34 -0.015071
697 34 -0.015385
703 34 0.000970
704 34 0.000991
717 34 0.015845
718 34 0.015845
1321 34 0.015619
1322 34 0.000278
1323 34 -0.015636
1329 34 0.015520
1330 34 0.000256
1331 34 -0.015253
27 35 -0.290648
34 35 -0.385376
35 35 1.357964
36 35 -0.301647
50 35 -0.369754
697 35 -0.012771
704 35 0.002765
705 35 0.003150
718 35 0.015583
719 35 0.015573
1322 35 0.015353
1323 35 0.002023
1330 35 0.015264
1331 35 0.001605
1332 35 -0.013498
35 36 -0.301647
36 36 0.827229
37 36 -0.202029
51 36 -0.293462
705 36 0.013980
706 36 0.014370
719 36 0.014014
720 36 0.013963
1323 36 0.013612
1331 36 0.013649
1332 36 0.002143
1333 36 -0.011208
36 37 -0.202029
37 37 0.649467
38 37 -0.162788
52 37 -0.258177
706 37 0.013304
707 37 0.013631
720 37 0.013222
721 37 0.013168
1332 37 0.011355
1333 37 0.000900
1334 37 -0.010212
37 38 -0.162788
38 38 0.569205
39 38 -0.141507
53 38 -0.240272
707 38 0.013028
708 38 0.013281
721 38 0.012782
722 38 0.012681
1333 38 0.010308
1334 38 0.000506
1335 38 -0.009511
38 39 -0.141507
39 39 0.484705
40 39 -0.114977
54 39 -0.206996
708 39 0.012079
709 39 0.012443
722 39 0.011929
723 39 0.011882
1334 39 0.009707
1335 39 0.000680
1336 39 -0.008812
39 40 -0.114977
40 40 0.485283
41 40 -0.145214
55 40 -0.204157
709 40 0.012329
710 40 0.011942
723 40 0.011816
724 40 0.011946
1335 40 0.008832
1336 40 -0.000780
1337 40 -0.009950
40 41 -0.145214
41 41 0.608445
42 41 -0.170732
56 41 -0.265295
710 41 0.014121
711 41 0.013779
724 41 0.013287
725 41 0.013327
1336 41 0.009592
1337 41 -0.000577
1338 41 -0.010412
41 42 -0.170732
42 42 0.438146
57 42 -0.242543
711 42 0.013031
725 42 0.012839
726 42 0.012612
1337 42 0.010527
1338 42 0.010412
28 43 -0.061400
43 43 0.244464
44 43 -0.154434
64 43 -0.031196
698 43 -0.006608
712 43 -0.000738
730 43 0.005612
1324 43 -0.010873
1325 43 -0.009890
1339 43 -0.012282
1340 43 -0.009843
29 44 -0.284990
43 44 -0.154434
44 44 0.964191
45 44 -0.290054
65 44 -0.237300
698 44 -0.012860
699 44 -0.012488
712 44 0.000006
713 44 -0.000045
730 44 0.012813
731 44 0.012265
1324 44 0.010873
1325 44 -0.003264
1326 44 -0.013131
1339 44 0.012282
1340 44 -0.003194
1341 44 -0.013039
30 45 -0.332416
44 45 -0.290054
45 45 1.227509
46 45 -0.318492
66 45 -0.288395
699 45 -0.013508
700 45 -0.013485
713 45 0.000253
714 45 0.000231
731 45 0.013513
732 45 0.013514
1325 45 0.013154
1326 45 -0.000634
1327 45 -0.013758
1340 45 0.013038
1341 45 -0.000608
1342 45 -0.013659
31 46 -0.354994
45 46 -0.318492
46 46 1.321065
47 46 -0.336237
67 46 -0.312826
700 46 -0.013942
701 46 -0.013936
714 46 0.000369
715 46 0.000353
732 46 0.014061
733 46 0.014071
1326 46 0.013765
1327 46 -0.000383
1328 46 -0.014137
1341 46 0.013646
1342 46 -0.000364
1343 46 -0.014031
32 47 -0.367221
46 47 -0.336237
47 47 1.385547
48 47 -0.357111
68 47 -0.326248
701 47 -0.014178
702 47 -0.014176
715 47 0.000431
716 47 0.000411
733 47 0.014361
734 47 0.014365
1327 47 0.014141
1328 47 -0.000443
1329 47 -0.014571
1342 47 0.014023
1343 47 -0.000419
1344 47 -0.014455
33 48 -0.382724
47 48 -0.357111
48 48 1.444802
49 48 -0.366142
69 48 -0.340137
702 48 -0.014481
703 48 -0.014477
716 48 0.000436
717 48 0.000427
734 48 0.014662
735 48 0.014666
1328 48 0.014579
1329 48 -0.000188
1330 48 -0.014758
1343 48 0.014450
1344 48 -0.000178
1345 48 -0.014636
34 49 -0.382811
48 49 -0.366142
49 49 1.459932
50 49 -0.365547
70 49 -0.346146
703 49 -0.014478
704 49 -0.014489
717 49 0.000559
718 49 0.000559
735 49 0.014793
736 49 0.014796
1329 49 0.014758
1330 49 0.000012
1331 49 -0.014756
1344 49 0.014633
1345 49 0.000012
1346 49 -0.014624
35 50 -0.369754
49 50 -0.365547
50 50 1.435414
51 50 -0.353388
71 50 -0.346218
704 50 -0.014229
705 50 -0.014391
718 50 0.000799
719 50 0.000816
736 50 0.014797
737 50 0.014795
1330 50 0.014746
1331 50 0.000257
1332 50 -0.014646
1345 50 0.014624
1346 50 0.000237
1347 50 -0.014377
36 51 -0.293462
50 51 -0.353388
51 51 1.318054
52 51 -0.334138
72 51 -0.330997
705 51 -0.012680
706 51 -0.013034
719 51 0.001888
720 51 0.001948
737 51 0.014476
738 51 0.014469
1331 51 0.014499
1332 51 0.000457
1333 51 -0.014325
1346 51 0.014387
1347 51 0.000384
1348 51 -0.013983
37 52 -0.258177
51 52 -0.334138
52 52 1.236579
53 52 -0.318176
73 52 -0.318044
706 52 -0.012066
707 52 -0.012363
720 52 0.002321
721 52 0.002384
738 52 0.014193
739 52 0.014181
1332 52 0.014190
1333 52 0.000404
1334 52 -0.014009
1347 52 0.013993
1348 52 0.000325
1349 52 -0.013643
38 53 -0.240272
52 53 -0.318176
53 53 1.125794
54 53 -0.289261
74 53 -0.272923
707 53 -0.011816
708 53 -0.012046
721 53 0.001664
722 53 0.001756
739 53 0.013154
740 53 0.013149
1333 53 0.013922
1334 53 0.000758
1335 53 -0.013430
1348 53 0.013658
1349 53 0.000635
1350 53 -0.013021
39 54 -0.206996
53 54 -0.289261
54 54 1.072045
55 54 -0.278329
75 54 -0.287711
708 54 -0.010956
709 54 -0.011286
722 54 0.002805
723 54 0.002863
740 54 0.013488
741 54 0.013514
1334 54 0.013251
1335 54 0.000309
1336 54 -0.013140
1349 54 0.013008
1350 54 0.000234
1351 54 -0.012791
40 55 -0.204157
54 55 -0.278329
55 55 1.089552
56 55 -0.306333
76 55 -0.290446
709 55 -0.011182
710 55 -0.010831
723 55 0.002992
724 55 0.002842
741 55 0.013574
742 55 0.013585
1335 55 0.013121
1336 55 -0.000796
1337 55 -0.013598
1350 55 0.012787
1351 55 -0.000596
1352 55 -0.013421
41 56 -0.265295
55 56 -0.306333
56 56 1.220380
57 56 -0.320156
77 56 -0.320922
710 56 -0.012808
711 56 -0.012498
724 56 0.002361
725 56 0.002305
742 56 0.014246
743 56 0.014257
1336 56 0.013936
1337 56 -0.000345
1338 56 -0.014048
1351 56 0.013388
1352 56 -0.000280
1353 56 -0.013698
42 57 -0.242543
56 57 -0.320156
57 57 1.122071
58 57 -0.231552
78 57 -0.318296
711 57 -0.011819
725 57 0.002686
726 57 0.003195
743 57 0.014201
744 57 0.014184
1337 57 0.013943
1338 57 0.002312
1352 57 0.013701
1353 57 0.001802
1354 57 -0.011636
57 58 -0.231552
58 58 0.625776
59 58 -0.169604
79 58 -0.204053
726 58 0.011461
727 58 0.011580
744 58 0.011625
745 58 0.011575
1338 58 0.011736
1353 58 0.011896
1354 58 0.001573
1355 58 -0.010258
58 59 -0.169604
59 59 0.574998
60 59 -0.131065
80 59 -0.249210
727 59 0.013046
728 59 0.013559
745 59 0.012608
746 59 0.012587
1354 59 0.010063
1355 59 0.000886
1356 59 -0.008845
59 60 -0.131065
60 60 0.304550
81 60 -0.157601
728 60 0.010177
746 60 0.010451
747 60 0.010091
1355 60 0.009372
1356 60 0.008845
61 61 0.192933
62 61 -0.054937
85 61 -0.125361
729 61 0.009970
750 61 0.009295
751 61 0.009192
1357 61 -0.006291
1358 61 -0.006356
61 62 -0.054937
62 62 0.199469
86 62 -0.131298
729 62 0.010309
751 62 0.009355
752 62 0.009287
1357 62 0.006291
1358 62 0.006356
63 63 0.107894
98 63 -0.098015
763 63 0.008137
43 64 -0.031196
64 64 0.179518
65 64 -0.116465
100 64 -0.031596
712 64 -0.005262
730 64 0.000141
764 64 0.004970
765 64 0.004978
1339 64 -0.010336
1340 64 -0.008556
1360 64 -0.009596
1361 64 -0.008293
44 65 -0.237300
64 65 -0.116465
65 65 0.749355
66 65 -0.238192
101 65 -0.163038
712 65 -0.011630
713 65 -0.011240
730 65 -0.001355
731 65 -0.001008
765 65 0.010374
766 65 0.009962
1339 65 0.010336
1340 65 -0.003156
1341 65 -0.011705
1360 65 0.009596
1361 65 -0.003393
1362 65 -0.011598
45 66 -0.288395
65 66 -0.238192
66 66 0.992614
67 66 -0.283333
102 66 -0.190320
713 66 -0.012392
714 66 -0.012377
731 66 -0.001410
732 66 -0.001313
766 66 0.010864
767 66 0.010726
1340 66 0.011712
1341 66 -0.001062
1342 66 -0.012755
1361 66 0.011686
1362 66 -0.001165
1363 66 -0.012627
46 67 -0.312826
66 67 -0.283333
67 67 1.154155
68 67 -0.303076
103 67 -0.258094
714 67 -0.012902
715 67 -0.012892
732 67 -0.000142
733 67 -0.000146
767 67 0.012624
768 67 0.012491
1341 67 0.012767
1342 67 -0.000446
1343 67 -0.013193
1362 67 0.012762
1363 67 -0.000437
1364 67 -0.013060
47 68 -0.326248
67 68 -0.303076
68 68 1.203643
69 68 -0.310660
104 68 -0.267168
715 68 -0.013173
716 68 -0.013164
733 68 -0.000194
734 68 -0.000195
768 68 0.012714
769 68 0.012709
1342 68 0.013200
1343 68 -0.000168
1344 68 -0.013356
1363 68 0.013064
1364 68 -0.000165
1365 68 -0.013222
48 69 -0.340137
68 69 -0.310660
69 69 1.252968
70 69 -0.321283
105 69 -0.284007
716 69 -0.013446
717 69 -0.013443
734 69 -0.000069
735 69 -0.000072
769 69 0.013106
770 69 0.013103
1343 69 0.013361
1344 69 -0.000230
1345 69 -0.013583
1364 69 0.013225
1365 69 -0.000224
1366 69 -0.013446
49 70 -0.346146
69 70 -0.321283
70 70 1.283923
71 70 -0.327298
106 70 -0.292070
717 70 -0.013563
718 70 -0.013564
735 70 -0.000001
736 70 -0.000003
770 70 0.013288
771 70 0.013288
1344 70 0.013586
1345 70 -0.000129
1346 70 -0.013713
1365 70 0.013446
1366 70 -0.000125
1367 70 -0.013571
50 71 -0.346218
70 71 -0.327298
71 71 1.291997
72 71 -0.323571
107 71 -0.297276
718 71 -0.013565
719 71 -0.013573
736 71 0.000114
737 71 0.000117
771 71 0.013405
772 71 0.013407
1345 71 0.013713
1346 71 0.000080
1347 71 -0.013642
1366 71 0.013571
1367 71 0.000077
1368 71 -0.013494
51 72 -0.330997
71 72 -0.323571
72 72 1.266664
73 72 -0.313863
108 72 -0.299032
719 72 -0.013262
720 72 -0.013274
737 72 0.000447
738 72 0.000458
772 72 0.013446
773 72 0.013447
1346 72 0.013633
1347 72 0.000213
1348 72 -0.013438
1367 72 0.013494
1368 72 0.000200
1369 72 -0.013291
52 73 -0.318044
72 73 -0.313863
73 73 1.197792
74 73 -0.274279
109 73 -0.291921
720 73 -0.013002
721 73 -0.013015
738 73 0.000542
739 73 0.000598
773 73 0.013289
774 73 0.013286
1347 73 0.013429
1348 73 0.000887
1349 73 -0.012568
1368 73 0.013295
1369 73 0.000825
1370 73 -0.012425
53 74 -0.272923
73 74 -0.274279
74 74 1.074757
75 74 -0.270585
110 74 -0.256636
721 74 -0.012044
722 74 -0.012043
739 74 0.000649
740 74 0.000655
774 74 0.012497
775 74 0.012498
1348 74 0.012552
1349 74 0.000089
1350 74 -0.012467
1369 74 0.012466
1370 74 0.000082
1371 74 -0.012384
54 75 -0.287711
74 75 -0.270585
75 75 1.144806
76 75 -0.295526
111 75 -0.288827
722 75 -0.012377
723 75 -0.012391
740 75 0.001158
741 75 0.001097
775 75 0.013217
776 75 0.013219
1349 75 0.012479
1350 75 -0.000587
1351 75 -0.013051
1370 75 0.012343
1371 75 -0.000522
1372 75 -0.012901
55 76 -0.290446
75 76 -0.295526
76 76 1.172034
77 76 -0.302586
112 76 -0.282222
723 76 -0.012454
724 76 -0.012425
741 76 0.000883
742 76 0.000870
776 76 0.013072
777 76 0.013072
1350 76 0.013055
1351 76 -0.000165
1352 76 -0.013184
1371 76 0.012906
1372 76 -0.000150
1373 76 -0.013059
56 77 -0.320922
76 77 -0.302586
77 77 1.234859
78 77 -0.316478
113 77 -0.295134
724 77 -0.013093
725 77 -0.013075
742 77 0.000577
743 77 0.000558
777 77 0.013359
778 77 0.013360
1351 77 0.013216
1352 77 -0.000310
1353 77 -0.013497
1372 77 0.013050
1373 77 -0.000288
1374 77 -0.013348
57 78 -0.318296
77 78 -0.316478
78 78 1.216783
79 78 -0.283431
114 78 -0.298288
725 78 -0.013018
726 78 -0.013294
743 78 0.000682
744 78 0.000736
778 78 0.013430
779 78 0.013429
1352 78 0.013494
1353 78 0.000740
1354 78 -0.013058
1373 78 0.013347
1374 78 0.000681
1375 78 -0.012630
58 79 -0.204053
78 79 -0.283431
79 79 1.028799
80 79 -0.271795
115 79 -0.262318
726 79 -0.010411
727 79 -0.010520
744 79 0.002175
745 79 0.002227
779 79 0.012630
780 79 0.012625
1353 79 0.012757
1354 79 0.000325
1355 79 -0.012550
1374 79 0.012667
1375 79 0.000256
1376 79 -0.012401
59 80 -0.249210
79 80 -0.271795
80 80 1.071881
81 80 -0.261400
116 80 -0.284245
727 80 -0.011851
728 80 -0.012317
745 80 0.001839
746 80 0.001880
780 80 0.013115
781 80 0.013111
1354 80 0.012733
1355 80 0.000263
1356 80 -0.012828
1375 80 0.012374
1376 80 0.000219
1377 80 -0.012131
60 81 -0.157601
80 81 -0.261400
81 81 0.865134
82 81 -0.190894
117 81 -0.245449
728 81 -0.009245
746 81 0.002827
747 81 0.003347
781 81 0.012233
782 81 0.012226
1355 81 0.012287
1356 81 0.002243
1376 81 0.012182
1377 81 0.001602
1378 81 -0.010433
81 82 -0.190894
82 82 0.593666
83 82 -0.165005
118 82 -0.216412
747 82 0.011643
748 82 0.011772
782 82 0.011565
783 82 0.011559
1356 82 0.010585
1377 82 0.010529
1378 82 0.000626
1379 82 -0.009821
82 83 -0.165005
83 83 0.605205
84 83 -0.198739
119 83 -0.219774
748 83 0.011880
749 83 0.011718
783 83 0.011635
784 83 0.011598
1378 83 0.009806
1379 83 -0.000810
1380 83 -0.010666
83 84 -0.198739
84 84 0.658452
85 84 -0.204099
120 84 -0.232656
749 84 0.012096
750 84 0.012076
784 84 0.011900
785 84 0.011878
1357 84 -0.011305
1379 84 0.010631
1380 84 -0.000125
1381 84 -0.010741
61 85 -0.125361
84 85 -0.204099
85 85 0.737294
86 85 -0.187821
121 85 -0.210700
729 85 -0.009057
750 85 0.002995
751 85 0.003132
785 85 0.011350
786 85 0.011308
1357 85 0.000581
1358 85 -0.010665
1380 85 0.010791
1381 85 0.000399
1382 85 -0.010309
62 86 -0.131298
85 86 -0.187821
86 86 0.697971
87 86 -0.175138
122 86 -0.196359
729 86 -0.009365
751 86 0.002550
752 86 0.002648
786 86 0.010947
787 86 0.010895
1357 86 0.010724
1358 86 0.000442
1381 86 0.010342
1382 86 0.000322
1383 86 -0.009928
86 87 -0.175138
87 87 0.499657
88 87 -0.155330
123 87 -0.153993
752 87 0.009758
753 87 0.009768
787 87 0.009710
788 87 0.009677
1358 87 0.010223
1382 87 0.009987
1383 87 0.000568
1384 87 -0.009381
87 88 -0.155330
88 88 0.451117
89 88 -0.114307
124 88 -0.165180
753 88 0.010140
754 88 0.010389
788 88 0.010002
789 88 0.010055
1383 88 0.009360
1384 88 0.001136
1385 88 -0.008129
88 89 -0.114307
89 89 0.325304
90 89 -0.053803
125 89 -0.143075
754 89 0.009532
755 89 0.010817
789 89 0.009457
790 89 0.009444
1384 89 0.008245
1385 89 0.001800
1386 89 -0.005937
89 90 -0.053803
90 90 0.216095
91 90 -0.045010
126 90 -0.106748
755 90 0.008765
756 90 0.009094
790 90 0.008453
791 90 0.008471
1385 90 0.006328
1386 90 0.000303
1387 90 -0.006004
90 91 -0.045010
91 91 0.270160
92 91 -0.073808
127 91 -0.137749
756 91 0.011009
757 91 0.009847
791 91 0.009310
792 91 0.009381
1386 91 0.005634
1387 91 -0.000873
1388 91 -0.006965
91 92 -0.073808
92 92 0.325173
93 92 -0.089040
128 92 -0.147746
757 92 0.010329
758 92 0.010007
792 92 0.009642
793 92 0.009674
1387 92 0.006877
1388 92 -0.000446
1389 92 -0.007495
92 93 -0.089040
93 93 0.379532
94 93 -0.116072
129 93 -0.158754
758 93 0.010490
759 93 0.010124
793 93 0.009958
794 93 0.010000
1388 93 0.007411
1389 93 -0.000764
1390 93 -0.008398
93 94 -0.116072
94 94 0.435950
95 94 -0.119276
130 94 -0.182585
759 94 0.011040
760 94 0.011000
794 94 0.010600
795 94 0.010629
1389 94 0.008259
1390 94 -0.000084
1391 94 -0.008415
94 95 -0.119276
95 95 0.400419
96 95 -0.093126
131 95 -0.171130
760 95 0.010566
761 95 0.010947
795 95 0.010347
796 95 0.010367
1390 95 0.008482
1391 95 0.000711
1392 95 -0.007649
95 96 -0.093126
96 96 0.383716
97 96 -0.110483
132 96 -0.163930
761 96 0.010637
762 96 0.010382
796 96 0.010191
797 96 0.010149
1391 96 0.007704
1392 96 -0.000483
1393 96 -0.008214
96 97 -0.110483
97 97 0.453045
98 97 -0.148139
133 97 -0.176961
762 97 0.010896
763 97 0.010564
797 97 0.010474
798 97 0.010445
1359 97 -0.009534
1392 97 0.008132
1393 97 -0.001008
1394 97 -0.009271
63 98 -0.098015
97 98 -0.148139
98 98 0.445429
134 98 -0.189546
763 98 0.003600
798 98 0.010765
1359 98 0.009534
1393 98 0.009221
1394 98 0.009271
99 99 0.245149
100 99 -0.080128
135 99 -0.150548
764 99 0.010054
799 99 0.009335
1360 99 -0.007552
1395 99 -0.007006
1396 99 -0.006683
64 100 -0.031596
99 100 -0.080128
100 100 0.306483
101 100 -0.080669
136 100 -0.106673
730 100 -0.004768
764 100 0.003549
765 100 0.003537
799 100 0.008121
800 100 0.008073
1360 100 -0.000038
1361 100 -0.006962
1395 100 0.007006
1396 100 -0.000018
1397 100 -0.006960
65 101 -0.163038
100 101 -0.080669
101 101 0.510011
102 101 -0.124294
137 101 -0.142915
730 101 -0.009361
731 101 -0.009224
765 101 0.000257
766 101 0.000171
800 101 0.009099
801 101 0.009064
1360 101 0.007589
1361 101 -0.001336
1362 101 -0.008376
1396 101 0.006702
1397 101 -0.001268
1398 101 -0.008195
66 102 -0.190320
101 102 -0.124294
102 102 0.615783
103 102 -0.173416
138 102 -0.132144
731 102 -0.009890
732 102 -0.009979
766 102 -0.001041
767 102 -0.000915
801 102 0.008746
802 102 0.008717
1361 102 0.008298
1362 102 -0.001392
1363 102 -0.009872
1397 102 0.008228
1398 102 -0.001485
1399 102 -0.009665
67 103 -0.258094
102 103 -0.173416
103 103 0.828436
104 103 -0.227006
139 103 -0.176167
732 103 -0.011497
733 103 -0.011502
767 103 -0.001292
768 103 -0.001161
802 103 0.010067
803 103 0.010083
1362 103 0.009768
1363 103 -0.001304
1364 103 -0.011180
1398 103 0.009681
1399 103 -0.001403
1400 103 -0.011071
68 104 -0.267168
103 104 -0.227006
104 104 0.906398
105 104 -0.244309
140 104 -0.175080
733 104 -0.011698
734 104 -0.011700
768 104 -0.001393
769 104 -0.001353
803 104 0.010049
804 104 0.010024
1363 104 0.011177
1364 104 -0.000414
1365 104 -0.011597
1399 104 0.011068
1400 104 -0.000455
1401 104 -0.011460
69 105 -0.284007
104 105 -0.244309
105 105 0.982978
106 105 -0.258174
141 105 -0.202526
734 105 -0.012061
735 105 -0.012061
769 105 -0.001005
770 105 -0.000985
804 105 0.010852
805 105 0.010765
1364 105 0.011594
1365 105 -0.000322
1366 105 -0.011919
1400 105 0.011525
1401 105 -0.000339
1402 105 -0.011771
70 106 -0.292070
105 106 -0.258174
106 106 1.044367
107 106 -0.265269
142 106 -0.232715
735 106 -0.012231
736 106 -0.012230
770 106 -0.000394
771 106 -0.000393
805 106 0.011567
806 106 0.011542
1365 106 0.011919
1366 106 -0.000162
1367 106 -0.012081
1401 106 0.011799
1402 106 -0.000162
1403 106 -0.011934
71 107 -0.297276
106 107 -0.265269
107 107 1.062455
108 107 -0.274692
143 107 -0.229825
736 107 -0.012339
737 107 -0.012340
771 107 -0.000572
772 107 -0.000567
806 107 0.011469
807 107 0.011468
1366 107 0.012081
1367 107 -0.000214
1368 107 -0.012294
1402 107 0.011932
1403 107 -0.000216
1404 107 -0.012142
72 108 -0.299032
107 108 -0.274692
108 108 1.098579
109 108 -0.277860
144 108 -0.249835
737 108 -0.012376
738 108 -0.012380
772 108 -0.000115
773 108 -0.000116
807 108 0.011964
808 108 0.011956
1367 108 0.012295
1368 108 -0.000072
1369 108 -0.012369
1403 108 0.012150
1404 108 -0.000070
1405 108 -0.012211
73 109 -0.291921
108 109 -0.277860
109 109 1.088208
110 109 -0.272066
145 109 -0.248674
738 109 -0.012229
739 109 -0.012270
773 109 -0.000001
774 109 0.000002
808 109 0.011928
809 109 0.011929
1368 109 0.012366
1369 109 0.000133
1370 109 -0.012276
1404 109 0.012211
1405 109 0.000128
1406 109 -0.012084
74 110 -0.256636
109 110 -0.272066
110 110 1.049132
111 110 -0.272309
146 110 -0.247389
739 110 -0.011467
740 110 -0.011468
774 110 0.000689
775 110 0.000688
809 110 0.011898
810 110 0.011899
1369 110 0.012237
1370 110 -0.000006
1371 110 -0.012244
1405 110 0.012084
1406 110 -0.000005
1407 110 -0.012090
75 111 -0.288827
110 111 -0.272309
111 111 1.087531
112 111 -0.274936
147 111 -0.253071
740 111 -0.012206
741 111 -0.012172
775 111 0.000173
776 111 0.000171
810 111 0.012034
811 111 0.012034
1370 111 0.012282
1371 111 -0.000060
1372 111 -0.012309
1406 111 0.012089
1407 111 -0.000057
1408 111 -0.012147
76 112 -0.282222
111 112 -0.274936
112 112 1.080896
113 112 -0.274828
148 112 -0.250206
741 112 -0.012028
742 112 -0.012024
776 112 0.000234
777 112 0.000234
811 112 0.011966
812 112 0.011967
1371 112 0.012304
1372 112 0.000003
1373 112 -0.012299
1407 112 0.012148
1408 112 0.000002
1409 112 -0.012146
77 113 -0.295134
112 113 -0.274828
113 113 1.100718
114 113 -0.277942
149 113 -0.254825
742 113 -0.012304
743 113 -0.012296
777 113 0.000086
778 113 0.000083
812 113 0.012075
813 113 0.012078
1372 113 0.012306
1373 113 -0.000071
1374 113 -0.012368
1408 113 0.012145
1409 113 -0.000068
1410 113 -0.012216
78 114 -0.298288
113 114 -0.277942
114 114 1.111117
115 114 -0.275450
150 114 -0.261125
743 114 -0.012363
744 114 -0.012397
778 114 0.000173
779 114 0.000175
813 114 0.012224
814 114 0.012226
1373 114 0.012370
1374 114 0.000056
1375 114 -0.012348
1409 114 0.012214
1410 114 0.000054
1411 114 -0.012161
79 115 -0.262318
114 115 -0.275450
115 115 1.068955
116 115 -0.272309
151 115 -0.257666
744 115 -0.011592
745 115 -0.011598
779 115 0.000818
780 115 0.000824
814 115 0.012146
815 115 0.012147
1374 115 0.012312
1375 115 0.000076
1376 115 -0.012246
1410 115 0.012162
1411 115 0.000068
1412 115 -0.012093
80 116 -0.284245
115 116 -0.272309
116 116 1.080057
117 116 -0.265566
152 116 -0.258605
745 116 -0.012099
746 116 -0.012119
780 116 0.000401
781 116 0.000410
815 116 0.012168
816 116 0.012168
1375 116 0.012272
1376 116 0.000156
1377 116 -0.012139
1411 116 0.012093
1412 116 0.000146
1413 116 -0.011942
81 117 -0.245449
116 117 -0.265566
117 117 1.026169
118 117 -0.262236
153 117 -0.250848
746 117 -0.011214
747 117 -0.011390
781 117 0.001017
782 117 0.001025
816 117 0.011990
817 117 0.011987
1376 117 0.012090
1377 117 0.000083
1378 117 -0.012145
1412 117 0.011947
1413 117 0.000073
1414 117 -0.011869
82 118 -0.216412
117 118 -0.262236
118 118 0.995732
119 118 -0.260313
154 118 -0.251984
747 118 -0.010598
748 118 -0.010714
782 118 0.001655
783 118 0.001663
817 118 0.012013
818 118 0.012009
1377 118 0.012056
1378 118 0.000051
1379 118 -0.012081
1413 118 0.011869
1414 118 0.000042
1415 118 -0.011821
83 119 -0.219774
118 119 -0.260313
119 119 0.972769
120 119 -0.247153
155 119 -0.242004
748 119 -0.010813
749 119 -0.010665
783 119 0.001343
784 119 0.001386
818 119 0.011775
819 119 0.011768
1378 119 0.012094
1379 119 0.000347
1380 119 -0.011702
1414 119 0.011827
1415 119 0.000294
1416 119 -0.011518
84 120 -0.232656
119 120 -0.247153
120 120 0.943794
121 120 -0.234452
156 120 -0.228466
749 120 -0.011010
750 120 -0.010992
784 120 0.000763
785 120 0.000791
819 120 0.011444
820 120 0.011436
1379 120 0.011734
1380 120 0.000326
1381 120 -0.011422
1415 120 0.011527
1416 120 0.000292
1417 120 -0.011219
85 121 -0.210700
120 121 -0.234452
121 121 0.882080
122 121 -0.214901
157 121 -0.219819
750 121 -0.010412
751 121 -0.010451
785 121 0.001044
786 121 0.001102
820 121 0.011224
821 121 0.011241
1380 121 0.011376
1381 121 0.000527
1382 121 -0.010926
1416 121 0.011226
1417 121 0.000458
1418 121 -0.010773
86 122 -0.196359
121 122 -0.214901
122 122 0.748471
123 122 -0.173795
158 122 -0.165173
751 122 -0.010056
752 122 -0.010088
786 122 -0.000076
787 122 -0.000056
821 122 0.009749
822 122 0.009805
1381 122 0.010895
1382 122 0.001147
1383 122 -0.009842
1417 122 0.010761
1418 122 0.001112
1419 122 -0.009750
87 123 -0.153993
122 123 -0.173795
123 123 0.605980
124 123 -0.161826
159 123 -0.118779
752 123 -0.008881
753 123 -0.008891
787 123 -0.000400
788 123 -0.000406
822 123 0.008249
823 123 0.008280
1382 123 0.009779
1383 123 0.000377
1384 123 -0.009445
1418 123 0.009661
1419 123 0.000382
1420 123 -0.009347
88 124 -0.165180
123 124 -0.161826
124 124 0.684239
125 124 -0.185872
160 124 -0.169867
753 124 -0.009229
754 124 -0.009456
788 124 0.000922
789 124 0.000844
823 124 0.009895
824 124 0.009893
1383 124 0.009465
1384 124 -0.000732
1385 124 -0.010284
1419 124 0.009368
1420 124 -0.000641
1421 124 -0.010022
89 125 -0.143075
124 125 -0.185872
125 125 0.715516
126 125 -0.182812
161 125 -0.197610
754 125 -0.008676
755 125 -0.009845
789 125 0.002211
790 125 0.002231
824 125 0.010634
825 125 0.010649
1384 125 0.010176
1385 125 0.000100
1386 125 -0.010553
1420 125 0.009988
1421 125 0.000076
1422 125 -0.009924
90 126 -0.106748
125 126 -0.182812
126 126 0.669562
127 126 -0.185249
162 126 -0.186419
755 126 -0.007978
756 126 -0.008278
790 126 0.002799
791 126 0.002778
825 126 0.010364
826 126 0.010354
1385 126 0.010184
1386 126 -0.000092
1387 126 -0.010301
1421 126 0.009946
1422 126 -0.000062
1423 126 -0.010000
91 127 -0.137749
126 127 -0.185249
127 127 0.722177
128 127 -0.198708
163 127 -0.194176
756 127 -0.010020
757 127 -0.008963
791 127 0.002244
792 127 0.002158
826 127 0.010554
827 127 0.010548
1386 127 0.010646
1387 127 -0.000448
1388 127 -0.010668
1422 127 0.009986
1423 127 -0.000336
1424 127 -0.010335
92 128 -0.147746
127 128 -0.198708
128 128 0.750475
129 128 -0.205207
164 128 -0.193485
757 128 -0.009402
758 128 -0.009108
792 128 0.001900
793 128 0.001866
827 128 0.010530
828 128 0.010540
1387 128 0.010749
1388 128 -0.000209
1389 128 -0.010801
1423 128 0.010335
1424 128 -0.000162
1425 128 -0.010513
93 129 -0.158754
128 129 -0.205207
129 129 0.792367
130 129 -0.214522
165 129 -0.208134
758 129 -0.009548
759 129 -0.009214
793 129 0.002021
794 129 0.001971
828 129 0.010916
829 129 0.010922
1388 129 0.010877
1389 129 -0.000289
1390 129 -0.010961
1424 129 0.010497
1425 129 -0.000224
1426 129 -0.010740
94 130 -0.182585
129 130 -0.214522
130 130 0.834502
131 130 -0.223133
166 130 -0.210432
759 130 -0.010048
760 130 -0.010012
794 130 0.001489
795 130 0.001454
829 130 0.010980
830 130 0.010982
1389 130 0.011090
1390 130 -0.000249
1391 130 -0.011272
1425 130 0.010737
1426 130 -0.000206
1427 130 -0.010952
95 131 -0.171130
130 131 -0.223133
131 131 0.845794
132 131 -0.227818
167 131 -0.218115
760 131 -0.009617
761 131 -0.009963
795 131 0.001919
796 131 0.001897
830 131 0.011174
831 131 0.011174
1390 131 0.011210
1391 131 -0.000140
1392 131 -0.011462
1426 131 0.010946
1427 131 -0.000110
1428 131 -0.011060
96 132 -0.163930
131 132 -0.227818
132 132 0.830413
133 132 -0.218746
168 132 -0.214063
761 132 -0.009682
762 132 -0.009450
796 132 0.001948
797 132 0.001994
831 132 0.011073
832 132 0.011067
1391 132 0.011412
1392 132 0.000277
1393 132 -0.011110
1427 132 0.011062
1428 132 0.000216
1429 132 -0.010835
97 133 -0.176961
132 133 -0.218746
133 133 0.807477
134 133 -0.210866
169 133 -0.197783
762 133 -0.009917
763 133 -0.009615
797 133 0.001253
798 133 0.001282
832 133 0.010648
833 133 0.010641
1392 133 0.011185
1393 133 0.000232
1394 133 -0.010832
1428 133 0.010844
1429 133 0.000195
1430 133 -0.010641
98 134 -0.189546
133 134 -0.210866
134 134 0.582204
170 134 -0.181379
763 134 -0.010005
798 134 0.000534
833 134 0.010190
1393 134 0.010878
1394 134 0.010832
1429 134 0.010640
1430 134 0.010641
99 135 -0.150548
135 135 0.474577
136 135 -0.167974
171 135 -0.154845
764 135 -0.009173
799 135 0.000740
834 135 0.009100
1395 135 -0.009419
1396 135 -0.009734
1431 135 -0.009222
1432 135 -0.009222
100 136 -0.106673
135 136 -0.167974
136 136 0.596258
137 136 -0.160559
172 136 -0.155896
764 136 -0.007365
765 136 -0.007361
799 136 0.001880
800 136 0.001929
834 136 0.009131
835 136 0.009138
1395 136 0.009419
1396 136 0.000274
1397 136 -0.009212
1431 136 0.009222
1432 136 0.000200
1433 136 -0.009023
101 137 -0.142915
136 137 -0.160559
137 137 0.610344
138 137 -0.147487
173 137 -0.157278
765 137 -0.008848
766 137 -0.008427
800 137 0.001036
801 137 0.001093
835 137 0.009177
836 137 0.009171
1396 137 0.009460
1397 137 0.000417
1398 137 -0.008826
1432 137 0.009022
1433 137 0.000352
1434 137 -0.008641
102 138 -0.132144
137 138 -0.147487
138 138 0.553211
139 138 -0.136939
174 138 -0.135608
766 138 -0.008071
767 138 -0.008071
801 138 0.000683
802 138 0.000719
836 138 0.008546
837 138 0.008518
1397 138 0.008795
1398 138 0.000350
1399 138 -0.008477
1433 138 0.008671
1434 138 0.000306
1435 138 -0.008329
103 139 -0.176167
138 139 -0.136939
139 139 0.571782
140 139 -0.131508
175 139 -0.130474
767 139 -0.009304
768 139 -0.009313
802 139 -0.000684
803 139 -0.000692
837 139 0.008362
838 139 0.008355
1398 139 0.008476
1399 139 0.000156
1400 139 -0.008319
1434 139 0.008335
1435 139 0.000160
1436 139 -0.008162
104 140 -0.175080
139 140 -0.131508
140 140 0.568942
141 140 -0.141154
176 140 -0.124927
768 140 -0.009286
769 140 -0.009319
803 140 -0.000851
804 140 -0.000830
838 140 0.008182
839 140 0.008228
1399 140 0.008321
1400 140 -0.000278
1401 140 -0.008654
1435 140 0.008169
1436 140 -0.000291
1437 140 -0.008506
105 141 -0.202526
140 141 -0.141154
141 141 0.681856
142 141 -0.182195
177 141 -0.158948
769 141 -0.009966
770 141 -0.009981
804 141 -0.000464
805 141 -0.000442
839 141 0.009219
840 141 0.009258
1400 141 0.008597
1401 141 -0.001099
1402 141 -0.009776
1436 141 0.008453
1437 141 -0.001099
1438 141 -0.009640
106 142 -0.232715
141 142 -0.182195
142 142 0.809104
143 142 -0.201194
178 142 -0.195236
770 142 -0.010674
771 142 -0.010675
805 142 -0.000120
806 142 -0.000129
840 142 0.010218
841 142 0.010217
1401 142 0.009752
1402 142 -0.000474
1403 142 -0.010249
1437 142 0.009605
1438 142 -0.000459
1439 142 -0.010092
107 143 -0.229825
142 143 -0.201194
143 143 0.814040
144 143 -0.208970
179 143 -0.177669
771 143 -0.010610
772 143 -0.010615
806 143 -0.000547
807 143 -0.000543
841 143 0.009754
842 143 0.009747
1402 143 0.010250
1403 143 -0.000195
1404 143 -0.010451
1438 143 0.010099
1439 143 -0.000197
1440 143 -0.010285
108 144 -0.249835
143 144 -0.208970
144 144 0.862541
145 144 -0.223529
180 144 -0.184906
772 144 -0.011060
773 144 -0.011060
807 144 -0.000800
808 144 -0.000784
842 144 0.009947
843 144 0.009966
1403 144 0.010444
1404 144 -0.000351
1405 144 -0.010802
1439 144 0.010289
1440 144 -0.000361
1441 144 -0.010657
109 145 -0.248674
144 145 -0.223529
145 145 0.871353
146 145 -0.226121
181 145 -0.178247
773 145 -0.011034
774 145 -0.011034
808 145 -0.000933
809 145 -0.000930
843 145 0.009774
844 145 0.009772
1404 145 0.010802
1405 145 -0.000063
1406 145 -0.010865
1440 145 0.010647
1441 145 -0.000066
1442 145 -0.010706
110 146 -0.247389
145 146 -0.226121
146 146 0.888279
147 146 -0.229930
182 146 -0.188948
774 146 -0.011006
775 146 -0.011006
809 146 -0.000623
810 146 -0.000620
844 146 0.010078
845 146 0.010051
1405 146 0.010865
1406 146 -0.000092
1407 146 -0.010956
1441 146 0.010722
1442 146 -0.000094
1443 146 -0.010788
111 147 -0.253071
146 147 -0.229930
147 147 0.916857
148 147 -0.230313
183 147 -0.206515
775 147 -0.011133
776 147 -0.011132
810 147 -0.000289
811 147 -0.000289
845 147 0.010519
846 147 0.010508
1406 147 0.010957
1407 147 -0.000009
1408 147 -0.010965
1442 147 0.010799
1443 147 -0.000009
1444 147 -0.010797
112 148 -0.250206
147 148 -0.230313
148 148 0.916226
149 148 -0.232003
184 148 -0.206432
776 148 -0.011068
777 148 -0.011068
811 148 -0.000229
812 148 -0.000230
846 148 0.010506
847 148 0.010507
1407 148 0.010965
1408 148 -0.000041
1409 148 -0.011005
1443 148 0.010797
1444 148 -0.000040
1445 148 -0.010838
113 149 -0.254825
148 149 -0.232003
149 149 0.926593
150 149 -0.239373
185 149 -0.203772
777 149 -0.011171
778 149 -0.011170
812 149 -0.000397
813 149 -0.000396
847 149 0.010438
848 149 0.010439
1408 149 0.011006
1409 149 -0.000176
1410 149 -0.011179
1444 149 0.010837
1445 149 -0.000174
1446 149 -0.011008
114 150 -0.261125
149 150 -0.239373
150 150 0.961459
151 150 -0.244038
186 150 -0.219401
778 150 -0.011309
779 150 -0.011311
813 150 -0.000134
814 150 -0.000136
848 150 0.010835
849 150 0.010833
1409 150 0.011181
1410 150 -0.000110
1411 150 -0.011291
1445 150 0.011012
1446 150 -0.000106
1447 150 -0.011116
115 151 -0.257666
150 151 -0.244038
151 151 0.971534
152 151 -0.244354
187 151 -0.226947
779 151 -0.011234
780 151 -0.011235
814 151 0.000126
815 151 0.000126
849 151 0.011016
850 151 0.011016
1410 151 0.011289
1411 151 -0.000007
1412 151 -0.011298
1446 151 0.011114
1447 151 -0.000007
1448 151 -0.011122
116 152 -0.258605
151 152 -0.244354
152 152 0.966125
153 152 -0.243745
188 152 -0.221484
780 152 -0.011256
781 152 -0.011261
815 152 -0.000031
816 152 -0.000030
850 152 0.010884
851 152 0.010883
1411 152 0.011298
1412 152 0.000014
1413 152 -0.011288
1447 152 0.011123
1448 152 0.000014
1449 152 -0.011109
117 153 -0.250848
152 153 -0.243745
153 153 0.946720
154 153 -0.240478
189 153 -0.213752
781 153 -0.011085
782 153 -0.011087
816 153 -0.000062
817 153 -0.000060
851 153 0.010691
852 153 0.010691
1412 153 0.011283
1413 153 0.000079
1414 153 -0.011209
1448 153 0.011108
1449 153 0.000075
1450 153 -0.011033
118 154 -0.251984
153 154 -0.240478
154 154 0.940725
155 154 -0.234009
190 154 -0.216226
782 154 -0.011113
783 154 -0.011115
817 154 -0.000021
818 154 -0.000017
852 154 0.010753
853 154 0.010753
1413 154 0.011210
1414 154 0.000155
1415 154 -0.011060
1449 154 0.011033
1450 154 0.000148
1451 154 -0.010884
119 155 -0.242004
154 155 -0.234009
155 155 0.904732
156 155 -0.223507
191 155 -0.207154
783 155 -0.010886
784 155 -0.010895
818 155 -0.000036
819 155 -0.000029
853 155 0.010525
854 155 0.010529
1414 155 0.011054
1415 155 0.000257
1416 155 -0.010811
1450 155 0.010885
1451 155 0.000246
1452 155 -0.010642
120 156 -0.228466
155 156 -0.223507
156 156 0.852377
157 156 -0.213838
192 156 -0.189010
784 156 -0.010577
785 156 -0.010584
819 156 -0.000209
820 156 -0.000206
854 156 0.010054
855 156 0.010062
1415 156 0.010802
1416 156 0.000244
1417 156 -0.010573
1451 156 0.010638
1452 156 0.000237
1453 156 -0.010413
121 157 -0.219819
156 157 -0.213838
157 157 0.780572
158 157 -0.172369
193 157 -0.177319
785 157 -0.010376
786 157 -0.010395
820 157 -0.000326
821 157 -0.000328
855 157 0.009738
856 157 0.009795
1416 157 0.010567
1417 157 0.001066
1418 157 -0.009512
1452 157 0.010404
1453 157 0.001051
1454 157 -0.009416
