362 362 5786
1 1 0.065165
2 1 -0.032021
4 1 -0.033144
131 1 0.000127
133 1 -0.000112
134 1 -0.000109
246 1 -0.000353
247 1 -0.000125
248 1 -0.000142
1 2 -0.032021
2 2 0.168582
5 2 -0.042658
131 2 -0.000251
132 2 -0.000310
134 2 -0.000140
135 2 -0.000143
246 2 -0.000116
247 2 0.000125
248 2 0.000000
249 2 -0.000152
3 3 0.082034
4 3 -0.040946
9 3 -0.041540
133 3 -0.000417
138 3 -0.000685
139 3 -0.000684
247 3 0.000125
250 3 0.000416
251 3 0.000407
1 4 -0.033144
3 4 -0.040946
4 4 0.165455
5 4 -0.043781
10 4 -0.048107
131 4 -0.000127
133 4 -0.000326
134 4 -0.000334
139 4 -0.000745
140 4 -0.000740
247 4 0.000000
248 4 0.000142
250 4 -0.000416
251 4 0.000018
252 4 0.000426
2 5 -0.042658
4 5 -0.043781
5 5 0.175267
6 5 -0.041902
11 5 -0.047441
131 5 -0.000164
132 5 -0.000131
134 5 -0.000301
135 5 -0.000295
140 5 -0.000735
141 5 -0.000730
247 5 -0.000125
248 5 -0.000000
249 5 0.000152
251 5 -0.000425
252 5 -0.000012
253 5 0.000410
5 6 -0.041902
6 6 0.187634
12 6 -0.051089
132 6 -0.000151
135 6 -0.000285
136 6 -0.000299
141 6 -0.000761
142 6 -0.000764
248 6 -0.000142
249 6 -0.000000
252 6 -0.000414
253 6 0.000026
254 6 0.000438
7 7 0.071825
8 7 -0.033858
14 7 -0.038797
137 7 -0.000921
144 7 -0.001178
255 7 0.000869
256 7 0.000867
7 8 -0.033858
8 8 0.130917
9 8 -0.047364
15 8 -0.050780
137 8 -0.001051
138 8 -0.001057
144 8 -0.001348
145 8 -0.001353
250 8 0.000736
255 8 -0.000869
256 8 0.000164
257 8 0.001035
3 9 -0.041540
8 9 -0.047364
9 9 0.185482
10 9 -0.048781
16 9 -0.048375
133 9 0.000421
138 9 -0.000342
139 9 -0.000345
145 9 -0.001318
146 9 -0.001314
250 9 0.000009
251 9 0.000754
256 9 -0.001032
257 9 0.000018
258 9 0.001043
4 10 -0.048107
9 10 -0.048781
10 10 0.204457
11 10 -0.051849
17 10 -0.056397
133 10 0.000443
134 10 0.000448
139 10 -0.000357
140 10 -0.000364
146 10 -0.001428
147 10 -0.001418
250 10 -0.000745
251 10 0.000019
252 10 0.000772
257 10 -0.001052
258 10 0.000035
259 10 0.001074
5 11 -0.047441
10 11 -0.051849
11 11 0.217420
12 11 -0.056785
18 11 -0.062152
134 11 0.000445
135 11 0.000443
140 11 -0.000421
141 11 -0.000430
147 11 -0.001493
148 11 -0.001498
251 11 -0.000773
252 11 0.000031
253 11 0.000807
258 11 -0.001078
259 11 0.000054
260 11 0.001134
6 12 -0.051089
11 12 -0.056785
12 12 0.219012
13 12 -0.054413
19 12 -0.057390
135 12 0.000455
136 12 0.000461
141 12 -0.000358
142 12 -0.000352
148 12 -0.001434
149 12 -0.001454
252 12 -0.000803
253 12 -0.000014
254 12 0.000790
259 12 -0.001128
260 12 -0.000027
261 12 0.001125
12 13 -0.054413
13 13 0.185892
20 13 -0.047531
136 13 0.000455
142 13 -0.000283
143 13 -0.000214
149 13 -0.001307
253 13 -0.000793
254 13 -0.000119
260 13 -0.001107
261 13 -0.000243
7 14 -0.038797
14 14 0.157658
15 14 -0.056180
23 14 -0.063834
137 14 0.000941
144 14 -0.000619
151 14 -0.002135
152 14 -0.002137
255 14 0.001433
256 14 0.001434
262 14 0.001738
263 14 0.001742
8 15 -0.050780
14 15 -0.056180
15 15 0.216980
16 15 -0.051864
24 15 -0.058893
137 15 0.001074
138 15 0.001080
144 15 -0.000377
145 15 -0.000368
152 15 -0.002049
153 15 -0.002064
255 15 -0.001433
256 15 -0.000051
257 15 0.001379
262 15 -0.001738
263 15 -0.000072
264 15 0.001685
9 16 -0.048375
15 16 -0.051864
16 16 0.203818
17 16 -0.056125
25 16 -0.047899
138 16 0.001057
139 16 0.001059
145 16 -0.000248
146 16 -0.000261
153 16 -0.001848
154 16 -0.001848
256 16 -0.001382
257 16 0.000052
258 16 0.001440
263 16 -0.001670
264 16 0.000079
265 16 0.001736
10 17 -0.056397
16 17 -0.056125
17 17 0.244892
18 17 -0.067000
26 17 -0.066213
139 17 0.001134
140 17 0.001137
146 17 -0.000396
147 17 -0.000417
154 17 -0.002198
155 17 -0.002177
257 17 -0.001431
258 17 0.000123
259 17 0.001567
264 17 -0.001764
265 17 0.000171
266 17 0.001902
11 18 -0.062152
17 18 -0.067000
18 18 0.261165
19 18 -0.062861
27 18 -0.069987
140 18 0.001189
141 18 0.001193
147 18 -0.000388
148 18 -0.000379
155 18 -0.002243
156 18 -0.002249
258 18 -0.001563
259 18 -0.000044
260 18 0.001517
265 18 -0.001907
266 18 -0.000063
267 18 0.001854
12 19 -0.057390
18 19 -0.062861
19 19 0.228802
20 19 -0.050397
28 19 -0.058741
141 19 0.001152
142 19 0.001149
148 19 -0.000298
149 19 -0.000262
156 19 -0.002047
157 19 -0.002063
259 19 -0.001523
260 19 -0.000139
261 19 0.001360
266 19 -0.001839
267 19 -0.000209
268 19 0.001663
13 20 -0.047531
19 20 -0.050397
20 20 0.143341
29 20 -0.045810
142 20 0.001063
143 20 0.001038
149 20 -0.000225
157 20 -0.001807
260 20 -0.001378
261 20 -0.001360
267 20 -0.001645
268 20 -0.001663
21 21 0.119139
22 21 -0.058973
31 21 -0.062711
150 21 -0.002403
158 21 -0.002689
159 21 -0.002688
269 21 0.002380
270 21 0.002378
21 22 -0.058973
22 22 0.200316
23 22 -0.069971
32 22 -0.074391
150 22 -0.002616
151 22 -0.002618
159 22 -0.002927
160 22 -0.002925
262 22 0.002271
269 22 -0.002380
270 22 0.000214
271 22 0.002590
14 23 -0.063834
22 23 -0.069971
23 23 0.277231
24 23 -0.066824
33 23 -0.077691
144 23 0.001882
151 23 -0.000469
152 23 -0.000465
160 23 -0.002992
161 23 -0.002995
262 23 -0.000049
263 23 0.002218
270 23 -0.002592
271 23 -0.000060
272 23 0.002536
15 24 -0.058893
23 24 -0.066824
24 24 0.247758
25 24 -0.054973
34 24 -0.067919
144 24 0.001812
145 24 0.001808
152 24 -0.000389
153 24 -0.000368
161 24 -0.002795
162 24 -0.002809
262 24 -0.002222
263 24 -0.000192
264 24 0.002011
271 24 -0.002530
272 24 -0.000241
273 24 0.002311
16 25 -0.047899
24 25 -0.054973
25 25 0.211261
26 25 -0.057990
35 25 -0.050916
145 25 0.001645
146 25 0.001656
153 25 -0.000271
154 25 -0.000279
162 25 -0.002422
163 25 -0.002420
263 25 -0.002026
264 25 0.000054
265 25 0.002090
272 25 -0.002295
273 25 0.000071
274 25 0.002357
17 26 -0.066213
25 26 -0.057990
26 26 0.261478
27 26 -0.069202
36 26 -0.068721
146 26 0.001916
147 26 0.001926
154 26 -0.000244
155 26 -0.000274
163 26 -0.002834
164 26 -0.002812
264 26 -0.002066
265 26 0.000171
266 26 0.002266
273 26 -0.002382
274 26 0.000227
275 26 0.002576
18 27 -0.069987
26 27 -0.069202
27 27 0.279733
28 27 -0.065899
37 27 -0.075443
147 27 0.001975
148 27 0.001971
155 27 -0.000319
156 27 -0.000312
164 27 -0.002954
165 27 -0.002951
265 27 -0.002261
266 27 -0.000049
267 27 0.002203
274 27 -0.002584
275 27 -0.000064
276 27 0.002518
19 28 -0.058741
27 28 -0.065899
28 28 0.245314
29 28 -0.054224
38 28 -0.067281
148 28 0.001821
149 28 0.001805
156 28 -0.000379
157 28 -0.000358
165 28 -0.002781
166 28 -0.002790
266 28 -0.002217
267 28 -0.000189
268 28 0.001997
275 28 -0.002512
276 28 -0.000239
277 28 0.002289
20 29 -0.045810
28 29 -0.054224
29 29 0.152255
39 29 -0.052885
149 29 0.001611
157 29 -0.000349
166 29 -0.002468
167 29 -0.002541
267 29 -0.002014
268 29 -0.001997
276 29 -0.002280
277 29 -0.002289
30 30 0.117047
31 30 -0.065031
41 30 -0.054697
158 30 -0.002784
168 30 -0.002995
269 30 0.002796
278 30 0.003113
279 30 0.003076
21 31 -0.062711
30 31 -0.065031
31 31 0.284325
32 31 -0.078833
42 31 -0.078969
150 31 0.002505
158 31 -0.000503
159 31 -0.000511
168 31 -0.003627
169 31 -0.003602
269 31 0.000281
270 31 0.003077
278 31 -0.003113
279 31 0.000318
280 31 0.003394
22 32 -0.074391
31 32 -0.078833
32 32 0.313946
33 32 -0.082500
43 32 -0.078946
150 32 0.002727
151 32 0.002728
159 32 -0.000261
160 32 -0.000269
169 32 -0.003602
170 32 -0.003598
269 32 -0.003076
270 32 0.000068
271 32 0.003147
279 32 -0.003394
280 32 0.000084
281 32 0.003468
23 33 -0.077691
32 33 -0.082500
33 33 0.324273
34 33 -0.079173
44 33 -0.085831
151 33 0.002786
152 33 0.002785
160 33 -0.000331
161 33 -0.000325
170 33 -0.003762
171 33 -0.003755
270 33 -0.003145
271 33 -0.000061
272 33 0.003080
280 33 -0.003478
281 33 -0.000073
282 33 0.003401
24 34 -0.067919
33 34 -0.079173
34 34 0.289527
35 34 -0.064140
45 34 -0.079311
152 34 0.002611
153 34 0.002605
161 34 -0.000407
162 34 -0.000386
171 34 -0.003604
172 34 -0.003619
271 34 -0.003087
272 34 -0.000294
273 34 0.002775
281 34 -0.003395
282 34 -0.000345
283 34 0.003073
25 35 -0.050916
34 35 -0.064140
35 35 0.234971
36 35 -0.061698
46 35 -0.058955
153 35 0.002270
154 35 0.002279
162 35 -0.000349
163 35 -0.000345
172 35 -0.003110
173 35 -0.003112
272 35 -0.002787
273 35 -0.000055
274 35 0.002741
282 35 -0.003056
283 35 -0.000065
284 35 0.003002
26 36 -0.068721
35 36 -0.061698
36 36 0.267770
37 36 -0.075082
47 36 -0.062423
154 36 0.002619
155 36 0.002628
163 36 0.000009
164 36 -0.000046
173 36 -0.003209
174 36 -0.003208
273 36 -0.002720
274 36 0.000260
275 36 0.003008
283 36 -0.003008
284 36 0.000346
285 36 0.003315
27 37 -0.075443
36 37 -0.075082
37 37 0.300710
38 37 -0.077170
48 37 -0.073424
155 37 0.002746
156 37 0.002744
164 37 -0.000118
165 37 -0.000125
174 37 -0.003515
175 37 -0.003482
274 37 -0.003001
275 37 0.000039
276 37 0.003041
284 37 -0.003348
285 37 0.000050
286 37 0.003365
28 38 -0.067281
37 38 -0.077170
38 38 0.283539
39 38 -0.066341
49 38 -0.073505
156 38 0.002598
157 38 0.002592
165 38 -0.000303
166 38 -0.000281
175 38 -0.003484
176 38 -0.003475
275 38 -0.003047
276 38 -0.000213
277 38 0.002822
285 38 -0.003365
286 38 -0.000258
287 38 0.003113
29 39 -0.052885
38 39 -0.066341
39 39 0.222358
40 39 -0.037421
50 39 -0.066747
157 39 0.002308
166 39 -0.000473
167 39 -0.000463
176 39 -0.003305
177 39 -0.003317
276 39 -0.002829
277 39 -0.000640
286 39 -0.003107
287 39 -0.000724
288 39 0.002352
39 40 -0.037421
40 40 0.069186
51 40 -0.033403
167 40 -0.002167
177 40 -0.002418
277 40 -0.002182
287 40 -0.002389
288 40 -0.002352
30 41 -0.054697
41 41 0.165651
42 41 -0.068647
52 41 -0.041855
158 41 0.002928
168 41 0.000207
178 41 -0.003000
278 41 0.003441
279 41 0.003468
289 41 0.003881
290 41 0.003701
31 42 -0.078969
41 42 -0.068647
42 42 0.307015
43 42 -0.078885
53 42 -0.081030
158 42 0.003476
159 42 0.003483
168 42 -0.000091
169 42 -0.000121
178 42 -0.004321
179 42 -0.004171
278 42 -0.003441
279 42 0.000224
280 42 0.003692
289 42 -0.003881
290 42 0.000271
291 42 0.003971
32 43 -0.078946
42 43 -0.078885
43 43 0.320790
44 43 -0.082047
54 43 -0.081453
159 43 0.003483
160 43 0.003489
169 43 -0.000132
170 43 -0.000140
179 43 -0.004183
180 43 -0.004179
279 43 -0.003692
280 43 0.000069
281 43 0.003772
290 43 -0.003972
291 43 0.000083
292 43 0.004046
33 44 -0.085831
43 44 -0.082047
44 44 0.342877
45 44 -0.086109
55 44 -0.089534
160 44 0.003627
161 44 0.003624
170 44 -0.000149
171 44 -0.000160
180 44 -0.004389
181 44 -0.004385
280 44 -0.003761
281 44 0.000085
282 44 0.003850
291 44 -0.004054
292 44 0.000102
293 44 0.004150
34 45 -0.079311
44 45 -0.086109
45 45 0.327302
46 45 -0.074470
56 45 -0.088323
161 45 0.003491
162 45 0.003485
171 45 -0.000293
172 45 -0.000272
181 45 -0.004354
182 45 -0.004357
281 45 -0.003857
282 45 -0.000254
283 45 0.003585
292 45 -0.004148
293 45 -0.000295
294 45 0.003861
35 46 -0.058955
45 46 -0.074470
46 46 0.266857
47 46 -0.059412
57 46 -0.075239
162 46 0.003021
163 46 0.003015
172 46 -0.000498
173 46 -0.000496
182 46 -0.004017
183 46 -0.004020
282 46 -0.003596
283 46 -0.000381
284 46 0.003210
293 46 -0.003855
294 46 -0.000413
295 46 0.003447
36 47 -0.062423
46 47 -0.059412
47 47 0.242375
48 47 -0.059827
58 47 -0.060945
163 47 0.003096
164 47 0.003130
173 47 -0.000016
174 47 -0.000018
183 47 -0.003621
184 47 -0.003628
283 47 -0.003203
284 47 0.000010
285 47 0.003253
294 47 -0.003447
295 47 0.000013
296 47 0.003469
37 48 -0.073424
47 48 -0.059827
48 48 0.259703
49 48 -0.069172
59 48 -0.056705
164 48 0.003362
165 48 0.003366
174 48 0.000416
175 48 0.000351
184 48 -0.003491
185 48 -0.003508
284 48 -0.003220
285 48 0.000212
286 48 0.003466
295 48 -0.003459
296 48 0.000295
297 48 0.003732
38 49 -0.073505
48 49 -0.069172
49 49 0.281688
50 49 -0.074126
60 49 -0.064761
165 49 0.003368
166 49 0.003353
175 49 0.000156
176 49 0.000133
185 49 -0.003785
186 49 -0.003727
285 49 -0.003465
286 49 0.000112
287 49 0.003572
296 49 -0.003764
297 49 0.000147
298 49 0.003847
39 50 -0.066747
49 50 -0.074126
50 50 0.283214
51 50 -0.063936
61 50 -0.079462
166 50 0.003202
167 50 0.003272
176 50 -0.000393
177 50 -0.000382
186 50 -0.004160
187 50 -0.004135
286 50 -0.003578
287 50 -0.000243
288 50 0.003430
297 50 -0.003878
298 50 -0.000272
299 50 0.003581
40 51 -0.033403
50 51 -0.063936
51 51 0.158074
62 51 -0.062554
167 51 0.002278
177 51 -0.000898
187 51 -0.003667
188 51 -0.003688
287 51 -0.003329
288 51 -0.003430
298 51 -0.003575
299 51 -0.003581
41 52 -0.041855
52 52 0.097493
53 52 -0.053126
168 52 0.003120
178 52 0.003180
289 52 0.003480
290 52 0.003602
300 52 0.003686
42 53 -0.081030
52 53 -0.053126
53 53 0.272629
54 53 -0.083598
64 53 -0.053393
168 53 0.004140
169 53 0.004144
178 53 0.001004
179 53 0.000706
189 53 -0.003784
289 53 -0.003480
290 53 0.000760
291 53 0.004363
300 53 0.001118
301 53 0.004632
43 54 -0.081453
53 54 -0.083598
54 54 0.334057
55 54 -0.089059
65 54 -0.080132
169 54 0.004155
170 54 0.004159
179 54 0.000045
180 54 0.000027
189 54 -0.004843
190 54 -0.004606
290 54 -0.004362
291 54 0.000136
292 54 0.004507
300 54 -0.004804
301 54 0.000164
302 54 0.004767
44 55 -0.089534
54 55 -0.089059
55 55 0.364643
56 55 -0.091776
66 55 -0.094910
170 55 0.004352
171 55 0.004355
180 55 -0.000110
181 55 -0.000116
190 55 -0.005041
191 55 -0.005021
291 55 -0.004499
292 55 0.000064
293 55 0.004570
301 55 -0.004795
302 55 0.000075
303 55 0.004848
45 56 -0.088323
55 56 -0.091776
56 56 0.359833
57 56 -0.089701
67 56 -0.090459
171 56 0.004327
172 56 0.004322
181 56 -0.000042
182 56 -0.000037
191 56 -0.004896
192 56 -0.004900
292 56 -0.004571
293 56 -0.000050
294 56 0.004516
302 56 -0.004841
303 56 -0.000058
304 56 0.004790
46 57 -0.075239
56 57 -0.089701
57 57 0.331340
58 57 -0.077600
68 57 -0.089981
172 57 0.003995
173 57 0.003994
182 57 -0.000385
183 57 -0.000375
192 57 -0.004886
193 57 -0.004883
293 57 -0.004520
294 57 -0.000313
295 57 0.004207
303 57 -0.004789
304 57 -0.000342
305 57 0.004452
47 58 -0.060945
57 58 -0.077600
58 58 0.274564
59 58 -0.057488
69 58 -0.079935
173 58 0.003594
174 58 0.003595
183 58 -0.000535
184 58 -0.000547
193 58 -0.004599
194 58 -0.004607
294 58 -0.004203
295 58 -0.000578
296 58 0.003619
304 58 -0.004448
305 58 -0.000603
306 58 0.003839
48 59 -0.056705
58 59 -0.057488
59 59 0.221007
60 59 -0.051033
70 59 -0.055919
174 59 0.003477
175 59 0.003509
184 59 0.000036
185 59 0.000064
194 59 -0.003873
195 59 -0.003848
295 59 -0.003628
296 59 -0.000192
297 59 0.003459
305 59 -0.003849
306 59 -0.000231
307 59 0.003609
49 60 -0.064761
59 60 -0.051033
60 60 0.239546
61 60 -0.069589
71 60 -0.053675
175 60 0.003718
176 60 0.003732
185 60 0.000430
186 60 0.000306
195 60 -0.003768
196 60 -0.003777
296 60 -0.003426
297 60 0.000518
298 60 0.004008
306 60 -0.003607
307 60 0.000679
308 60 0.004215
50 61 -0.079462
60 61 -0.069589
61 61 0.312318
62 61 -0.078699
72 61 -0.085192
176 61 0.004101
177 61 0.004103
186 61 -0.000105
187 61 -0.000128
196 61 -0.004810
197 61 -0.004748
297 61 -0.003977
298 61 0.000229
299 61 0.004235
307 61 -0.004288
308 61 0.000265
309 61 0.004480
51 62 -0.062554
61 62 -0.078699
62 62 0.280219
63 62 -0.055324
73 62 -0.085286
177 62 0.003647
187 62 -0.000627
188 62 -0.000659
197 62 -0.004751
198 62 -0.004868
298 62 -0.004237
299 62 -0.000664
308 62 -0.004480
309 62 -0.000678
310 62 0.003985
62 63 -0.055324
63 63 0.084442
74 63 -0.031086
188 63 -0.002891
198 63 -0.002982
299 63 -0.003571
309 63 -0.003802
310 63 -0.003985
53 64 -0.053393
64 64 0.104272
65 64 -0.047269
178 64 0.003818
179 64 0.003967
189 64 0.004040
300 64 0.003679
301 64 0.003843
54 65 -0.080132
64 65 -0.047269
65 65 0.218185
66 65 -0.085368
179 65 0.004685
180 65 0.004700
189 65 0.005170
190 65 0.004917
300 65 -0.003679
301 65 0.001068
302 65 0.004940
311 65 0.005242
55 66 -0.094910
65 66 -0.085368
66 66 0.339807
67 66 -0.093296
75 66 -0.064262
180 66 0.005084
181 66 0.005087
190 66 0.000994
191 66 0.000930
199 66 -0.005569
301 66 -0.004912
302 66 0.000204
303 66 0.005137
311 66 0.000291
312 66 0.005687
56 67 -0.090459
66 67 -0.093296
67 67 0.329593
68 67 -0.090399
76 67 -0.052988
181 67 0.004973
182 67 0.004969
191 67 0.001092
192 67 0.001117
199 67 -0.004790
200 67 -0.004120
302 67 -0.005144
303 67 -0.000076
304 67 0.005060
311 67 -0.005533
312 67 -0.000117
313 67 0.005311
57 68 -0.089981
67 68 -0.090399
68 68 0.357799
69 68 -0.092955
77 68 -0.084204
182 68 0.004957
183 68 0.004949
192 68 0.000271
193 68 0.000260
200 68 -0.005525
201 68 -0.005134
303 68 -0.005061
304 68 0.000068
305 68 0.005125
312 68 -0.005569
313 68 0.000082
314 68 0.005368
58 69 -0.079935
68 69 -0.092955
69 69 0.346803
70 69 -0.079514
78 69 -0.095608
183 69 0.004669
184 69 0.004690
193 69 -0.000342
194 69 -0.000333
201 69 -0.005498
202 69 -0.005485
304 69 -0.005128
305 69 -0.000377
306 69 0.004772
313 69 -0.005393
314 69 -0.000405
315 69 0.004983
59 70 -0.055919
69 70 -0.079514
70 70 0.266638
71 70 -0.058836
79 70 -0.073684
184 70 0.003912
185 70 0.003902
194 70 -0.000492
195 70 -0.000506
202 70 -0.004803
203 70 -0.004805
305 70 -0.004747
306 70 -0.000694
307 70 0.004077
314 70 -0.004963
315 70 -0.000709
316 70 0.004274
60 71 -0.053675
70 71 -0.058836
71 71 0.239525
72 71 -0.068940
80 71 -0.058491
185 71 0.003824
186 71 0.003891
195 71 -0.000089
196 71 -0.000112
203 71 -0.004283
204 71 -0.004297
306 71 -0.004078
307 71 0.000346
308 71 0.004471
315 71 -0.004273
316 71 0.000389
317 71 0.004632
61 72 -0.085192
71 72 -0.068940
72 72 0.336159
73 72 -0.092304
81 72 -0.090202
186 72 0.004819
187 72 0.004816
196 72 0.000023
197 72 -0.000040
204 72 -0.005343
205 72 -0.005309
307 72 -0.004423
308 72 0.000635
309 72 0.005106
316 72 -0.004663
317 72 0.000725
318 72 0.005344
62 73 -0.085286
72 73 -0.092304
73 73 0.340629
74 73 -0.061182
82 73 -0.103231
187 73 0.004819
188 73 0.004877
197 73 -0.000381
198 73 -0.000369
205 73 -0.005691
206 73 -0.005697
308 73 -0.005106
309 73 -0.000846
310 73 0.004323
317 73 -0.005357
318 73 -0.000902
319 73 0.004381
63 74 -0.031086
73 74 -0.061182
74 74 0.144815
83 74 -0.054194
188 74 0.003087
198 74 -0.000794
206 74 -0.004238
207 74 -0.004118
309 74 -0.004260
310 74 -0.004323
318 74 -0.004442
319 74 -0.004381
66 75 -0.064262
75 75 0.087325
76 75 -0.018289
190 75 0.004714
191 75 0.004760
199 75 0.005982
311 75 0.003079
312 75 0.002917
320 75 0.002605
67 76 -0.052988
75 76 -0.018289
76 76 0.131838
77 76 -0.043055
85 76 -0.014656
191 76 0.004442
192 76 0.004419
199 76 0.002902
200 76 0.001810
208 76 -0.002608
311 76 -0.003079
312 76 0.000933
313 76 0.004095
320 76 0.002055
321 76 0.004040
68 77 -0.084204
76 77 -0.043055
77 77 0.288789
78 77 -0.085891
86 77 -0.074943
192 77 0.005313
193 77 0.005321
200 77 0.000808
201 77 0.000473
208 77 -0.005393
209 77 -0.005181
312 77 -0.003850
313 77 0.001280
314 77 0.005401
320 77 -0.004660
321 77 0.001572
322 77 0.005575
69 78 -0.095608
77 78 -0.085891
78 78 0.376472
79 78 -0.090101
87 78 -0.105605
193 78 0.005642
194 78 0.005641
201 78 -0.000042
202 78 -0.000050
209 78 -0.006174
210 78 -0.006143
313 78 -0.005375
314 78 0.000118
315 78 0.005505
321 78 -0.005611
322 78 0.000130
323 78 0.005708
70 79 -0.073684
78 79 -0.090101
79 79 0.329207
80 79 -0.074091
88 79 -0.092735
194 79 0.004971
195 79 0.004956
202 79 -0.000412
203 79 -0.000415
210 79 -0.005754
211 79 -0.005758
314 79 -0.005519
315 79 -0.000511
316 79 0.004997
322 79 -0.005705
323 79 -0.000528
324 79 0.005179
71 80 -0.058491
79 80 -0.074091
80 80 0.285920
81 80 -0.080176
89 80 -0.074331
195 80 0.004417
196 80 0.004452
203 80 -0.000390
204 80 -0.000390
211 80 -0.005160
212 80 -0.005166
315 80 -0.004994
316 80 0.000218
317 80 0.005221
323 80 -0.005180
324 80 0.000224
325 80 0.005392
72 81 -0.090202
80 81 -0.080176
81 81 0.373048
82 81 -0.101276
90 81 -0.102281
196 81 0.005492
197 81 0.005489
204 81 -0.000119
205 81 -0.000151
212 81 -0.006060
213 81 -0.006046
316 81 -0.005215
317 81 0.000609
318 81 0.005843
324 81 -0.005404
325 81 0.000663
326 81 0.006052
73 82 -0.103231
81 82 -0.101276
82 82 0.407416
83 82 -0.098511
91 82 -0.104480
197 82 0.005858
198 82 0.005980
205 82 0.000200
206 82 0.000208
213 82 -0.006113
214 82 -0.006431
317 82 -0.005830
318 82 -0.000075
319 82 0.005922
325 82 -0.006055
326 82 -0.000086
327 82 0.006270
74 83 -0.054194
82 83 -0.098511
83 83 0.266498
84 83 -0.055918
92 83 -0.058163
198 83 0.004274
206 83 -0.000083
207 83 0.000012
214 83 -0.004558
318 83 -0.005768
319 83 -0.001586
326 83 -0.005966
327 83 -0.001774
83 84 -0.055918
84 84 0.055918
319 84 -0.004336
327 84 -0.004496
76 85 -0.014656
85 85 0.098101
86 85 -0.046547
93 85 -0.038766
199 85 0.002424
200 85 0.002826
208 85 -0.001045
215 85 -0.004196
320 85 0.004830
321 85 0.004417
328 85 0.004408
329 85 0.004564
77 86 -0.074943
85 86 -0.046547
86 86 0.310174
87 86 -0.094808
94 86 -0.095354
200 86 0.005539
201 86 0.005447
208 86 -0.000445
209 86 -0.000403
215 86 -0.006170
216 86 -0.006153
320 86 -0.004830
321 86 0.001639
322 86 0.006080
328 86 -0.004408
329 86 0.001668
330 86 0.006225
78 87 -0.105605
86 87 -0.094808
87 87 0.419571
88 87 -0.109114
95 87 -0.110234
201 87 0.006424
202 87 0.006419
209 87 0.000225
210 87 0.000184
216 87 -0.006621
217 87 -0.006653
321 87 -0.006057
322 87 0.000409
323 87 0.006487
329 87 -0.006232
330 87 0.000460
331 87 0.006713
79 88 -0.092735
87 88 -0.109114
88 88 0.394469
89 88 -0.094012
96 88 -0.098942
202 88 0.006019
203 88 0.006023
210 88 0.000079
211 88 0.000114
217 88 -0.006275
218 88 -0.006277
322 88 -0.006489
323 88 -0.000461
324 88 0.006031
330 88 -0.006685
331 88 -0.000513
332 88 0.006209
80 89 -0.074331
88 89 -0.094012
89 89 0.357099
90 89 -0.097224
97 89 -0.092865
203 89 0.005392
204 89 0.005407
211 89 -0.000350
212 89 -0.000351
218 89 -0.006073
219 89 -0.006071
323 89 -0.006026
324 89 0.000110
325 89 0.006140
331 89 -0.006200
332 89 0.000113
333 89 0.006303
81 90 -0.102281
89 90 -0.097224
90 90 0.410853
91 90 -0.105173
98 90 -0.106323
204 90 0.006329
205 90 0.006324
212 90 0.000218
213 90 0.000195
219 90 -0.006514
220 90 -0.006589
324 90 -0.006141
325 90 0.000231
326 90 0.006374
332 90 -0.006322
333 90 0.000260
334 90 0.006638
82 91 -0.104480
90 91 -0.105173
91 91 0.357517
92 91 -0.060745
99 91 -0.085454
205 91 0.006388
206 91 0.006385
213 91 0.000859
214 91 0.001236
220 91 -0.005834
325 91 -0.006371
326 91 -0.001278
327 91 0.004841
333 91 -0.006563
334 91 -0.001622
83 92 -0.058163
91 92 -0.060745
92 92 0.123568
206 92 0.005007
207 92 0.004765
214 92 0.004923
326 92 -0.005096
327 92 -0.004841
334 92 -0.005015
85 93 -0.038766
93 93 0.218026
94 93 -0.090729
101 93 -0.092854
208 93 0.004190
215 93 -0.001654
221 93 -0.006338
222 93 -0.006364
328 93 0.006688
329 93 0.006269
335 93 0.006405
336 93 0.006424
86 94 -0.095354
93 94 -0.090729
94 94 0.416330
95 94 -0.111452
102 94 -0.120574
208 94 0.006805
209 94 0.006511
215 94 -0.000400
216 94 -0.000392
222 94 -0.007224
223 94 -0.007233
328 94 -0.006688
329 94 0.000660
330 94 0.006935
335 94 -0.006405
336 94 0.000669
337 94 0.007107
87 95 -0.110234
94 95 -0.111452
95 95 0.430156
96 95 -0.098500
103 95 -0.109580
209 95 0.006992
210 95 0.007000
216 95 0.000434
217 95 0.000482
223 95 -0.006883
224 95 -0.006915
329 95 -0.006930
330 95 -0.000384
331 95 0.006523
336 95 -0.007093
337 95 -0.000439
338 95 0.006702
88 96 -0.098942
95 96 -0.098500
96 96 0.385610
97 96 -0.097436
104 96 -0.089669
210 96 0.006659
211 96 0.006626
217 96 0.000684
218 96 0.000689
224 96 -0.006226
225 96 -0.006228
330 96 -0.006552
331 96 -0.000033
332 96 0.006480
337 96 -0.006668
338 96 -0.000040
339 96 0.006634
89 97 -0.092865
96 97 -0.097436
97 97 0.394303
98 97 -0.101663
105 97 -0.102879
211 97 0.006429
212 97 0.006436
218 97 0.000059
219 97 0.000051
225 97 -0.006700
226 97 -0.006744
331 97 -0.006489
332 97 0.000136
333 97 0.006635
338 97 -0.006662
339 97 0.000148
340 97 0.006841
90 98 -0.106323
97 98 -0.101663
98 98 0.379778
99 98 -0.084261
106 98 -0.085496
212 98 0.006866
213 98 0.006874
219 98 0.001058
220 98 0.001192
226 98 -0.006089
227 98 -0.006260
332 98 -0.006616
333 98 -0.000525
334 98 0.006034
339 98 -0.006782
340 98 -0.000667
341 98 0.006323
91 99 -0.085454
98 99 -0.084261
99 99 0.231995
107 99 -0.059923
213 99 0.006233
214 99 0.006197
220 99 0.001222
227 99 -0.005100
228 99 -0.005224
333 99 -0.006110
334 99 -0.006034
340 99 -0.006174
341 99 -0.006323
100 100 0.180704
101 100 -0.096747
110 100 -0.091773
221 100 -0.006429
229 100 -0.006673
230 100 -0.006550
335 100 0.006753
342 100 0.006901
343 100 0.006903
93 101 -0.092854
100 101 -0.096747
101 101 0.439198
102 101 -0.124833
111 101 -0.127298
215 101 0.006763
221 101 -0.000669
222 101 -0.000622
230 101 -0.007695
231 101 -0.007896
335 101 0.000949
336 101 0.007672
342 101 -0.006901
343 101 0.000918
344 101 0.008004
94 102 -0.120574
101 102 -0.124833
102 102 0.456552
103 102 -0.118457
112 102 -0.089525
215 102 0.007730
216 102 0.007701
222 102 0.001387
223 102 0.001431
231 102 -0.006451
232 102 -0.006464
335 102 -0.007702
336 102 -0.000189
337 102 0.007469
343 102 -0.007822
344 102 -0.000249
345 102 0.007627
95 103 -0.109580
102 103 -0.118457
103 103 0.444329
104 103 -0.100161
113 103 -0.116226
216 103 0.007355
217 103 0.007341
223 103 0.000272
224 103 0.000320
232 103 -0.007513
233 103 -0.007354
336 103 -0.007483
337 103 -0.000569
338 103 0.006868
344 103 -0.007755
345 103 -0.000626
346 103 0.007019
96 104 -0.089669
103 104 -0.100161
104 104 0.379781
105 104 -0.094125
114 104 -0.095979
217 104 0.006674
218 104 0.006671
224 104 0.000210
225 104 0.000225
233 104 -0.006669
234 104 -0.006676
337 104 -0.006901
338 104 -0.000207
339 104 0.006689
345 104 -0.007001
346 104 -0.000227
347 104 0.006794
97 105 -0.102879
104 105 -0.094125
105 105 0.377291
106 105 -0.084561
115 105 -0.094577
218 105 0.007115
219 105 0.007121
225 105 0.000785
226 105 0.000842
234 105 -0.006625
235 105 -0.006634
338 105 -0.006660
339 105 -0.000307
340 105 0.006321
346 105 -0.006792
347 105 -0.000363
348 105 0.006448
98 106 -0.085496
105 106 -0.084561
106 106 0.310781
107 106 -0.058418
116 106 -0.081608
219 106 0.006548
220 106 0.006491
226 106 0.000575
227 106 0.000737
235 106 -0.006148
236 106 -0.006148
339 106 -0.006382
340 106 -0.000920
341 106 0.005256
347 106 -0.006431
348 106 -0.001068
349 106 0.005346
99 107 -0.059923
106 107 -0.058418
107 107 0.224390
108 107 -0.042045
117 107 -0.064103
220 107 0.005566
227 107 0.000200
228 107 0.000269
236 107 -0.005484
237 107 -0.005460
340 107 -0.005401
341 107 -0.000688
348 107 -0.005380
349 107 -0.000754
350 107 0.004554
107 108 -0.042045
108 108 0.077714
118 108 -0.038990
228 108 -0.004194
237 108 -0.004320
341 108 -0.004568
349 108 -0.004591
350 108 -0.004554
109 109 0.078950
110 109 -0.066036
119 109 -0.014156
229 109 -0.003527
238 109 -0.003256
342 109 0.005918
351 109 0.007976
352 109 0.006011
100 110 -0.091773
109 110 -0.066036
110 110 0.393847
111 110 -0.123867
120 110 -0.113591
221 110 0.007027
229 110 -0.000236
230 110 -0.000230
238 110 -0.007962
239 110 -0.007971
342 110 0.002037
343 110 0.007936
351 110 -0.007976
352 110 0.002067
353 110 0.008381
101 111 -0.127298
110 111 -0.123867
111 111 0.421298
112 111 -0.087852
121 111 -0.077201
221 111 0.008279
222 111 0.008258
230 111 0.002092
231 111 0.002526
239 111 -0.006243
342 111 -0.007956
343 111 -0.001077
344 111 0.006681
352 111 -0.008079
353 111 -0.001562
102 112 -0.089525
111 112 -0.087852
112 112 0.269078
113 112 -0.083367
222 112 0.007086
223 112 0.007049
231 112 0.007052
232 112 0.007066
343 112 -0.006858
344 112 -0.000160
345 112 0.006652
353 112 -0.006819
354 112 0.006598
103 113 -0.116226
112 113 -0.083367
113 113 0.409826
114 113 -0.112283
122 113 -0.095507
223 113 0.007899
224 113 0.007885
232 113 0.001467
233 113 0.001234
240 113 -0.006843
344 113 -0.006521
345 113 0.000905
346 113 0.007541
354 113 0.001127
355 113 0.007660
104 114 -0.095979
113 114 -0.112283
114 114 0.420081
115 114 -0.095830
123 114 -0.117346
224 114 0.007184
225 114 0.007171
233 114 -0.000189
234 114 -0.000186
240 114 -0.007655
241 114 -0.007650
345 114 -0.007557
346 114 -0.000567
347 114 0.006972
354 114 -0.007725
355 114 -0.000579
356 114 0.007157
105 115 -0.094577
114 115 -0.095830
115 115 0.362181
116 115 -0.091548
124 115 -0.078288
225 115 0.007121
226 115 0.007111
234 115 0.001063
235 115 0.001092
241 115 -0.006205
242 115 -0.006267
346 115 -0.006975
347 115 -0.000149
348 115 0.006807
355 115 -0.007081
356 115 -0.000184
357 115 0.006963
106 116 -0.081608
115 116 -0.091548
116 116 0.343272
117 116 -0.089475
125 116 -0.080067
226 116 0.006622
227 116 0.006648
235 116 0.000500
236 116 0.000508
242 116 -0.006349
243 116 -0.006346
347 116 -0.006824
348 116 -0.000077
349 116 0.006774
356 116 -0.006973
357 116 -0.000088
358 116 0.006894
107 117 -0.064103
116 117 -0.089475
117 117 0.291683
118 117 -0.062452
126 117 -0.076386
227 117 0.005855
228 117 0.005927
236 117 -0.000090
237 117 -0.000070
243 117 -0.006176
348 117 -0.006730
349 117 -0.001139
350 117 0.005717
357 117 -0.006875
358 117 -0.001178
108 118 -0.038990
117 118 -0.062452
118 118 0.105071
228 118 0.004585
237 118 0.004723
349 118 -0.005635
350 118 -0.005717
358 118 -0.005716
109 119 -0.014156
119 119 0.088441
120 119 -0.060685
127 119 -0.013448
229 119 0.003866
238 119 0.000084
244 119 -0.002659
351 119 0.007058
352 119 0.006093
359 119 0.007761
360 119 0.005781
110 120 -0.113591
119 120 -0.060685
120 120 0.311087
121 120 -0.060306
128 120 -0.072058
229 120 0.008254
230 120 0.008100
238 120 0.002717
239 120 0.002726
244 120 -0.007518
351 120 -0.007058
352 120 -0.000012
353 120 0.005777
359 120 -0.007761
360 120 -0.000017
111 121 -0.077201
120 121 -0.060306
121 121 0.144928
230 121 0.006927
231 121 0.006693
239 121 0.006844
352 121 -0.006081
353 121 -0.005777
360 121 -0.005764
113 122 -0.095507
122 122 0.203095
123 122 -0.098406
232 122 0.007393
233 122 0.007459
240 122 0.007501
354 122 0.007272
355 122 0.007339
361 122 0.007372
114 123 -0.117346
122 123 -0.098406
123 123 0.414394
124 123 -0.099300
129 123 -0.096752
233 123 0.008198
234 123 0.008204
240 123 0.001417
241 123 0.001409
245 123 -0.007594
354 123 -0.007272
355 123 0.000029
356 123 0.007316
361 123 0.000036
362 123 0.007804
115 124 -0.078288
123 124 -0.099300
124 124 0.300363
125 124 -0.063582
130 124 -0.056766
234 124 0.006773
235 124 0.006751
241 124 0.001172
242 124 0.001506
245 124 -0.005436
355 124 -0.007368
356 124 -0.001403
357 124 0.005924
361 124 -0.007408
362 124 -0.001854
116 125 -0.080067
124 125 -0.063582
125 125 0.215334
126 125 -0.063988
235 125 0.006818
236 125 0.006809
242 125 0.006960
243 125 0.006956
356 125 -0.005913
357 125 0.000016
358 125 0.005918
362 125 -0.005950
117 126 -0.076386
125 126 -0.063988
126 126 0.147717
236 126 0.006669
237 126 0.006619
243 126 0.006770
357 126 -0.005940
358 126 -0.005918
119 127 -0.013448
127 127 0.035466
128 127 -0.020691
238 127 0.003830
244 127 0.002922
359 127 0.003458
360 127 0.004223
120 128 -0.072058
127 128 -0.020691
128 128 0.099860
238 128 0.006603
239 128 0.006604
244 128 0.008260
359 128 -0.003458
360 128 -0.004223
123 129 -0.096752
129 129 0.155101
130 129 -0.048802
240 129 0.007662
241 129 0.007664
245 129 0.008344
361 129 0.005653
362 129 0.005283
124 130 -0.056766
129 130 -0.048802
130 130 0.111169
241 130 0.006185
242 130 0.005893
245 130 0.005972
361 130 -0.005653
362 130 -0.005283
1 131 0.000127
2 131 -0.000251
4 131 -0.000127
5 131 -0.000164
131 131 0.064047
132 131 -0.039936
133 131 -0.000000
134 131 -0.000001
135 131 -0.000001
246 131 0.037572
247 131 0.032577
248 131 -0.036959
2 132 -0.000310
5 132 -0.000131
6 132 -0.000151
131 132 -0.039936
132 132 0.049824
134 132 -0.000000
135 132 -0.000001
136 132 -0.000000
246 132 -0.046864
248 132 0.046100
1 133 -0.000112
3 133 -0.000417
4 133 -0.000326
9 133 0.000421
10 133 0.000443
131 133 -0.000000
133 133 0.081900
134 133 -0.042335
138 133 0.000007
139 133 0.000014
140 133 0.000007
247 133 0.036839
250 133 0.041017
251 133 -0.044140
1 134 -0.000109
2 134 -0.000140
4 134 -0.000334
5 134 -0.000301
10 134 0.000448
11 134 0.000445
131 134 -0.000001
132 134 -0.000000
133 134 -0.042335
134 134 0.087571
135 134 -0.042827
139 134 0.000007
140 134 0.000014
141 134 0.000007
247 134 -0.038093
248 134 0.043216
251 134 0.045643
252 134 -0.045326
2 135 -0.000143
5 135 -0.000295
6 135 -0.000285
11 135 0.000443
12 135 0.000455
131 135 -0.000001
132 135 -0.000001
134 135 -0.042827
135 135 0.083813
136 135 -0.043963
140 135 0.000007
141 135 0.000014
142 135 0.000007
248 135 -0.042279
249 135 0.045341
252 135 0.044343
253 135 -0.046016
6 136 -0.000299
12 136 0.000461
13 136 0.000455
132 136 -0.000000
135 136 -0.043963
136 136 0.046144
141 136 0.000007
142 136 0.000014
143 136 0.000007
249 136 -0.047576
253 136 0.048285
7 137 -0.000921
8 137 -0.001051
14 137 0.000941
15 137 0.001074
137 137 0.067760
138 137 -0.040023
144 137 0.000057
145 137 0.000029
255 137 0.035854
256 137 -0.041019
3 138 -0.000685
8 138 -0.001057
9 138 -0.000342
15 138 0.001080
16 138 0.001057
133 138 0.000007
137 138 -0.040023
138 138 0.094785
139 138 -0.048034
144 138 0.000029
145 138 0.000058
146 138 0.000029
250 138 0.044599
256 138 0.048516
257 138 -0.047353
3 139 -0.000684
4 139 -0.000745
9 139 -0.000345
10 139 -0.000357
16 139 0.001059
17 139 0.001134
133 139 0.000014
134 139 0.000007
138 139 -0.048034
139 139 0.097631
140 139 -0.050258
145 139 0.000029
146 139 0.000057
147 139 0.000029
250 139 -0.045261
251 139 0.048708
257 139 0.048056
258 139 -0.051888
4 140 -0.000740
5 140 -0.000735
10 140 -0.000364
11 140 -0.000421
17 140 0.001137
18 140 0.001189
133 140 0.000007
134 140 0.000014
135 140 0.000007
139 140 -0.050258
140 140 0.103766
141 140 -0.054227
146 140 0.000029
147 140 0.000057
148 140 0.000029
251 140 -0.050216
252 140 0.049867
258 140 0.053495
259 140 -0.056158
5 141 -0.000730
6 141 -0.000761
11 141 -0.000430
12 141 -0.000358
18 141 0.001193
19 141 0.001152
134 141 0.000007
135 141 0.000014
136 141 0.000007
140 141 -0.054227
141 141 0.113637
142 141 -0.055552
147 141 0.000029
148 141 0.000058
149 141 0.000029
252 141 -0.052187
253 141 0.054157
259 141 0.058770
260 141 -0.056473
6 142 -0.000764
12 142 -0.000352
13 142 -0.000283
19 142 0.001149
20 142 0.001063
135 142 0.000007
136 142 0.000014
141 142 -0.055552
142 142 0.108896
143 142 -0.043634
148 142 0.000029
149 142 0.000058
253 142 -0.053014
254 142 0.052117
260 142 0.055282
261 142 -0.050310
13 143 -0.000214
20 143 0.001038
136 143 0.000007
142 143 -0.043634
143 143 0.035081
149 143 0.000029
254 143 -0.041826
261 143 0.040376
7 144 -0.001178
8 144 -0.001348
14 144 -0.000619
15 144 -0.000377
23 144 0.001882
24 144 0.001812
137 144 0.000057
138 144 0.000029
144 144 0.112540
145 144 -0.053888
151 144 0.000063
152 144 0.000126
153 144 0.000063
255 144 -0.047193
256 144 0.053991
262 144 0.058939
263 144 -0.056612
8 145 -0.001353
9 145 -0.001318
15 145 -0.000368
16 145 -0.000248
24 145 0.001808
25 145 0.001645
137 145 0.000029
138 145 0.000058
139 145 0.000029
144 145 -0.053888
145 145 0.103910
146 145 -0.053861
152 145 0.000063
153 145 0.000127
154 145 0.000063
256 145 -0.051876
257 145 0.050633
263 145 0.054394
264 145 -0.049055
9 146 -0.001314
10 146 -0.001428
16 146 -0.000261
17 146 -0.000396
25 146 0.001656
26 146 0.001916
138 146 0.000029
139 146 0.000057
140 146 0.000029
145 146 -0.053861
146 146 0.112432
147 146 -0.061231
153 146 0.000064
154 146 0.000127
155 146 0.000063
257 146 -0.052672
258 146 0.056872
264 146 0.051030
265 146 -0.059998
10 147 -0.001418
11 147 -0.001493
17 147 -0.000417
18 147 -0.000388
26 147 0.001926
27 147 0.001975
139 147 0.000029
140 147 0.000057
141 147 0.000029
146 147 -0.061231
147 147 0.134181
148 147 -0.064807
154 147 0.000064
155 147 0.000127
156 147 0.000063
258 147 -0.062138
259 147 0.065231
265 147 0.065554
266 147 -0.067396
11 148 -0.001498
12 148 -0.001434
18 148 -0.000379
19 148 -0.000298
27 148 0.001971
28 148 0.001821
140 148 0.000029
141 148 0.000058
142 148 0.000029
147 148 -0.064807
148 148 0.125905
149 148 -0.056194
155 148 0.000063
156 148 0.000127
157 148 0.000064
259 148 -0.063185
260 148 0.060716
266 148 0.065281
267 148 -0.059807
12 149 -0.001454
13 149 -0.001307
19 149 -0.000262
20 149 -0.000225
28 149 0.001805
29 149 0.001611
141 149 0.000029
142 149 0.000058
143 149 0.000029
148 149 -0.056194
149 149 0.100976
156 149 0.000063
157 149 0.000127
260 149 -0.054364
261 149 0.049474
267 149 0.053550
268 149 -0.047290
21 150 -0.002403
22 150 -0.002616
31 150 0.002505
32 150 0.002727
150 150 0.118139
151 150 -0.064141
158 150 0.000107
159 150 0.000215
160 150 0.000107
269 150 0.059567
270 150 -0.064877
14 151 -0.002135
22 151 -0.002618
23 151 -0.000469
32 151 0.002728
33 151 0.002786
144 151 0.000063
150 151 -0.064141
151 151 0.140207
152 151 -0.068210
159 151 0.000107
160 151 0.000215
161 151 0.000107
262 151 0.067904
270 151 0.070668
271 151 -0.072218
14 152 -0.002137
15 152 -0.002049
23 152 -0.000465
24 152 -0.000389
33 152 0.002785
34 152 0.002611
144 152 0.000126
145 152 0.000063
151 152 -0.068210
152 152 0.133987
153 152 -0.060439
160 152 0.000107
161 152 0.000215
162 152 0.000108
262 152 -0.066360
263 152 0.063740
271 152 0.070576
272 152 -0.065988
15 153 -0.002064
16 153 -0.001848
24 153 -0.000368
25 153 -0.000271
34 153 0.002605
35 153 0.002270
144 153 0.000063
145 153 0.000127
146 153 0.000064
152 153 -0.060439
153 153 0.110288
154 153 -0.056290
161 153 0.000107
162 153 0.000216
163 153 0.000108
263 153 -0.057812
264 153 0.052138
272 153 0.059852
273 153 -0.051821
16 154 -0.001848
17 154 -0.002198
25 154 -0.000279
26 154 -0.000244
35 154 0.002279
36 154 0.002619
145 154 0.000063
146 154 0.000127
147 154 0.000064
153 154 -0.056290
154 154 0.116322
155 154 -0.063178
162 154 0.000108
163 154 0.000216
164 154 0.000107
264 154 -0.053549
265 154 0.062959
273 154 0.053224
274 154 -0.061833
17 155 -0.002177
18 155 -0.002243
26 155 -0.000274
27 155 -0.000319
36 155 0.002628
37 155 0.002746
146 155 0.000063
147 155 0.000127
148 155 0.000063
154 155 -0.063178
155 155 0.138744
156 155 -0.067360
163 155 0.000108
164 155 0.000215
165 155 0.000107
265 155 -0.068777
266 155 0.070710
274 155 0.067547
275 155 -0.070774
18 156 -0.002249
19 156 -0.002047
27 156 -0.000312
28 156 -0.000379
37 156 0.002744
38 156 0.002598
147 156 0.000063
148 156 0.000127
149 156 0.000063
155 156 -0.067360
156 156 0.132138
157 156 -0.059607
164 156 0.000107
165 156 0.000215
166 156 0.000108
266 156 -0.069002
267 156 0.063215
275 156 0.069064
276 156 -0.065221
19 157 -0.002063
20 157 -0.001807
28 157 -0.000358
29 157 -0.000349
38 157 0.002592
39 157 0.002308
148 157 0.000064
149 157 0.000127
156 157 -0.059607
157 157 0.108789
165 157 0.000107
166 157 0.000215
167 157 0.000111
267 157 -0.057343
268 157 0.050640
276 157 0.059162
277 157 -0.052452
21 158 -0.002689
30 158 -0.002784
31 158 -0.000503
41 158 0.002928
42 158 0.003476
150 158 0.000107
158 158 0.130478
159 158 -0.071335
168 158 0.000320
169 158 0.000159
269 158 0.065198
278 158 0.058160
279 158 -0.069883
21 159 -0.002688
22 159 -0.002927
31 159 -0.000511
32 159 -0.000261
42 159 0.003483
43 159 0.003483
150 159 0.000215
151 159 0.000107
158 159 -0.071335
159 159 0.158199
160 159 -0.080379
168 159 0.000160
169 159 0.000318
170 159 0.000159
269 159 -0.071783
270 159 0.078183
279 159 0.076942
280 159 -0.076931
22 160 -0.002925
23 160 -0.002992
32 160 -0.000269
33 160 -0.000331
43 160 0.003489
44 160 0.003627
150 160 0.000107
151 160 0.000215
152 160 0.000107
159 160 -0.080379
160 160 0.165532
161 160 -0.080553
169 160 0.000159
170 160 0.000318
171 160 0.000159
270 160 -0.079980
271 160 0.081735
280 160 0.078700
281 160 -0.082060
23 161 -0.002995
24 161 -0.002795
33 161 -0.000325
34 161 -0.000407
44 161 0.003624
45 161 0.003491
151 161 0.000107
152 161 0.000215
153 161 0.000107
160 161 -0.080553
161 161 0.158878
162 161 -0.070995
170 161 0.000159
171 161 0.000317
172 161 0.000159
271 161 -0.080070
272 161 0.074866
281 161 0.080388
282 161 -0.077275
24 162 -0.002809
25 162 -0.002422
34 162 -0.000386
35 162 -0.000349
45 162 0.003485
46 162 0.003021
152 162 0.000108
153 162 0.000216
154 162 0.000108
161 162 -0.070995
162 162 0.128813
163 162 -0.062640
171 162 0.000158
172 162 0.000318
173 162 0.000159
272 162 -0.067384
273 162 0.058343
282 162 0.069552
283 162 -0.059966
25 163 -0.002420
26 163 -0.002834
35 163 -0.000345
36 163 0.000009
46 163 0.003015
47 163 0.003096
153 163 0.000108
154 163 0.000216
155 163 0.000108
162 163 -0.062640
163 163 0.123930
164 163 -0.067793
172 163 0.000159
