48 48 400
1 1 2832268.518520
5 1 1000000.000000
6 1 2083333.333330
7 1 -3333.333333
11 1 1000000.000000
19 1 -2800000.000000
25 1 -28935.185185
30 1 2083333.333330
2 2 1635447.530860
4 2 -2000000.000000
6 2 5555555.555550
8 2 -6666.666667
10 2 -2000000.000000
20 2 -30864.197531
24 2 5555555.555550
26 2 -1597916.666670
3 3 1724367.283950
4 3 -2083333.333330
5 3 -2777777.777780
9 3 -1680000.000000
21 3 -15432.098765
23 3 -2777777.777780
27 3 -28935.185185
28 3 -2083333.333330
2 4 -2000000.000000
3 4 -2083333.333330
4 4 1003333333.330000
8 4 2000000.000000
10 4 400000000.000000
22 4 -3333333.333330
27 4 2083333.333330
28 4 100000000.000000
1 5 1000000.000000
3 5 -2777777.777780
5 5 1067500000.000000
7 5 -1000000.000000
11 5 200000000.000000
21 5 2777777.777780
23 5 333333333.333000
29 5 -833333.333333
1 6 2083333.333330
2 6 5555555.555550
6 6 1535333333.330000
12 6 -2000000.000000
20 6 -5555555.555550
24 6 666666666.667000
25 6 -2083333.333330
30 6 100000000.000000
1 7 -3333.333333
5 7 -1000000.000000
7 7 2832268.518520
11 7 -1000000.000000
12 7 2083333.333330
13 7 -2800000.000000
31 7 -28935.185185
36 7 2083333.333330
2 8 -6666.666667
4 8 2000000.000000
8 8 1635447.530860
10 8 2000000.000000
12 8 5555555.555550
14 8 -30864.197531
18 8 5555555.555550
32 8 -1597916.666670
3 9 -1680000.000000
9 9 1724367.283950
10 9 -2083333.333330
11 9 -2777777.777780
15 9 -15432.098765
17 9 -2777777.777780
33 9 -28935.185185
34 9 -2083333.333330
2 10 -2000000.000000
4 10 400000000.000000
8 10 2000000.000000
9 10 -2083333.333330
10 10 1003333333.330000
16 10 -3333333.333330
33 10 2083333.333330
34 10 100000000.000000
1 11 1000000.000000
5 11 200000000.000000
7 11 -1000000.000000
9 11 -2777777.777780
11 11 1067500000.000000
15 11 2777777.777780
17 11 333333333.333000
35 11 -833333.333333
6 12 -2000000.000000
7 12 2083333.333330
8 12 5555555.555550
12 12 1535333333.330000
14 12 -5555555.555550
18 12 666666666.667000
31 12 -2083333.333330
36 12 100000000.000000
7 13 -2800000.000000
13 13 2836099.469500
17 13 -2149285.294510
18 13 2359161.804020
19 13 -3333.333333
23 13 -1000000.000000
37 13 -28935.185185
42 13 2083333.333330
43 13 -3830.950982
47 13 -1149285.294510
48 13 275828.470683
8 14 -30864.197531
12 14 -5555555.555550
14 14 1767410.744460
15 14 517922.131816
16 14 4298570.589020
18 14 -5555555.555550
20 14 -6666.666667
22 14 2000000.000000
38 14 -1597916.666670
44 14 -131963.213599
45 14 -517922.131816
46 14 2298570.589020
9 15 -15432.098765
11 15 2777777.777780
14 15 517922.131816
15 15 3890038.068480
16 15 -2634990.274700
17 15 2777777.777780
21 15 -1680000.000000
39 15 -28935.185185
40 15 -2083333.333330
44 15 -517922.131816
45 15 -2165670.784530
46 15 -551656.941367
10 16 -3333333.333330
14 16 4298570.589020
15 16 -2634990.274700
16 16 1975720635.310000
20 16 -2000000.000000
22 16 400000000.000000
39 16 2083333.333330
40 16 100000000.000000
44 16 -2298570.589020
45 16 551656.941366
46 16 486193650.990000
9 17 -2777777.777780
11 17 333333333.333000
13 17 -2149285.294510
15 17 2777777.777780
17 17 1527346515.470000
18 17 -109779731.332000
19 17 1000000.000000
23 17 200000000.000000
41 17 -833333.333333
43 17 1149285.294510
47 17 229724661.236000
48 17 -55717351.077900
8 18 5555555.555550
12 18 666666666.667000
13 18 2359161.804020
14 18 -5555555.555550
17 18 -109779731.332000
18 18 1564111437.110000
24 18 -2000000.000000
37 18 -2083333.333330
42 18 100000000.000000
43 18 -275828.470683
47 18 -55717351.077900
48 18 10941196.003800
1 19 -2800000.000000
13 19 -3333.333333
17 19 1000000.000000
19 19 2832268.518520
23 19 1000000.000000
24 19 2083333.333330
43 19 -28935.185185
48 19 2083333.333330
2 20 -30864.197531
6 20 -5555555.555550
14 20 -6666.666667
16 20 -2000000.000000
20 20 1635447.530860
22 20 -2000000.000000
24 20 -5555555.555550
44 20 -1597916.666670
3 21 -15432.098765
5 21 2777777.777780
15 21 -1680000.000000
21 21 1724367.283950
22 21 -2083333.333330
23 21 2777777.777780
45 21 -28935.185185
46 21 -2083333.333330
4 22 -3333333.333330
14 22 2000000.000000
16 22 400000000.000000
20 22 -2000000.000000
21 22 -2083333.333330
22 22 1003333333.330000
45 22 2083333.333330
46 22 100000000.000000
3 23 -2777777.777780
5 23 333333333.333000
13 23 -1000000.000000
17 23 200000000.000000
19 23 1000000.000000
21 23 2777777.777780
23 23 1067500000.000000
47 23 -833333.333333
2 24 5555555.555550
6 24 666666666.667000
18 24 -2000000.000000
19 24 2083333.333330
20 24 -5555555.555550
24 24 1535333333.330000
43 24 -2083333.333330
48 24 100000000.000000
1 25 -28935.185185
6 25 -2083333.333330
25 25 60879.629630
29 25 1250000.000000
30 25 416666.666667
31 25 -4166.666667
35 25 1250000.000000
2 26 -1597916.666670
26 26 3372916.666670
28 26 -2500000.000000
32 26 -8333.333333
34 26 -2500000.000000
3 27 -28935.185185
4 27 2083333.333330
27 27 2411712.962960
28 27 -416666.666667
33 27 -2355000.000000
3 28 -2083333.333330
4 28 100000000.000000
26 28 -2500000.000000
27 28 -416666.666667
28 28 1500000000.000000
32 28 2500000.000000
34 28 500000000.000000
5 29 -833333.333333
25 29 1250000.000000
29 29 501833333.333000
31 29 -1250000.000000
35 29 250000000.000000
1 30 2083333.333330
6 30 100000000.000000
25 30 416666.666667
30 30 502500000.000000
36 30 -2500000.000000
7 31 -28935.185185
12 31 -2083333.333330
25 31 -4166.666667
29 31 -1250000.000000
31 31 3985879.629630
35 31 -1250000.000000
36 31 416666.666667
37 31 -3925000.000000
8 32 -1597916.666670
26 32 -8333.333333
28 32 2500000.000000
32 32 3411496.913580
34 32 2500000.000000
36 32 6944444.444440
38 32 -38580.246914
42 32 6944444.444450
9 33 -28935.185185
10 33 2083333.333330
27 33 -2355000.000000
33 33 2431003.086420
34 33 -416666.666667
35 33 -3472222.222220
39 33 -19290.123457
41 33 -3472222.222220
9 34 -2083333.333330
10 34 100000000.000000
26 34 -2500000.000000
28 34 500000000.000000
32 34 2500000.000000
33 34 -416666.666667
34 34 1504166666.670000
40 34 -4166666.666670
11 35 -833333.333333
25 35 1250000.000000
29 35 250000000.000000
31 35 -1250000.000000
33 35 -3472222.222220
35 35 1335166666.670000
39 35 3472222.222220
41 35 416666666.667000
7 36 2083333.333330
12 36 100000000.000000
30 36 -2500000.000000
31 36 416666.666667
32 36 6944444.444440
36 36 2169166666.670000
38 36 -6944444.444440
42 36 833333333.333000
13 37 -28935.185185
18 37 -2083333.333330
31 37 -3925000.000000
37 37 3985879.629630
41 37 -1250000.000000
42 37 416666.666667
43 37 -4166.666667
47 37 -1250000.000000
14 38 -1597916.666670
32 38 -38580.246914
36 38 -6944444.444440
38 38 3411496.913580
40 38 2500000.000000
42 38 -6944444.444450
44 38 -8333.333333
46 38 2500000.000000
15 39 -28935.185185
16 39 2083333.333330
33 39 -19290.123457
35 39 3472222.222220
39 39 2431003.086420
40 39 -416666.666667
41 39 3472222.222220
45 39 -2355000.000000
15 40 -2083333.333330
16 40 100000000.000000
34 40 -4166666.666670
38 40 2500000.000000
39 40 -416666.666667
40 40 1504166666.670000
44 40 -2500000.000000
46 40 500000000.000000
17 41 -833333.333333
33 41 -3472222.222220
35 41 416666666.667000
37 41 -1250000.000000
39 41 3472222.222220
41 41 1335166666.670000
43 41 1250000.000000
47 41 250000000.000000
13 42 2083333.333330
18 42 100000000.000000
32 42 6944444.444450
36 42 833333333.333000
37 42 416666.666667
38 42 -6944444.444450
42 42 2169166666.670000
48 42 -2500000.000000
13 43 -3830.950982
17 43 1149285.294510
18 43 -275828.470683
19 43 -28935.185185
24 43 -2083333.333330
37 43 -4166.666667
41 43 1250000.000000
43 43 64710.580611
47 43 2399285.294510
48 43 140838.195984
14 44 -131963.213599
15 44 -517922.131816
16 44 -2298570.589020
20 44 -1597916.666670
38 44 -8333.333333
40 44 -2500000.000000
44 44 3504879.880270
45 44 517922.131816
46 44 -4798570.589020
14 45 -517922.131816
15 45 -2165670.784530
16 45 551656.941366
21 45 -28935.185185
22 45 2083333.333330
39 45 -2355000.000000
44 45 517922.131816
45 45 4577383.747490
46 45 134990.274700
14 46 2298570.589020
15 46 -551656.941367
16 46 486193650.990000
21 46 -2083333.333330
22 46 100000000.000000
38 46 2500000.000000
40 46 500000000.000000
44 46 -4798570.589020
45 46 134990.274700
46 46 2472387301.980000
13 47 -1149285.294510
17 47 229724661.236000
18 47 -55717351.077900
23 47 -833333.333333
37 47 -1250000.000000
41 47 250000000.000000
43 47 2399285.294510
47 47 961679848.804000
48 47 -109779731.332000
13 48 275828.470683
17 48 -55717351.077900
18 48 10941196.003800
19 48 2083333.333330
24 48 100000000.000000
42 48 -2500000.000000
43 48 140838.195984
47 48 -109779731.332000
48 48 531278103.775000