66 66 4356
1 1 1990.333286
2 1 567.912180
3 1 775.783614
4 1 -1386.796603
5 1 -0.267855
6 1 -0.466904
7 1 -1.130477
8 1 0.392058
9 1 0.026220
10 1 -490.288435
11 1 -490.205062
12 1 0.025100
13 1 -59.438113
14 1 -38.605943
15 1 -385.480754
16 1 0.046609
17 1 -0.074650
18 1 -0.649846
19 1 0.154605
20 1 0.044746
21 1 0.014304
22 1 -0.021597
23 1 -0.136564
24 1 -0.225766
25 1 5.061861
26 1 -0.115020
27 1 -0.606937
28 1 0.421740
29 1 -0.078763
30 1 -0.640284
31 1 0.583363
32 1 -0.146798
33 1 -0.087175
34 1 -0.030447
35 1 0.002052
36 1 0.024312
37 1 -1.204728
38 1 0.050708
39 1 0.179964
40 1 -0.212499
41 1 -0.003466
42 1 -0.052665
43 1 -0.075453
44 1 -0.024823
45 1 0.010852
46 1 -0.012512
47 1 0.072997
48 1 0.024253
49 1 0.016295
50 1 0.016102
51 1 -0.020412
52 1 0.124351
53 1 0.000017
54 1 -0.038969
55 1 0.053881
56 1 -0.004690
57 1 -0.011685
58 1 0.029228
59 1 -0.020185
60 1 -0.009314
61 1 0.010827
62 1 -0.013489
63 1 -0.001881
64 1 0.004890
65 1 0.012212
66 1 0.011659
1 2 567.912180
2 2 1990.333286
3 2 775.783614
4 2 0.392058
5 2 -1.130477
6 2 0.026220
7 2 -0.267855
8 2 -1386.796603
9 2 -0.466904
10 2 -490.205062
11 2 -490.288435
12 2 0.025100
13 2 -38.605943
14 2 -59.438113
15 2 -385.480754
16 2 0.044746
17 2 0.154605
18 2 0.014304
19 2 -0.074650
20 2 0.046609
21 2 -0.649846
22 2 -0.136564
23 2 -0.021597
24 2 -0.225766
25 2 -0.115020
26 2 5.061861
27 2 -0.606937
28 2 -0.146798
29 2 0.583363
30 2 -0.087175
31 2 -0.078763
32 2 0.421740
33 2 -0.640284
34 2 0.002052
35 2 -0.030447
36 2 0.024312
37 2 0.050708
38 2 -1.204728
39 2 0.179964
40 2 -0.024823
41 2 -0.075453
42 2 0.010852
43 2 -0.003466
44 2 -0.212499
45 2 -0.052665
46 2 0.072997
47 2 -0.012512
48 2 0.024253
49 2 0.016102
50 2 0.016295
51 2 -0.020412
52 2 0.000017
53 2 0.124351
54 2 -0.038969
55 2 -0.020185
56 2 0.029228
57 2 -0.009314
58 2 -0.004690
59 2 0.053881
60 2 -0.011685
61 2 -0.013489
62 2 0.010827
63 2 -0.001881
64 2 0.012212
65 2 0.004890
66 2 0.011659
1 3 775.783614
2 3 775.783614
3 3 7797.067202
4 3 -0.053135
5 3 -0.003048
6 3 -1.025141
7 3 -0.003048
8 3 -0.053135
9 3 -1.025141
10 3 -0.025100
11 3 -0.025100
12 3 -0.326660
13 3 -388.557262
14 3 -388.557262
15 3 -3897.531227
16 3 -0.553346
17 3 -0.027228
18 3 -0.020746
19 3 -0.027228
20 3 -0.553346
21 3 -0.020746
22 3 -0.237089
23 3 -0.237089
24 3 -0.046556
25 3 -0.337238
26 3 -0.337238
27 3 0.079704
28 3 0.110987
29 3 -0.027710
30 3 0.074426
31 3 -0.027710
32 3 0.110987
33 3 0.074426
34 3 0.037226
35 3 0.037226
36 3 0.005528
37 3 0.076498
38 3 0.076498
39 3 -0.030865
40 3 -0.005535
41 3 0.002367
42 3 0.000062
43 3 0.002367
44 3 -0.005535
45 3 0.000062
46 3 -0.015210
47 3 -0.015210
48 3 -0.006377
49 3 -0.001554
50 3 -0.001554
51 3 0.004104
52 3 -0.007785
53 3 -0.007785
54 3 0.004556
55 3 0.001320
56 3 -0.001052
57 3 0.002496
58 3 -0.001052
59 3 0.001320
60 3 0.002496
61 3 0.001261
62 3 0.001261
63 3 0.000996
64 3 -0.001032
65 3 -0.001032
66 3 -0.002202
1 4 -1386.796603
2 4 0.392058
3 4 -0.053135
4 4 3060.652369
5 4 -710.327115
6 4 -1533.013034
7 4 -490.356251
8 4 490.311737
9 4 0.050402
10 4 -1.130477
11 4 -0.267855
12 4 0.003048
13 4 -1066.005983
14 4 71.417984
15 4 710.379369
16 4 -58.556658
17 4 38.630051
18 4 386.582197
19 4 -0.027421
20 4 0.249666
21 4 0.360423
22 4 -5.378108
23 4 70.522587
24 4 47.160577
25 4 0.248145
26 4 -0.100585
27 4 -0.092035
28 4 6.569005
29 4 0.264895
30 4 1.005077
31 4 -0.073864
32 4 0.306412
33 4 0.114551
34 4 0.411470
35 4 -0.000774
36 4 0.054939
37 4 -0.181382
38 4 -0.005483
39 4 -0.154083
40 4 -1.096510
41 4 -0.046951
42 4 -0.160836
43 4 -0.014001
44 4 -0.045529
45 4 -0.006510
46 4 -0.184547
47 4 -0.082865
48 4 -0.035368
49 4 -0.010096
50 4 0.027968
51 4 0.029431
52 4 0.046996
53 4 -0.003417
54 4 -0.022633
55 4 0.176759
56 4 0.018309
57 4 0.037245
58 4 0.005236
59 4 0.014488
60 4 0.014200
61 4 0.038927
62 4 -0.016927
63 4 0.008368
64 4 -0.018882
65 4 0.018625
66 4 -0.012892
1 5 -0.267855
2 5 -1.130477
3 5 -0.003048
4 5 -710.327115
5 5 3060.652369
6 5 1533.013034
7 5 490.311737
8 5 -490.356251
9 5 -0.050402
10 5 0.392058
11 5 -1386.796603
12 5 0.053135
13 5 70.522587
14 5 -5.378108
15 5 -47.160577
16 5 38.630051
17 5 -58.556658
18 5 -386.582197
19 5 0.249666
20 5 -0.027421
21 5 -0.360423
22 5 71.417984
23 5 -1066.005983
24 5 -710.379369
25 5 -0.000774
26 5 0.411470
27 5 -0.054939
28 5 0.264895
29 5 6.569005
30 5 -1.005077
31 5 0.306412
32 5 -0.073864
33 5 -0.114551
34 5 -0.100585
35 5 0.248145
36 5 0.092035
37 5 -0.082865
38 5 -0.184547
39 5 0.035368
40 5 -0.046951
41 5 -1.096510
42 5 0.160836
43 5 -0.045529
44 5 -0.014001
45 5 0.006510
46 5 -0.005483
47 5 -0.181382
48 5 0.154083
49 5 0.027968
50 5 -0.010096
51 5 -0.029431
52 5 -0.016927
53 5 0.038927
54 5 -0.008368
55 5 0.018309
56 5 0.176759
57 5 -0.037245
58 5 0.014488
59 5 0.005236
60 5 -0.014200
61 5 -0.003417
62 5 0.046996
63 5 0.022633
64 5 0.018625
65 5 -0.018882
66 5 0.012892
1 6 -0.466904
2 6 0.026220
3 6 -1.025141
4 6 -1533.013034
5 6 1533.013034
6 6 8746.033539
7 6 -0.050402
8 6 0.050402
9 6 -0.234861
10 6 -0.026220
11 6 0.466904
12 6 -1.025141
13 6 710.389335
14 6 -47.476002
15 6 -474.485382
16 6 389.148183
17 6 -389.148183
18 6 -3897.231199
19 6 0.164121
20 6 -0.164121
21 6 -0.005050
22 6 47.476002
23 6 -710.389335
24 6 -474.485382
25 6 0.460779
26 6 -0.040494
27 6 -0.053205
28 6 0.380074
29 6 -0.380074
30 6 -0.006466
31 6 0.007734
32 6 -0.007734
33 6 0.010514
34 6 0.040494
35 6 -0.460779
36 6 -0.053205
37 6 -0.117741
38 6 0.016103
39 6 0.006762
40 6 -0.074228
41 6 0.074228
42 6 -0.026445
43 6 0.003118
44 6 -0.003118
45 6 -0.000529
46 6 -0.016103
47 6 0.117741
48 6 0.006762
49 6 -0.001853
50 6 0.001853
51 6 -0.000119
52 6 0.015443
53 6 -0.003051
54 6 -0.004415
55 6 0.013651
56 6 -0.013651
57 6 0.002006
58 6 0.003003
59 6 -0.003003
60 6 0.000357
61 6 0.003051
62 6 -0.015443
63 6 -0.004415
64 6 -0.002488
65 6 0.002488
66 6 0.000529
1 7 -1.130477
2 7 -0.267855
3 7 -0.003048
4 7 -490.356251
5 7 490.311737
6 7 -0.050402
7 7 3060.652369
8 7 -710.327115
9 7 1533.013034
10 7 -1386.796603
11 7 0.392058
12 7 0.053135
13 7 -5.378108
14 7 70.522587
15 7 -47.160577
16 7 -0.027421
17 7 0.249666
18 7 -0.360423
19 7 -58.556658
20 7 38.630051
21 7 -386.582197
22 7 -1066.005983
23 7 71.417984
24 7 -710.379369
25 7 0.411470
26 7 -0.000774
27 7 -0.054939
28 7 -0.073864
29 7 0.306412
30 7 -0.114551
31 7 6.569005
32 7 0.264895
33 7 -1.005077
34 7 0.248145
35 7 -0.100585
36 7 0.092035
37 7 -0.184547
38 7 -0.082865
39 7 0.035368
40 7 -0.014001
41 7 -0.045529
42 7 0.006510
43 7 -1.096510
44 7 -0.046951
45 7 0.160836
46 7 -0.181382
47 7 -0.005483
48 7 0.154083
49 7 -0.010096
50 7 0.027968
51 7 -0.029431
52 7 0.038927
53 7 -0.016927
54 7 -0.008368
55 7 0.005236
56 7 0.014488
57 7 -0.014200
58 7 0.176759
59 7 0.018309
60 7 -0.037245
61 7 0.046996
62 7 -0.003417
63 7 0.022633
64 7 -0.018882
65 7 0.018625
66 7 0.012892
1 8 0.392058
2 8 -1386.796603
3 8 -0.053135
4 8 490.311737
5 8 -490.356251
6 8 0.050402
7 8 -710.327115
8 8 3060.652369
9 8 -1533.013034
10 8 -0.267855
11 8 -1.130477
12 8 0.003048
13 8 71.417984
14 8 -1066.005983
15 8 710.379369
16 8 0.249666
17 8 -0.027421
18 8 0.360423
19 8 38.630051
20 8 -58.556658
21 8 386.582197
22 8 70.522587
23 8 -5.378108
24 8 47.160577
25 8 -0.100585
26 8 0.248145
27 8 -0.092035
28 8 0.306412
29 8 -0.073864
30 8 0.114551
31 8 0.264895
32 8 6.569005
33 8 1.005077
34 8 -0.000774
35 8 0.411470
36 8 0.054939
37 8 -0.005483
38 8 -0.181382
39 8 -0.154083
40 8 -0.045529
41 8 -0.014001
42 8 -0.006510
43 8 -0.046951
44 8 -1.096510
45 8 -0.160836
46 8 -0.082865
47 8 -0.184547
48 8 -0.035368
49 8 0.027968
50 8 -0.010096
51 8 0.029431
52 8 -0.003417
53 8 0.046996
54 8 -0.022633
55 8 0.014488
56 8 0.005236
57 8 0.014200
58 8 0.018309
59 8 0.176759
60 8 0.037245
61 8 -0.016927
62 8 0.038927
63 8 0.008368
64 8 0.018625
65 8 -0.018882
66 8 -0.012892
1 9 0.026220
2 9 -0.466904
3 9 -1.025141
4 9 0.050402
5 9 -0.050402
6 9 -0.234861
7 9 1533.013034
8 9 -1533.013034
9 9 8746.033539
10 9 0.466904
11 9 -0.026220
12 9 -1.025141
13 9 -47.476002
14 9 710.389335
15 9 -474.485382
16 9 -0.164121
17 9 0.164121
18 9 -0.005050
19 9 -389.148183
20 9 389.148183
21 9 -3897.231199
22 9 -710.389335
23 9 47.476002
24 9 -474.485382
25 9 -0.040494
26 9 0.460779
27 9 -0.053205
28 9 -0.007734
29 9 0.007734
30 9 0.010514
31 9 -0.380074
32 9 0.380074
33 9 -0.006466
34 9 -0.460779
35 9 0.040494
36 9 -0.053205
37 9 0.016103
38 9 -0.117741
39 9 0.006762
40 9 -0.003118
41 9 0.003118
42 9 -0.000529
43 9 0.074228
44 9 -0.074228
45 9 -0.026445
46 9 0.117741
47 9 -0.016103
48 9 0.006762
49 9 0.001853
50 9 -0.001853
51 9 -0.000119
52 9 -0.003051
53 9 0.015443
54 9 -0.004415
55 9 -0.003003
56 9 0.003003
57 9 0.000357
58 9 -0.013651
59 9 0.013651
60 9 0.002006
61 9 -0.015443
62 9 0.003051
63 9 -0.004415
64 9 0.002488
65 9 -0.002488
66 9 0.000529
1 10 -490.288435
2 10 -490.205062
3 10 -0.025100
4 10 -1.130477
5 10 0.392058
6 10 -0.026220
7 10 -1386.796603
8 10 -0.267855
9 10 0.466904
10 10 1990.333286
11 10 567.912180
12 10 -775.783614
13 10 -0.021597
14 10 -0.136564
15 10 0.225766
16 10 0.154605
17 10 0.044746
18 10 -0.014304
19 10 0.046609
20 10 -0.074650
21 10 0.649846
22 10 -59.438113
23 10 -38.605943
24 10 385.480754
25 10 -0.030447
26 10 0.002052
27 10 -0.024312
28 10 0.583363
29 10 -0.146798
30 10 0.087175
31 10 0.421740
32 10 -0.078763
33 10 0.640284
34 10 5.061861
35 10 -0.115020
36 10 0.606937
37 10 -0.012512
38 10 0.072997
39 10 -0.024253
40 10 -0.075453
41 10 -0.024823
42 10 -0.010852
43 10 -0.212499
44 10 -0.003466
45 10 0.052665
46 10 -1.204728
47 10 0.050708
48 10 -0.179964
49 10 0.016295
50 10 0.016102
51 10 0.020412
52 10 0.010827
53 10 -0.013489
54 10 0.001881
55 10 0.029228
56 10 -0.020185
57 10 0.009314
58 10 0.053881
59 10 -0.004690
60 10 0.011685
61 10 0.124351
62 10 0.000017
63 10 0.038969
64 10 0.004890
65 10 0.012212
66 10 -0.011659
1 11 -490.205062
2 11 -490.288435
3 11 -0.025100
4 11 -0.267855
5 11 -1386.796603
6 11 0.466904
7 11 0.392058
8 11 -1.130477
9 11 -0.026220
10 11 567.912180
11 11 1990.333286
12 11 -775.783614
13 11 -0.136564
14 11 -0.021597
15 11 0.225766
16 11 -0.074650
17 11 0.046609
18 11 0.649846
19 11 0.044746
20 11 0.154605
21 11 -0.014304
22 11 -38.605943
23 11 -59.438113
24 11 385.480754
25 11 0.002052
26 11 -0.030447
27 11 -0.024312
28 11 -0.078763
29 11 0.421740
30 11 0.640284
31 11 -0.146798
32 11 0.583363
33 11 0.087175
34 11 -0.115020
35 11 5.061861
36 11 0.606937
37 11 0.072997
38 11 -0.012512
39 11 -0.024253
40 11 -0.003466
41 11 -0.212499
42 11 0.052665
43 11 -0.024823
44 11 -0.075453
45 11 -0.010852
46 11 0.050708
47 11 -1.204728
48 11 -0.179964
49 11 0.016102
50 11 0.016295
51 11 0.020412
52 11 -0.013489
53 11 0.010827
54 11 0.001881
55 11 -0.004690
56 11 0.053881
57 11 0.011685
58 11 -0.020185
59 11 0.029228
60 11 0.009314
61 11 0.000017
62 11 0.124351
63 11 0.038969
64 11 0.012212
65 11 0.004890
66 11 -0.011659
1 12 0.025100
2 12 0.025100
3 12 -0.326660
4 12 0.003048
5 12 0.053135
6 12 -1.025141
7 12 0.053135
8 12 0.003048
9 12 -1.025141
10 12 -775.783614
11 12 -775.783614
12 12 7797.067202
13 12 0.237089
14 12 0.237089
15 12 -0.046556
16 12 0.027228
17 12 0.553346
18 12 -0.020746
19 12 0.553346
20 12 0.027228
21 12 -0.020746
22 12 388.557262
23 12 388.557262
24 12 -3897.531227
25 12 -0.037226
26 12 -0.037226
27 12 0.005528
28 12 0.027710
29 12 -0.110987
30 12 0.074426
31 12 -0.110987
32 12 0.027710
33 12 0.074426
34 12 0.337238
35 12 0.337238
36 12 0.079704
37 12 0.015210
38 12 0.015210
39 12 -0.006377
40 12 -0.002367
41 12 0.005535
42 12 0.000062
43 12 0.005535
44 12 -0.002367
45 12 0.000062
46 12 -0.076498
47 12 -0.076498
48 12 -0.030865
49 12 0.001554
50 12 0.001554
51 12 0.004104
52 12 -0.001261
53 12 -0.001261
54 12 0.000996
55 12 0.001052
56 12 -0.001320
57 12 0.002496
58 12 -0.001320
59 12 0.001052
60 12 0.002496
61 12 0.007785
62 12 0.007785
63 12 0.004556
64 12 0.001032
65 12 0.001032
66 12 -0.002202
1 13 -59.438113
2 13 -38.605943
3 13 -388.557262
4 13 -1066.005983
5 13 70.522587
6 13 710.389335
7 13 -5.378108
8 13 71.417984
9 13 -47.476002
10 13 -0.021597
11 13 -0.136564
12 13 0.237089
13 13 4392.026311
14 13 660.492729
15 13 993.175594
16 13 -1585.351607
17 13 -0.740773
18 13 -0.033927
19 13 -1.782334
20 13 0.475093
21 13 0.054754
22 13 -560.648710
23 13 -560.721660
24 13 -0.074783
25 13 -57.728795
26 13 -38.869912
27 13 -387.224876
28 13 -1062.427263
29 13 -82.139132
30 13 -816.160335
31 13 -7.007610
32 13 -81.047335
33 13 -62.634575
34 13 -0.003624
35 13 -0.195686
36 13 -0.196187
37 13 6.653385
38 13 -0.097221
39 13 -1.154252
40 13 0.461214
41 13 0.140634
42 13 0.162896
43 13 0.536530
44 13 0.094519
45 13 -0.083986
46 13 -0.043970
47 13 -0.337222
48 13 -0.177623
49 13 -0.074089
50 13 -0.114823
51 13 0.142988
52 13 -0.713025
53 13 0.024469
54 13 0.209259
55 13 -0.160889
56 13 0.004035
57 13 0.112973
58 13 -0.167947
59 13 0.102900
60 13 0.054029
61 13 -0.038750
62 13 0.047591
63 13 0.008125
64 13 -0.017132
65 13 -0.086519
66 13 -0.077993
1 14 -38.605943
2 14 -59.438113
3 14 -388.557262
4 14 71.417984
5 14 -5.378108
6 14 -47.476002
7 14 70.522587
8 14 -1066.005983
9 14 710.389335
10 14 -0.136564
11 14 -0.021597
12 14 0.237089
13 14 660.492729
14 14 4392.026311
15 14 993.175594
16 14 0.475093
17 14 -1.782334
18 14 0.054754
19 14 -0.740773
20 14 -1585.351607
21 14 -0.033927
22 14 -560.721660
23 14 -560.648710
24 14 -0.074783
25 14 -38.869912
26 14 -57.728795
27 14 -387.224876
28 14 -81.047335
29 14 -7.007610
30 14 -62.634575
31 14 -82.139132
32 14 -1062.427263
33 14 -816.160335
34 14 -0.195686
35 14 -0.003624
36 14 -0.196187
37 14 -0.097221
38 14 6.653385
39 14 -1.154252
40 14 0.094519
41 14 0.536530
42 14 -0.083986
43 14 0.140634
44 14 0.461214
45 14 0.162896
46 14 -0.337222
47 14 -0.043970
48 14 -0.177623
49 14 -0.114823
50 14 -0.074089
51 14 0.142988
52 14 0.024469
53 14 -0.713025
54 14 0.209259
55 14 0.102900
56 14 -0.167947
57 14 0.054029
58 14 0.004035
59 14 -0.160889
60 14 0.112973
61 14 0.047591
62 14 -0.038750
63 14 0.008125
64 14 -0.086519
65 14 -0.017132
66 14 -0.077993
1 15 -385.480754
2 15 -385.480754
3 15 -3897.531227
4 15 710.379369
5 15 -47.160577
6 15 -474.485382
7 15 -47.160577
8 15 710.379369
9 15 -474.485382
10 15 0.225766
11 15 0.225766
12 15 -0.046556
13 15 993.175594
14 15 993.175594
15 15 10005.377741
16 15 -0.057331
17 15 0.050329
18 15 -1.535449
19 15 0.050329
20 15 -0.057331
21 15 -1.535449
22 15 0.074783
23 15 0.074783
24 15 -0.268728
25 15 -389.959101
26 15 -389.959101
27 15 -3896.920787
28 15 -816.667496
29 15 -63.073331
30 15 -629.339070
31 15 -63.073331
32 15 -816.667496
33 15 -629.339070
34 15 -0.190581
35 15 -0.190581
36 15 -0.033517
37 15 -0.248471
38 15 -0.248471
39 15 -0.072718
40 15 -0.498551
41 15 -0.028369
42 15 -0.076313
43 15 -0.028369
44 15 -0.498551
45 15 -0.076313
46 15 -0.033098
47 15 -0.033098
48 15 0.002663
49 15 0.005542
50 15 0.005542
51 15 0.015503
52 15 0.036069
53 15 0.036069
54 15 -0.030293
55 15 0.084429
56 15 0.014640
57 15 0.016547
58 15 0.014640
59 15 0.084429
60 15 0.016547
61 15 0.001391
62 15 0.001391
63 15 0.002055
64 15 -0.000503
65 15 -0.000503
66 15 -0.005681
1 16 0.046609
2 16 0.044746
3 16 -0.553346
4 16 -58.556658
5 16 38.630051
6 16 389.148183
7 16 -0.027421
8 16 0.249666
9 16 -0.164121
10 16 0.154605
11 16 -0.074650
12 16 0.027228
13 16 -1585.351607
14 16 0.475093
15 16 -0.057331
16 16 2253.168445
17 16 -638.199165
18 16 -776.517736
19 16 -560.361038
20 16 560.313049
21 16 0.015898
22 16 -1.782334
23 16 -0.740773
24 16 -0.050329
25 16 0.254632
26 16 0.030172
27 16 0.269511
28 16 -58.281446
29 16 38.687756
30 16 385.876795
31 16 -0.027859
32 16 0.173959
33 16 0.123827
34 16 0.102477
35 16 0.017599
36 16 0.003476
37 16 0.624486
38 16 0.123809
39 16 0.647462
40 16 4.767591
41 16 0.012119
42 16 0.726097
43 16 -0.001392
44 16 -0.073186
45 16 0.002276
46 16 0.687890
47 16 0.170830
48 16 0.128190
49 16 0.034205
50 16 -0.031941
51 16 -0.122696
52 16 -0.174120
53 16 -0.002930
54 16 0.093804
55 16 -0.808359
56 16 -0.054455
57 16 -0.192594
58 16 -0.038806
59 16 -0.008453
60 16 -0.024734
61 16 -0.101597
62 16 0.042132
63 16 -0.024463
64 16 0.057076
65 16 -0.026250
66 16 0.053216
1 17 -0.074650
2 17 0.154605
3 17 -0.027228
4 17 38.630051
5 17 -58.556658
6 17 -389.148183
7 17 0.249666
8 17 -0.027421
9 17 0.164121
10 17 0.044746
11 17 0.046609
12 17 0.553346
13 17 -0.740773
14 17 -1.782334
15 17 0.050329
16 17 -638.199165
17 17 2253.168445
18 17 776.517736
19 17 560.313049
20 17 -560.361038
21 17 -0.015898
22 17 0.475093
23 17 -1585.351607
24 17 0.057331
25 17 0.017599
26 17 0.102477
27 17 -0.003476
28 17 38.687756
29 17 -58.281446
30 17 -385.876795
31 17 0.173959
32 17 -0.027859
33 17 -0.123827
34 17 0.030172
35 17 0.254632
36 17 -0.269511
37 17 0.170830
38 17 0.687890
39 17 -0.128190
40 17 0.012119
41 17 4.767591
42 17 -0.726097
43 17 -0.073186
44 17 -0.001392
45 17 -0.002276
46 17 0.123809
47 17 0.624486
48 17 -0.647462
49 17 -0.031941
50 17 0.034205
51 17 0.122696
52 17 0.042132
53 17 -0.101597
54 17 0.024463
55 17 -0.054455
56 17 -0.808359
57 17 0.192594
58 17 -0.008453
59 17 -0.038806
60 17 0.024734
61 17 -0.002930
62 17 -0.174120
63 17 -0.093804
64 17 -0.026250
65 17 0.057076
66 17 -0.053216
1 18 -0.649846
2 18 0.014304
3 18 -0.020746
4 18 386.582197
5 18 -386.582197
6 18 -3897.231199
7 18 -0.360423
8 18 0.360423
9 18 -0.005050
10 18 -0.014304
11 18 0.649846
12 18 -0.020746
13 18 -0.033927
14 18 0.054754
15 18 -1.535449
16 18 -776.517736
17 18 776.517736
18 18 7798.073497
19 18 -0.015898
20 18 0.015898
21 18 -0.437385
22 18 -0.054754
23 18 0.033927
24 18 -1.535449
25 18 0.648808
26 18 -0.027048
27 18 -0.052545
28 18 388.987123
29 18 -388.987123
30 18 -3897.427049
31 18 0.329130
32 18 -0.329130
33 18 -0.086382
34 18 0.027048
35 18 -0.648808
36 18 -0.052545
37 18 -0.133462
38 18 -0.023184
39 18 0.078835
40 18 0.261059
41 18 -0.261059
42 18 0.074870
43 18 -0.044269
44 18 0.044269
45 18 0.015880
46 18 0.023184
47 18 0.133462
48 18 0.078835
49 18 0.001898
50 18 -0.001898
51 18 -0.022023
52 18 0.005680
53 18 0.001750
54 18 -0.000203
55 18 -0.038754
56 18 0.038754
57 18 -0.027308
58 18 0.010293
59 18 -0.010293
60 18 -0.007983
61 18 -0.001750
62 18 -0.005680
63 18 -0.000203
64 18 0.002153
65 18 -0.002153
66 18 0.010241
1 19 0.154605
2 19 -0.074650
3 19 -0.027228
4 19 -0.027421
5 19 0.249666
6 19 0.164121
7 19 -58.556658
8 19 38.630051
9 19 -389.148183
10 19 0.046609
11 19 0.044746
12 19 0.553346
13 19 -1.782334
14 19 -0.740773
15 19 0.050329
16 19 -560.361038
17 19 560.313049
18 19 -0.015898
19 19 2253.168445
20 19 -638.199165
21 19 776.517736
22 19 -1585.351607
23 19 0.475093
24 19 0.057331
25 19 0.102477
26 19 0.017599
27 19 -0.003476
28 19 -0.027859
29 19 0.173959
30 19 -0.123827
31 19 -58.281446
32 19 38.687756
33 19 -385.876795
34 19 0.254632
35 19 0.030172
36 19 -0.269511
37 19 0.687890
38 19 0.170830
39 19 -0.128190
40 19 -0.001392
41 19 -0.073186
42 19 -0.002276
43 19 4.767591
44 19 0.012119
45 19 -0.726097
46 19 0.624486
47 19 0.123809
48 19 -0.647462
49 19 0.034205
50 19 -0.031941
51 19 0.122696
52 19 -0.101597
53 19 0.042132
54 19 0.024463
55 19 -0.038806
56 19 -0.008453
57 19 0.024734
58 19 -0.808359
59 19 -0.054455
60 19 0.192594
61 19 -0.174120
62 19 -0.002930
63 19 -0.093804
64 19 0.057076
65 19 -0.026250
66 19 -0.053216
1 20 0.044746
2 20 0.046609
3 20 -0.553346
4 20 0.249666
5 20 -0.027421
6 20 -0.164121
7 20 38.630051
8 20 -58.556658
9 20 389.148183
10 20 -0.074650
11 20 0.154605
12 20 0.027228
13 20 0.475093
14 20 -1585.351607
15 20 -0.057331
16 20 560.313049
17 20 -560.361038
18 20 0.015898
19 20 -638.199165
20 20 2253.168445
21 20 -776.517736
22 20 -0.740773
23 20 -1.782334
24 20 -0.050329
25 20 0.030172
26 20 0.254632
27 20 0.269511
28 20 0.173959
29 20 -0.027859
30 20 0.123827
31 20 38.687756
32 20 -58.281446
33 20 385.876795
34 20 0.017599
35 20 0.102477
36 20 0.003476
37 20 0.123809
38 20 0.624486
39 20 0.647462
40 20 -0.073186
41 20 -0.001392
42 20 0.002276
43 20 0.012119
44 20 4.767591
45 20 0.726097
46 20 0.170830
47 20 0.687890
48 20 0.128190
49 20 -0.031941
50 20 0.034205
51 20 -0.122696
52 20 -0.002930
53 20 -0.174120
54 20 0.093804
55 20 -0.008453
56 20 -0.038806
57 20 -0.024734
58 20 -0.054455
59 20 -0.808359
60 20 -0.192594
61 20 0.042132
62 20 -0.101597
63 20 -0.024463
64 20 -0.026250
65 20 0.057076
66 20 0.053216
1 21 0.014304
2 21 -0.649846
3 21 -0.020746
4 21 0.360423
5 21 -0.360423
6 21 -0.005050
7 21 -386.582197
8 21 386.582197
9 21 -3897.231199
10 21 0.649846
11 21 -0.014304
12 21 -0.020746
13 21 0.054754
14 21 -0.033927
15 21 -1.535449
16 21 0.015898
17 21 -0.015898
18 21 -0.437385
19 21 776.517736
20 21 -776.517736
21 21 7798.073497
22 21 0.033927
23 21 -0.054754
24 21 -1.535449
25 21 -0.027048
26 21 0.648808
27 21 -0.052545
28 21 -0.329130
29 21 0.329130
30 21 -0.086382
31 21 -388.987123
32 21 388.987123
33 21 -3897.427049
34 21 -0.648808
35 21 0.027048
36 21 -0.052545
37 21 -0.023184
38 21 -0.133462
39 21 0.078835
40 21 0.044269
41 21 -0.044269
42 21 0.015880
43 21 -0.261059
44 21 0.261059
45 21 0.074870
46 21 0.133462
47 21 0.023184
48 21 0.078835
49 21 -0.001898
50 21 0.001898
51 21 -0.022023
52 21 0.001750
53 21 0.005680
54 21 -0.000203
55 21 -0.010293
56 21 0.010293
57 21 -0.007983
58 21 0.038754
59 21 -0.038754
60 21 -0.027308
61 21 -0.005680
62 21 -0.001750
63 21 -0.000203
64 21 -0.002153
65 21 0.002153
66 21 0.010241
1 22 -0.021597
2 22 -0.136564
3 22 -0.237089
4 22 -5.378108
5 22 71.417984
6 22 47.476002
7 22 -1066.005983
8 22 70.522587
9 22 -710.389335
10 22 -59.438113
11 22 -38.605943
12 22 388.557262
13 22 -560.648710
14 22 -560.721660
15 22 0.074783
16 22 -1.782334
17 22 0.475093
18 22 -0.054754
19 22 -1585.351607
20 22 -0.740773
21 22 0.033927
22 22 4392.026311
23 22 660.492729
24 22 -993.175594
25 22 -0.003624
26 22 -0.195686
27 22 0.196187
28 22 -7.007610
29 22 -81.047335
30 22 62.634575
31 22 -1062.427263
32 22 -82.139132
33 22 816.160335
34 22 -57.728795
35 22 -38.869912
36 22 387.224876
37 22 -0.043970
38 22 -0.337222
39 22 0.177623
40 22 0.536530
41 22 0.094519
42 22 0.083986
43 22 0.461214
44 22 0.140634
45 22 -0.162896
46 22 6.653385
47 22 -0.097221
48 22 1.154252
49 22 -0.074089
50 22 -0.114823
51 22 -0.142988
52 22 -0.038750
53 22 0.047591
54 22 -0.008125
55 22 -0.167947
56 22 0.102900
57 22 -0.054029
58 22 -0.160889
59 22 0.004035
60 22 -0.112973
61 22 -0.713025
62 22 0.024469
63 22 -0.209259
64 22 -0.017132
65 22 -0.086519
66 22 0.077993
1 23 -0.136564
2 23 -0.021597
3 23 -0.237089
4 23 70.522587
5 23 -1066.005983
6 23 -710.389335
7 23 71.417984
8 23 -5.378108
9 23 47.476002
10 23 -38.605943
11 23 -59.438113
12 23 388.557262
13 23 -560.721660
14 23 -560.648710
15 23 0.074783
16 23 -0.740773
17 23 -1585.351607
18 23 0.033927
19 23 0.475093
20 23 -1.782334
21 23 -0.054754
22 23 660.492729
23 23 4392.026311
24 23 -993.175594
25 23 -0.195686
26 23 -0.003624
27 23 0.196187
28 23 -82.139132
29 23 -1062.427263
30 23 816.160335
31 23 -81.047335
32 23 -7.007610
33 23 62.634575
34 23 -38.869912
35 23 -57.728795
36 23 387.224876
37 23 -0.337222
38 23 -0.043970
39 23 0.177623
40 23 0.140634
41 23 0.461214
42 23 -0.162896
43 23 0.094519
44 23 0.536530
45 23 0.083986
46 23 -0.097221
47 23 6.653385
48 23 1.154252
49 23 -0.114823
50 23 -0.074089
51 23 -0.142988
52 23 0.047591
53 23 -0.038750
54 23 -0.008125
55 23 0.004035
56 23 -0.160889
57 23 -0.112973
58 23 0.102900
59 23 -0.167947
60 23 -0.054029
61 23 0.024469
62 23 -0.713025
63 23 -0.209259
64 23 -0.086519
65 23 -0.017132
66 23 0.077993
1 24 -0.225766
2 24 -0.225766
3 24 -0.046556
4 24 47.160577
5 24 -710.379369
6 24 -474.485382
7 24 -710.379369
8 24 47.160577
9 24 -474.485382
10 24 385.480754
11 24 385.480754
12 24 -3897.531227
13 24 -0.074783
14 24 -0.074783
15 24 -0.268728
16 24 -0.050329
17 24 0.057331
18 24 -1.535449
19 24 0.057331
20 24 -0.050329
21 24 -1.535449
22 24 -993.175594
23 24 -993.175594
24 24 10005.377741
25 24 0.190581
26 24 0.190581
27 24 -0.033517
28 24 63.073331
29 24 816.667496
30 24 -629.339070
31 24 816.667496
32 24 63.073331
33 24 -629.339070
34 24 389.959101
35 24 389.959101
36 24 -3896.920787
37 24 0.033098
38 24 0.033098
39 24 0.002663
40 24 0.028369
41 24 0.498551
42 24 -0.076313
43 24 0.498551
44 24 0.028369
45 24 -0.076313
46 24 0.248471
47 24 0.248471
48 24 -0.072718
49 24 -0.005542
50 24 -0.005542
51 24 0.015503
52 24 -0.001391
53 24 -0.001391
54 24 0.002055
55 24 -0.014640
56 24 -0.084429
57 24 0.016547
58 24 -0.084429
59 24 -0.014640
60 24 0.016547
61 24 -0.036069
62 24 -0.036069
63 24 -0.030293
64 24 0.000503
65 24 0.000503
66 24 -0.005681
1 25 5.061861
2 25 -0.115020
3 25 -0.337238
4 25 0.248145
5 25 -0.000774
6 25 0.460779
7 25 0.411470
8 25 -0.100585
9 25 -0.040494
10 25 -0.030447
11 25 0.002052
12 25 -0.037226
13 25 -57.728795
14 25 -38.869912
15 25 -389.959101
16 25 0.254632
17 25 0.017599
18 25 0.648808
19 25 0.102477
20 25 0.030172
21 25 -0.027048
22 25 -0.003624
23 25 -0.195686
24 25 0.190581
25 25 1607.400325
26 25 469.247259
27 25 776.403673
28 25 -1108.362892
29 25 -0.183225
30 25 -0.025220
31 25 -1.707480
32 25 0.566816
33 25 0.121913
34 25 -391.559218
35 25 -391.499764
36 25 -0.008661
37 25 -57.602537
38 25 -38.661812
39 25 -385.371003
40 25 0.451009
41 25 -0.014154
42 25 -0.406433
43 25 0.183140
44 25 -0.066722
45 25 0.042128
46 25 0.021409
47 25 -0.030680
48 25 0.064532
49 25 0.067819
50 25 -0.077824
51 25 -0.574320
52 25 2.897668
53 25 0.023400
54 25 -0.871894
55 25 0.421527
56 25 -0.091960
57 25 -0.462379
58 25 0.685305
59 25 -0.215989
60 25 -0.203990
61 25 0.034821
62 25 0.042519
63 25 -0.016458
64 25 0.083952
65 25 0.094477
66 25 0.314077
1 26 -0.115020
2 26 5.061861
3 26 -0.337238
4 26 -0.100585
5 26 0.411470
6 26 -0.040494
7 26 -0.000774
8 26 0.248145
9 26 0.460779
10 26 0.002052
11 26 -0.030447
12 26 -0.037226
13 26 -38.869912
14 26 -57.728795
15 26 -389.959101
16 26 0.030172
17 26 0.102477
18 26 -0.027048
19 26 0.017599
20 26 0.254632
21 26 0.648808
22 26 -0.195686
23 26 -0.003624
24 26 0.190581
25 26 469.247259
26 26 1607.400325
27 26 776.403673
28 26 0.566816
29 26 -1.707480
30 26 0.121913
31 26 -0.183225
32 26 -1108.362892
33 26 -0.025220
34 26 -391.499764
35 26 -391.559218
36 26 -0.008661
37 26 -38.661812
38 26 -57.602537
39 26 -385.371003
40 26 -0.066722
41 26 0.183140
42 26 0.042128
43 26 -0.014154
44 26 0.451009
45 26 -0.406433
46 26 -0.030680
47 26 0.021409
48 26 0.064532
49 26 -0.077824
50 26 0.067819
51 26 -0.574320
52 26 0.023400
53 26 2.897668
54 26 -0.871894
55 26 -0.215989
56 26 0.685305
57 26 -0.203990
58 26 -0.091960
59 26 0.421527
60 26 -0.462379
61 26 0.042519
62 26 0.034821
63 26 -0.016458
64 26 0.094477
65 26 0.083952
66 26 0.314077
1 27 -0.606937
2 27 -0.606937
3 27 0.079704
4 27 -0.092035
5 27 -0.054939
6 27 -0.053205
7 27 -0.054939
8 27 -0.092035
9 27 -0.053205
10 27 -0.024312
11 27 -0.024312
12 27 0.005528
13 27 -387.224876
14 27 -387.224876
15 27 -3896.920787
16 27 0.269511
17 27 -0.003476
18 27 -0.052545
19 27 -0.003476
20 27 0.269511
21 27 -0.052545
22 27 0.196187
23 27 0.196187
24 27 -0.033517
25 27 776.403673
26 27 776.403673
27 27 7796.537362
28 27 0.079376
29 27 0.093057
30 27 -0.878158
31 27 0.093057
32 27 0.079376
33 27 -0.878158
34 27 0.008661
35 27 0.008661
36 27 -0.296703
37 27 -388.459520
38 27 -388.459520
39 27 -3897.618917
40 27 -0.325255
41 27 -0.022714
42 27 -0.013290
43 27 -0.022714
44 27 -0.325255
45 27 -0.013290
46 27 -0.182641
47 27 -0.182641
48 27 -0.073276
49 27 0.005273
50 27 0.005273
51 27 0.112376
52 27 -0.223009
53 27 -0.223009
54 27 0.128488
55 27 0.035294
56 27 -0.041533
57 27 0.069744
58 27 -0.041533
59 27 0.035294
60 27 0.069744
61 27 0.011196
62 27 0.011196
63 27 0.013880
64 27 -0.013675
65 27 -0.013675
66 27 -0.059770
1 28 0.421740
2 28 -0.146798
3 28 0.110987
4 28 6.569005
5 28 0.264895
6 28 0.380074
7 28 -0.073864
8 28 0.306412
9 28 -0.007734
10 28 0.583363
11 28 -0.078763
12 28 0.027710
13 28 -1062.427263
14 28 -81.047335
15 28 -816.667496
16 28 -58.281446
17 28 38.687756
18 28 388.987123
19 28 -0.027859
20 28 0.173959
21 28 -0.329130
22 28 -7.007610
23 28 -82.139132
24 28 63.073331
25 28 -1108.362892
26 28 0.566816
27 28 0.079376
28 28 3704.864294
29 28 -492.682130
30 28 -1033.718103
31 28 -391.910493
32 28 391.884625
33 28 0.058444
34 28 -1.707480
35 28 -0.183225
36 28 -0.093057
37 28 -1020.420481
38 28 93.107539
39 28 926.148688
40 28 -56.913009
41 28 38.799995
42 28 386.539472
43 28 -0.052607
44 28 0.232665
45 28 -0.027762
46 28 -9.202353
47 28 91.756820
48 28 83.887975
49 28 -0.005892
50 28 0.413315
51 28 0.849592
52 28 0.568140
53 28 -0.137338
54 28 -0.361101
55 28 4.477304
56 28 0.168613
57 28 1.210833
58 28 0.079348
59 28 0.083532
60 28 0.212446
61 28 0.559866
62 28 -0.154137
63 28 0.162958
64 28 -0.271408
65 28 0.221032
66 28 -0.383596
1 29 -0.078763
2 29 0.583363
3 29 -0.027710
4 29 0.264895
5 29 6.569005
6 29 -0.380074
7 29 0.306412
8 29 -0.073864
9 29 0.007734
10 29 -0.146798
11 29 0.421740
12 29 -0.110987
13 29 -82.139132
14 29 -7.007610
15 29 -63.073331
16 29 38.687756
17 29 -58.281446
18 29 -388.987123
19 29 0.173959
20 29 -0.027859
21 29 0.329130
22 29 -81.047335
23 29 -1062.427263
24 29 816.667496
25 29 -0.183225
26 29 -1.707480
27 29 0.093057
28 29 -492.682130
29 29 3704.864294
30 29 1033.718103
31 29 391.884625
32 29 -391.910493
33 29 -0.058444
34 29 0.566816
35 29 -1108.362892
36 29 -0.079376
37 29 91.756820
38 29 -9.202353
39 29 -83.887975
40 29 38.799995
41 29 -56.913009
42 29 -386.539472
43 29 0.232665
44 29 -0.052607
45 29 0.027762
46 29 93.107539
47 29 -1020.420481
48 29 -926.148688
49 29 0.413315
50 29 -0.005892
51 29 -0.849592
52 29 -0.154137
53 29 0.559866
54 29 -0.162958
55 29 0.168613
56 29 4.477304
57 29 -1.210833
58 29 0.083532
59 29 0.079348
60 29 -0.212446
61 29 -0.137338
62 29 0.568140
63 29 0.361101
64 29 0.221032
65 29 -0.271408
66 29 0.383596
1 30 -0.640284
2 30 -0.087175
3 30 0.074426
4 30 1.005077
5 30 -1.005077
6 30 -0.006466
7 30 -0.114551
8 30 0.114551
9 30 0.010514
10 30 0.087175
11 30 0.640284
12 30 0.074426
13 30 -816.160335
14 30 -62.634575
15 30 -629.339070
16 30 385.876795
17 30 -385.876795
18 30 -3897.427049
19 30 -0.123827
20 30 0.123827
21 30 -0.086382
22 30 62.634575
23 30 816.160335
24 30 -629.339070
25 30 -0.025220
26 30 0.121913
27 30 -0.878158
28 30 -1033.718103
29 30 1033.718103
30 30 10743.124092
31 30 -0.058444
32 30 0.058444
33 30 -0.201006
34 30 -0.121913
35 30 0.025220
36 30 -0.878158
37 30 926.188986
38 30 -84.517672
39 30 -843.804600
40 30 389.811925
41 30 -389.811925
42 30 -3897.075355
43 30 0.103225
44 30 -0.103225
45 30 -0.011557
46 30 84.517672
47 30 -926.188986
48 30 -843.804600
49 30 0.005165
50 30 -0.005165
51 30 -0.090979
52 30 0.411145
53 30 -0.031709
54 30 -0.125467
55 30 0.216071
56 30 -0.216071
57 30 -0.042784
58 30 0.110541
59 30 -0.110541
60 30 -0.030892
61 30 0.031709
62 30 -0.411145
63 30 -0.125467
64 30 -0.018301
65 30 0.018301
66 30 0.055658
1 31 0.583363
2 31 -0.078763
3 31 -0.027710
4 31 -0.073864
5 31 0.306412
6 31 0.007734
7 31 6.569005
8 31 0.264895
9 31 -0.380074
10 31 0.421740
11 31 -0.146798
12 31 -0.110987
13 31 -7.007610
14 31 -82.139132
15 31 -63.073331
16 31 -0.027859
17 31 0.173959
18 31 0.329130
19 31 -58.281446
20 31 38.687756
21 31 -388.987123
22 31 -1062.427263
23 31 -81.047335
24 31 816.667496
25 31 -1.707480
26 31 -0.183225
27 31 0.093057
28 31 -391.910493
29 31 391.884625
30 31 -0.058444
31 31 3704.864294
32 31 -492.682130
33 31 1033.718103
34 31 -1108.362892
35 31 0.566816
36 31 -0.079376
37 31 -9.202353
38 31 91.756820
39 31 -83.887975
40 31 -0.052607
41 31 0.232665
42 31 0.027762
43 31 -56.913009
44 31 38.799995
45 31 -386.539472
46 31 -1020.420481
47 31 93.107539
48 31 -926.148688
49 31 -0.005892
50 31 0.413315
51 31 -0.849592
52 31 0.559866
53 31 -0.154137
54 31 -0.162958
55 31 0.079348
56 31 0.083532
57 31 -0.212446
58 31 4.477304
59 31 0.168613
60 31 -1.210833
61 31 0.568140
62 31 -0.137338
63 31 0.361101
64 31 -0.271408
65 31 0.221032
66 31 0.383596
1 32 -0.146798
2 32 0.421740
3 32 0.110987
4 32 0.306412
5 32 -0.073864
6 32 -0.007734
7 32 0.264895
8 32 6.569005
9 32 0.380074
10 32 -0.078763
11 32 0.583363
12 32 0.027710
13 32 -81.047335
14 32 -1062.427263
15 32 -816.667496
16 32 0.173959
17 32 -0.027859
18 32 -0.329130
19 32 38.687756
20 32 -58.281446
21 32 388.987123
22 32 -82.139132
23 32 -7.007610
24 32 63.073331
25 32 0.566816
26 32 -1108.362892
27 32 0.079376
28 32 391.884625
29 32 -391.910493
30 32 0.058444
31 32 -492.682130
32 32 3704.864294
33 32 -1033.718103
34 32 -0.183225
35 32 -1.707480
36 32 -0.093057
37 32 93.107539
38 32 -1020.420481
39 32 926.148688
40 32 0.232665
41 32 -0.052607
42 32 -0.027762
43 32 38.799995
44 32 -56.913009
45 32 386.539472
46 32 91.756820
47 32 -9.202353
48 32 83.887975
49 32 0.413315
50 32 -0.005892
51 32 0.849592
52 32 -0.137338
53 32 0.568140
54 32 -0.361101
55 32 0.083532
56 32 0.079348
57 32 0.212446
58 32 0.168613
59 32 4.477304
60 32 1.210833
61 32 -0.154137
62 32 0.559866
63 32 0.162958
64 32 0.221032
65 32 -0.271408
66 32 -0.383596
1 33 -0.087175
2 33 -0.640284
3 33 0.074426
4 33 0.114551
5 33 -0.114551
6 33 0.010514
7 33 -1.005077
8 33 1.005077
9 33 -0.006466
10 33 0.640284
11 33 0.087175
12 33 0.074426
13 33 -62.634575
14 33 -816.160335
15 33 -629.339070
16 33 0.123827
17 33 -0.123827
18 33 -0.086382
19 33 -385.876795
20 33 385.876795
21 33 -3897.427049
22 33 816.160335
23 33 62.634575
24 33 -629.339070
25 33 0.121913
26 33 -0.025220
27 33 -0.878158
28 33 0.058444
29 33 -0.058444
30 33 -0.201006
31 33 1033.718103
32 33 -1033.718103
33 33 10743.124092
34 33 0.025220
35 33 -0.121913
36 33 -0.878158
37 33 -84.517672
38 33 926.188986
39 33 -843.804600
40 33 -0.103225
41 33 0.103225
42 33 -0.011557
43 33 -389.811925
44 33 389.811925
45 33 -3897.075355
46 33 -926.188986
47 33 84.517672
48 33 -843.804600
49 33 -0.005165
50 33 0.005165
51 33 -0.090979
52 33 -0.031709
53 33 0.411145
54 33 -0.125467
55 33 -0.110541
56 33 0.110541
57 33 -0.030892
58 33 -0.216071
59 33 0.216071
60 33 -0.042784
61 33 -0.411145
62 33 0.031709
63 33 -0.125467
64 33 0.018301
65 33 -0.018301
66 33 0.055658
1 34 -0.030447
2 34 0.002052
3 34 0.037226
4 34 0.411470
5 34 -0.100585
6 34 0.040494
7 34 0.248145
8 34 -0.000774
9 34 -0.460779
10 34 5.061861
11 34 -0.115020
12 34 0.337238
13 34 -0.003624
14 34 -0.195686
15 34 -0.190581
16 34 0.102477
17 34 0.030172
18 34 0.027048
19 34 0.254632
20 34 0.017599
21 34 -0.648808
22 34 -57.728795
23 34 -38.869912
24 34 389.959101
25 34 -391.559218
26 34 -391.499764
27 34 0.008661
28 34 -1.707480
29 34 0.566816
30 34 -0.121913
31 34 -1108.362892
32 34 -0.183225
33 34 0.025220
34 34 1607.400325
35 34 469.247259
36 34 -776.403673
37 34 0.021409
38 34 -0.030680
39 34 -0.064532
40 34 0.183140
41 34 -0.066722
42 34 -0.042128
43 34 0.451009
44 34 -0.014154
45 34 0.406433
46 34 -57.602537
47 34 -38.661812
48 34 385.371003
49 34 0.067819
50 34 -0.077824
51 34 0.574320
52 34 0.034821
53 34 0.042519
54 34 0.016458
55 34 0.685305
56 34 -0.215989
57 34 0.203990
58 34 0.421527
59 34 -0.091960
60 34 0.462379
61 34 2.897668
62 34 0.023400
63 34 0.871894
64 34 0.083952
65 34 0.094477
66 34 -0.314077
1 35 0.002052
2 35 -0.030447
3 35 0.037226
4 35 -0.000774
5 35 0.248145
6 35 -0.460779
7 35 -0.100585
8 35 0.411470
9 35 0.040494
10 35 -0.115020
11 35 5.061861
12 35 0.337238
13 35 -0.195686
14 35 -0.003624
15 35 -0.190581
16 35 0.017599
17 35 0.254632
18 35 -0.648808
19 35 0.030172
20 35 0.102477
21 35 0.027048
22 35 -38.869912
23 35 -57.728795
24 35 389.959101
25 35 -391.499764
26 35 -391.559218
27 35 0.008661
28 35 -0.183225
29 35 -1108.362892
30 35 0.025220
31 35 0.566816
32 35 -1.707480
33 35 -0.121913
34 35 469.247259
35 35 1607.400325
36 35 -776.403673
37 35 -0.030680
38 35 0.021409
39 35 -0.064532
40 35 -0.014154
41 35 0.451009
42 35 0.406433
43 35 -0.066722
44 35 0.183140
45 35 -0.042128
46 35 -38.661812
47 35 -57.602537
48 35 385.371003
49 35 -0.077824
50 35 0.067819
51 35 0.574320
52 35 0.042519
53 35 0.034821
54 35 0.016458
55 35 -0.091960
56 35 0.421527
57 35 0.462379
58 35 -0.215989
59 35 0.685305
60 35 0.203990
61 35 0.023400
62 35 2.897668
63 35 0.871894
64 35 0.094477
65 35 0.083952
66 35 -0.314077
1 36 0.024312
2 36 0.024312
3 36 0.005528
4 36 0.054939
5 36 0.092035
6 36 -0.053205
7 36 0.092035
8 36 0.054939
9 36 -0.053205
10 36 0.606937
11 36 0.606937
12 36 0.079704
13 36 -0.196187
14 36 -0.196187
15 36 -0.033517
16 36 0.003476
17 36 -0.269511
18 36 -0.052545
19 36 -0.269511
20 36 0.003476
21 36 -0.052545
22 36 387.224876
23 36 387.224876
24 36 -3896.920787
25 36 -0.008661
26 36 -0.008661
27 36 -0.296703
28 36 -0.093057
29 36 -0.079376
30 36 -0.878158
31 36 -0.079376
32 36 -0.093057
33 36 -0.878158
34 36 -776.403673
35 36 -776.403673
36 36 7796.537362
37 36 0.182641
38 36 0.182641
39 36 -0.073276
40 36 0.022714
41 36 0.325255
42 36 -0.013290
43 36 0.325255
44 36 0.022714
45 36 -0.013290
46 36 388.459520
47 36 388.459520
48 36 -3897.618917
49 36 -0.005273
50 36 -0.005273
51 36 0.112376
52 36 -0.011196
53 36 -0.011196
54 36 0.013880
55 36 0.041533
56 36 -0.035294
57 36 0.069744
58 36 -0.035294
59 36 0.041533
60 36 0.069744
61 36 0.223009
62 36 0.223009
63 36 0.128488
64 36 0.013675
65 36 0.013675
66 36 -0.059770
1 37 -1.204728
2 37 0.050708
3 37 0.076498
4 37 -0.181382
5 37 -0.082865
6 37 -0.117741
7 37 -0.184547
8 37 -0.005483
9 37 0.016103
10 37 -0.012512
11 37 0.072997
12 37 0.015210
13 37 6.653385
14 37 -0.097221
15 37 -0.248471
16 37 0.624486
17 37 0.170830
18 37 -0.133462
19 37 0.687890
20 37 0.123809
21 37 -0.023184
22 37 -0.043970
23 37 -0.337222
24 37 0.033098
25 37 -57.602537
26 37 -38.661812
27 37 -388.459520
28 37 -1020.420481
29 37 91.756820
30 37 926.188986
31 37 -9.202353
32 37 93.107539
33 37 -84.517672
34 37 0.021409
35 37 -0.030680
36 37 0.182641
37 37 4334.646705
38 37 1037.515219
39 37 1069.100648
40 37 -1330.957729
41 37 -1.335306
42 37 -0.048140
43 37 -1.811138
44 37 1.255336
45 37 0.096057
46 37 -0.521198
47 37 -1.540002
48 37 -0.197646
49 37 -941.583821
50 37 -938.112676
51 37 0.037520
52 37 -47.224440
53 37 -38.812407
54 37 -385.387724
55 37 -919.992581
56 37 -102.357020
57 37 -1021.612833
58 37 -11.875924
59 37 -101.138804
60 37 -112.779082
61 37 -0.181416
62 37 0.010003
63 37 0.110102
64 37 0.011167
65 37 -1.528802
66 37 -2.307870
1 38 0.050708
2 38 -1.204728
3 38 0.076498
4 38 -0.005483
5 38 -0.184547
6 38 0.016103
7 38 -0.082865
8 38 -0.181382
9 38 -0.117741
10 38 0.072997
11 38 -0.012512
12 38 0.015210
13 38 -0.097221
14 38 6.653385
15 38 -0.248471
16 38 0.123809
17 38 0.687890
18 38 -0.023184
19 38 0.170830
20 38 0.624486
21 38 -0.133462
22 38 -0.337222
23 38 -0.043970
24 38 0.033098
25 38 -38.661812
26 38 -57.602537
27 38 -388.459520
28 38 93.107539
29 38 -9.202353
30 38 -84.517672
31 38 91.756820
32 38 -1020.420481
33 38 926.188986
34 38 -0.030680
35 38 0.021409
36 38 0.182641
37 38 1037.515219
38 38 4334.646705
39 38 1069.100648
40 38 1.255336
41 38 -1.811138
42 38 0.096057
43 38 -1.335306
44 38 -1330.957729
45 38 -0.048140
46 38 -1.540002
47 38 -0.521198
48 38 -0.197646
49 38 -938.112676
50 38 -941.583821
51 38 0.037520
52 38 -38.812407
53 38 -47.224440
54 38 -385.387724
55 38 -101.138804
56 38 -11.875924
57 38 -112.779082
58 38 -102.357020
59 38 -919.992581
60 38 -1021.612833
61 38 0.010003
62 38 -0.181416
63 38 0.110102
64 38 -1.528802
65 38 0.011167
66 38 -2.307870
1 39 0.179964
2 39 0.179964
3 39 -0.030865
4 39 -0.154083
5 39 0.035368
6 39 0.006762
7 39 0.035368
8 39 -0.154083
9 39 0.006762
10 39 -0.024253
11 39 -0.024253
12 39 -0.006377
13 39 -1.154252
14 39 -1.154252
15 39 -0.072718
16 39 0.647462
17 39 -0.128190
18 39 0.078835
19 39 -0.128190
20 39 0.647462
21 39 0.078835
22 39 0.177623
23 39 0.177623
24 39 0.002663
25 39 -385.371003
26 39 -385.371003
27 39 -3897.618917
28 39 926.148688
29 39 -83.887975
30 39 -843.804600
31 39 -83.887975
32 39 926.148688
33 39 -843.804600
34 39 -0.064532
35 39 -0.064532
36 39 -0.073276
37 39 1069.100648
38 39 1069.100648
39 39 11761.306823
40 39 0.530108
41 39 0.177773
42 39 -1.431664
43 39 0.177773
44 39 0.530108
45 39 -1.431664
46 39 0.197646
47 39 0.197646
48 39 1.006060
49 39 0.408510
50 39 0.408510
51 39 -4.191816
52 39 -390.383099
53 39 -390.383099
54 39 -3896.991424
