112 112 640
1 1 296965303.256000
4 1 4507339372.820000
5 1 -296965303.256000
8 1 4507339372.820000
2 2 296965303.256000
3 2 -4507339372.820000
6 2 -296965303.256000
7 2 -4507339372.820000
2 3 -4507339372.820000
3 3 167239646968.000000
6 3 4507339372.820000
7 3 -30414852966.400002
1 4 4507339372.820000
4 4 167239646968.000000
5 4 -4507339372.820000
8 4 -30414852966.400002
1 5 -296965303.256000
4 5 -4507339372.820000
5 5 393237959.405000
8 5 -4138133736.490000
9 5 -96272656.149300
12 5 369205636.333000
2 6 -296965303.256000
3 6 4507339372.820000
6 6 393237959.405000
7 6 4138133736.490000
10 6 -96272656.149300
11 6 -369205636.333000
2 7 -4507339372.820000
3 7 -30414852966.400002
6 7 4138133736.490000
7 7 171258001691.000000
10 7 369205636.333000
11 7 -1186547492.880000
1 8 4507339372.820000
4 8 -30414852966.400002
5 8 -4138133736.490000
8 8 171258001691.000000
9 8 -369205636.333000
12 8 -1186547492.880000
5 9 -96272656.149300
8 9 -369205636.333000
9 9 196873924.302000
12 9 42562563.091900
13 9 -100431268.152000
16 9 411768199.424000
6 10 -96272656.149300
7 10 369205636.333000
10 10 196873924.302000
11 10 -42562563.091900
14 10 -100431268.152000
15 10 -411768199.424000
6 11 -369205636.333000
7 11 -1186547492.880000
10 11 -42562563.091900
11 11 8484384828.990000
14 11 411768199.424000
15 11 -1089530870.170000
5 12 369205636.333000
8 12 -1186547492.880000
9 12 42562563.091900
12 12 8484384828.990000
13 12 -411768199.424000
16 12 -1089530870.170000
9 13 -100431268.152000
12 13 -411768199.424000
13 13 201032536.305000
17 13 -100431268.152000
20 13 411768199.424000
10 14 -100431268.152000
11 14 411768199.424000
14 14 201032536.305000
18 14 -100431268.152000
19 14 -411768199.424000
10 15 -411768199.424000
11 15 -1089530870.170000
15 15 8932060210.889999
18 15 411768199.424000
19 15 -1089530870.170000
9 16 411768199.424000
12 16 -1089530870.170000
16 16 8932060210.889999
17 16 -411768199.424000
20 16 -1089530870.170000
13 17 -100431268.152000
16 17 -411768199.424000
17 17 201032536.305000
21 17 -100431268.152000
24 17 411768199.424000
14 18 -100431268.152000
15 18 411768199.424000
18 18 201032536.305000
22 18 -100431268.152000
23 18 -411768199.424000
14 19 -411768199.424000
15 19 -1089530870.170000
19 19 8932060210.889999
22 19 411768199.424000
23 19 -1089530870.170000
13 20 411768199.424000
16 20 -1089530870.170000
20 20 8932060210.889999
21 20 -411768199.424000
24 20 -1089530870.170000
17 21 -100431268.152000
20 21 -411768199.424000
21 21 201032536.305000
25 21 -100431268.152000
28 21 411768199.424000
18 22 -100431268.152000
19 22 411768199.424000
22 22 201032536.305000
26 22 -100431268.152000
27 22 -411768199.424000
18 23 -411768199.424000
19 23 -1089530870.170000
23 23 8932060210.889999
26 23 411768199.424000
27 23 -1089530870.170000
17 24 411768199.424000
20 24 -1089530870.170000
24 24 8932060210.889999
25 24 -411768199.424000
28 24 -1089530870.170000
21 25 -100431268.152000
24 25 -411768199.424000
25 25 201032536.305000
28 25 0.000005
29 25 -100431268.152000
32 25 411768199.424000
22 26 -100431268.152000
23 26 411768199.424000
26 26 201032536.305000
27 26 -0.000005
30 26 -100431268.152000
31 26 -411768199.424000
22 27 -411768199.424000
23 27 -1089530870.170000
26 27 -0.000005
27 27 8932060210.889999
30 27 411768199.424000
31 27 -1089530870.170000
21 28 411768199.424000
24 28 -1089530870.170000
25 28 0.000005
28 28 8932060210.889999
29 28 -411768199.424000
32 28 -1089530870.170000
25 29 -100431268.152000
28 29 -411768199.424000
29 29 118560149.348000
32 29 -220955086.724000
33 29 -17958881.195400
36 29 190813112.701000
26 30 -100431268.152000
27 30 411768199.424000
30 30 118560149.348000
31 30 220955086.724000
34 30 -17958881.195400
35 30 -190813112.701000
26 31 -411768199.424000
27 31 -1089530870.170000
30 31 220955086.724000
31 31 7565315898.480000
34 31 190813112.701000
35 31 955492851.856000
25 32 411768199.424000
28 32 -1089530870.170000
29 32 -220955086.724000
32 32 7565315898.480000
33 32 -190813112.701000
36 32 955492851.856000
29 33 -17958881.195400
32 33 -190813112.701000
33 33 207459981.986000
36 33 229121326.651000
37 33 -189501100.790000
40 33 419934439.351000
30 34 -17958881.195400
31 34 190813112.701000
34 34 207459981.986000
35 34 -229121326.651000
38 34 -189501100.790000
39 34 -419934439.351000
30 35 -190813112.701000
31 35 955492851.856000
34 35 -229121326.651000
35 35 8533651124.350000
38 35 419934439.351000
39 35 -3573215896.120000
29 36 190813112.701000
32 36 955492851.856000
33 36 229121326.651000
36 36 8533651124.350000
37 36 -419934439.351000
40 36 -3573215896.120000
33 37 -189501100.790000
36 37 -419934439.351000
37 37 189831384.175000
40 37 -405856110.066000
41 37 -330283.384982
44 37 14078329.284900
34 38 -189501100.790000
35 38 419934439.351000
38 38 189831384.175000
39 38 405856110.066000
42 38 -330283.384982
43 38 -14078329.284900
34 39 -419934439.351000
35 39 -3573215896.120000
38 39 405856110.066000
39 39 6241431243.190000
42 39 14078329.284900
43 39 393111659.667000
33 40 419934439.351000
36 40 -3573215896.120000
37 40 -405856110.066000
40 40 6241431243.190000
41 40 -14078329.284900
44 40 393111659.667000
37 41 -330283.384982
40 41 -14078329.284900
41 41 42437449.228000
44 41 257197086.659000
45 41 -42107165.843000
48 41 271275415.944000
38 42 -330283.384982
39 42 14078329.284900
42 42 42437449.228000
43 42 -257197086.659000
46 42 -42107165.843000
47 42 -271275415.944000
38 43 -14078329.284900
39 43 393111659.667000
42 43 -257197086.659000
43 43 4057458593.980000
46 43 271275415.944000
47 43 244991052.316000
37 44 14078329.284900
40 44 393111659.667000
41 44 257197086.659000
44 44 4057458593.980000
45 44 -271275415.944000
48 44 244991052.316000
41 45 -42107165.843000
44 45 -271275415.944000
45 45 43166557.656700
48 45 -250959150.035000
49 45 -550091.813682
52 45 20316265.908800
42 46 -42107165.843000
43 46 271275415.944000
46 46 43166557.656700
47 46 250959150.035000
50 46 -550091.813682
51 46 -20316265.908800
42 47 -271275415.944000
43 47 244991052.316000
46 47 250959150.035000
47 47 4262854087.300000
50 47 20316265.908800
51 47 488199576.171000
41 48 271275415.944000
44 48 244991052.316000
45 48 -250959150.035000
48 48 4262854087.300000
49 48 -20316265.908800
52 48 488199576.171000
45 49 -550091.813682
48 49 -20316265.908800
49 49 583761.425065
52 49 -17216557.310800
53 49 -33669.611383
56 49 3099708.597970
46 50 -550091.813682
47 50 20316265.908800
50 50 583761.425065
51 50 17216557.310800
54 50 -33669.611383
55 50 -3099708.597970
46 51 -20316265.908800
47 51 488199576.171000
50 51 17216557.310800
51 51 1393658877.880000
54 51 3099708.597970
55 51 189536372.902000
45 52 20316265.908800
48 52 488199576.171000
49 52 -17216557.310800
52 52 1393658877.880000
53 52 -3099708.597970
56 52 189536372.902000
49 53 -33669.611383
52 53 -3099708.597970
53 53 38798237.669700
56 53 255072314.670000
57 53 -38764568.058300
60 53 258172023.268000
50 54 -33669.611383
51 54 3099708.597970
54 54 38798237.669700
55 54 -255072314.670000
58 54 -38764568.058300
59 54 -258172023.268000
50 55 -3099708.597970
51 55 189536372.902000
54 55 -255072314.670000
55 55 3510285309.830000
58 55 258172023.268000
59 55 309763512.804000
49 56 3099708.597970
52 56 189536372.902000
53 56 255072314.670000
56 56 3510285309.830000
57 56 -258172023.268000
60 56 309763512.804000
53 57 -38764568.058300
56 57 -258172023.268000
57 57 40183435.616300
60 57 -230234655.724000
61 57 -909567.558023
64 57 27937367.544700
54 58 -38764568.058300
55 58 258172023.268000
58 58 40183435.616300
59 58 230234655.724000
62 58 -909567.558023
63 58 -27937367.544700
54 59 -258172023.268000
55 59 309763512.804000
58 59 230234655.724000
59 59 4292844182.190000
62 59 27937367.544700
63 59 552436143.207000
53 60 258172023.268000
56 60 309763512.804000
57 60 -230234655.724000
60 60 4292844182.190000
61 60 -27937367.544700
64 60 552436143.207000
57 61 -909567.558023
60 61 -27937367.544700
61 61 3409726.069780
64 61 24565961.202200
65 61 -2500158.511760
68 61 52503328.746900
58 62 -909567.558023
59 62 27937367.544700
62 62 3409726.069780
63 62 -24565961.202200
66 62 -2500158.511760
67 62 -52503328.746900
58 63 -27937367.544700
59 63 552436143.207000
62 63 -24565961.202200
63 63 2686440534.460000
66 63 52503328.746900
67 63 682455617.971000
57 64 27937367.544700
60 64 552436143.207000
61 64 24565961.202200
64 64 2686440534.460000
65 64 -52503328.746900
68 64 682455617.971000
61 65 -2500158.511760
64 65 -52503328.746900
65 65 8801000.250060
68 65 42009297.327600
69 65 -6300841.738300
72 65 94512626.074500
62 66 -2500158.511760
63 66 52503328.746900
66 66 8801000.250060
67 66 -42009297.327600
70 66 -6300841.738300
71 66 -94512626.074500
62 67 -52503328.746900
63 67 682455617.971000
66 67 -42009297.327600
67 67 3547183580.520000
70 67 94512626.074500
71 67 810879391.117000
61 68 52503328.746900
64 68 682455617.971000
65 68 42009297.327600
68 68 3547183580.520000
69 68 -94512626.074500
72 68 810879391.117000
65 69 -6300841.738300
68 69 -94512626.074500
69 69 12601683.476600
73 69 -6300841.738300
76 69 94512626.074500
66 70 -6300841.738300
67 70 94512626.074500
70 70 12601683.476600
74 70 -6300841.738300
75 70 -94512626.074500
66 71 -94512626.074500
67 71 810879391.117000
71 71 4048998782.230000
74 71 94512626.074500
75 71 810879391.117000
65 72 94512626.074500
68 72 810879391.117000
72 72 4048998782.230000
73 72 -94512626.074500
76 72 810879391.117000
69 73 -6300841.738300
72 73 -94512626.074500
73 73 28373429.047200
76 73 170358421.633000
77 73 -22072587.308900
80 73 264871047.707000
70 74 -6300841.738300
71 74 94512626.074500
74 74 28373429.047200
75 74 -170358421.633000
78 74 -22072587.308900
79 74 -264871047.707000
70 75 -94512626.074500
71 75 810879391.117000
74 75 -170358421.633000
75 75 6930451963.610000
78 75 264871047.707000
79 75 1450952572.490000
69 76 94512626.074500
72 76 810879391.117000
73 76 170358421.633000
76 76 6930451963.610000
77 76 -264871047.707000
80 76 1450952572.490000
73 77 -22072587.308900
76 77 -264871047.707000
77 77 23543789.287000
80 77 -235520568.245000
81 77 -1471201.978070
84 77 29350479.462500
74 78 -22072587.308900
75 78 264871047.707000
78 78 23543789.287000
79 78 235520568.245000
82 78 -1471201.978070
83 78 -29350479.462500
74 79 -264871047.707000
75 79 1450952572.490000
78 79 235520568.245000
79 79 5710148773.100000
82 79 29350479.462500
83 79 366887929.939000
73 80 264871047.707000
76 80 1450952572.490000
77 80 -235520568.245000
80 80 5710148773.100000
81 80 -29350479.462500
84 80 366887929.939000
77 81 -1471201.978070
80 81 -29350479.462500
81 81 9441904.989230
84 81 -27046371.989800
85 81 -30703.011163
88 81 2304107.472760
78 82 -1471201.978070
79 82 29350479.462500
82 82 29001904.989200
83 82 27046371.989800
86 82 -30703.011163
87 82 -2304107.472760
78 83 -29350479.462500
79 83 366887929.939000
82 83 27046371.989800
83 83 1035235069.630000
86 83 2304107.472760
87 83 114784621.567000
77 84 29350479.462500
80 84 366887929.939000
81 84 -27046371.989800
84 84 1035235069.630000
85 84 -2304107.472760
88 84 114784621.567000
81 85 -30703.011163
84 85 -2304107.472760
85 85 112445.943643
88 85 2110419.595800
89 85 -81742.932480
92 85 4414527.068560
82 86 -30703.011163
83 86 2304107.472760
86 86 112445.943643
87 86 -2110419.595800
90 86 -81742.932480
91 86 -4414527.068560
82 87 -2304107.472760
83 87 114784621.567000
86 87 -2110419.595800
87 87 550218479.924000
90 87 4414527.068560
91 87 157633457.771000
81 88 2304107.472760
84 88 114784621.567000
85 88 2110419.595800
88 88 550218479.924000
89 88 -4414527.068560
92 88 157633457.771000
85 89 -81742.932480
88 89 -4414527.068560
89 89 7356558.795250
92 89 74699095.439000
93 89 -7274815.862770
96 89 79113622.507600
86 90 -81742.932480
87 90 4414527.068560
90 90 7356558.795250
91 90 -74699095.439000
94 90 -7274815.862770
95 90 -79113622.507600
86 91 -4414527.068560
87 91 157633457.771000
90 91 -74699095.439000
91 91 1603747152.230000
94 91 79113622.507600
95 91 436153748.219000
85 92 4414527.068560
88 92 157633457.771000
89 92 74699095.439000
92 92 1603747152.230000
93 92 -79113622.507600
96 92 436153748.219000
89 93 -7274815.862770
92 93 -79113622.507600
93 93 34924194.796500
96 93 77105368.468100
97 93 -27649378.933800
100 93 156218990.976000
90 94 -7274815.862770
91 94 79113622.507600
94 94 34924194.796500
95 94 -77105368.468100
98 94 -27649378.933800
99 94 -156218990.976000
90 95 -79113622.507600
91 95 436153748.219000
94 95 -77105368.468100
95 95 2983709265.110000
98 95 156218990.976000
99 95 66132874.234100
89 96 79113622.507600
92 96 436153748.219000
93 96 77105368.468100
96 96 2983709265.110000
97 96 -156218990.976000
100 96 66132874.234100
93 97 -27649378.933800
96 97 -156218990.976000
97 97 48551840.707500
100 97 -53359540.822500
101 97 -11655461.773700
104 97 102859450.153000
94 98 -27649378.933800
95 98 156218990.976000
98 98 52768840.707500
99 98 53359540.822500
102 98 -11655461.773700
103 98 -102859450.153000
94 99 -156218990.976000
95 99 66132874.234100
98 99 53359540.822500
99 99 3129624246.750000
102 99 102859450.153000
103 99 384986772.249000
93 100 156218990.976000
96 100 66132874.234100
97 100 -53359540.822500
100 100 3129624246.750000
101 100 -102859450.153000
104 100 384986772.249000
97 101 -11655461.773700
100 101 -102859450.153000
101 101 22825330.217200
104 101 -2330634.162380
105 101 -11169868.443400
108 101 100528815.991000
98 102 -11655461.773700
99 102 102859450.153000
102 102 22825330.217200
103 102 2330634.162380
106 102 -11169868.443400
107 102 -100528815.991000
98 103 -102859450.153000
99 103 384986772.249000
102 103 2330634.162380
103 103 2847825200.210000
106 103 100528815.991000
107 103 392176010.585000
97 104 102859450.153000
100 104 384986772.249000
101 104 -2330634.162380
104 104 2847825200.210000
105 104 -100528815.991000
108 104 392176010.585000
101 105 -11169868.443400
104 105 -100528815.991000
105 105 80076045.100400
108 105 102312384.643000
109 105 -59659176.657000
112 105 202841200.634000
102 106 -11169868.443400
103 106 100528815.991000
106 106 84293045.100400
107 106 -102312384.643000
110 106 -59659176.657000
111 106 -202841200.634000
102 107 -100528815.991000
103 107 392176010.585000
106 107 -102312384.643000
107 107 3463840994.700000
110 107 202841200.634000
111 107 -667178153.140000
101 108 100528815.991000
104 108 392176010.585000
105 108 102312384.643000
108 108 3463840994.700000
109 108 -202841200.634000
112 108 -667178153.140000
105 109 -59659176.657000
108 109 -202841200.634000
109 109 59659176.657000
112 109 -202841200.634000
106 110 -59659176.657000
107 110 202841200.634000
110 110 59659176.657000
111 110 202841200.634000
106 111 -202841200.634000
107 111 -667178153.140000
110 111 202841200.634000
111 111 2046498317.450000
105 112 202841200.634000
108 112 -667178153.140000
109 112 -202841200.634000
112 112 2046498317.450000