662 662 2474
1 1 1422.897000
222 1 -2.865330
286 1 -11.363640
2 2 106.209900
9 2 -2.590673
228 2 -100.000000
298 2 -3.619254
3 3 60.945060
95 3 -31.446540
166 3 -29.498530
4 4 6.189025
126 4 -2.763194
259 4 -3.425831
5 5 8.803173
83 5 -6.410256
228 5 -2.392917
6 6 14.570730
109 6 -5.277045
213 6 -9.293680
7 7 7.362299
45 7 -4.361099
65 7 -3.001200
8 8 140.658400
38 8 -41.152260
117 8 -6.090134
119 8 -22.371360
199 8 -12.135920
211 8 -16.891890
267 8 -42.016810
2 9 -2.590673
9 9 5.540526
222 9 -2.949853
10 10 32.911140
49 10 -4.083299
106 10 -21.367520
216 10 -1.904762
303 10 -5.555555
11 11 6.577593
122 11 -2.087247
124 11 -4.490346
12 12 19.762380
25 12 -5.892752
80 12 -13.869630
13 13 6.070026
90 13 -2.915452
294 13 -3.154574
14 14 24.922590
80 14 -12.406950
245 14 -12.515650
15 15 11.674450
24 15 -2.706360
86 15 -1.981375
137 15 -2.129472
165 15 -1.180777
304 15 -3.676470
16 16 10.988020
57 16 -5.988024
277 16 -5.000000
17 17 5.093920
223 17 -2.712968
231 17 -2.380952
18 18 21.210770
251 18 -1.250688
289 18 -19.960080
19 19 6.044202
201 19 -3.684598
236 19 -2.359604
20 20 29.343900
122 20 -7.022472
141 20 -22.321430
21 21 15.549660
75 21 -7.352941
273 21 -8.196721
22 22 14.572700
27 22 -2.971768
227 22 -11.600930
23 23 5.592789
34 23 -1.594388
89 23 -3.998401
15 24 -2.706360
24 24 4.816064
187 24 -2.109704
12 25 -5.892752
25 25 67.651660
158 25 -6.578948
193 25 -15.060240
289 25 -24.390240
305 25 -15.729480
26 26 4.883798
202 26 -2.161227
250 26 -2.722570
22 27 -2.971768
27 27 5.112638
69 27 -2.140869
28 28 11.146350
33 28 -6.527415
140 28 -4.618937
29 29 21.889260
54 29 -5.549390
238 29 -16.339870
30 30 5.497649
149 30 -2.332090
154 30 -3.165559
31 31 23.217880
96 31 -5.605381
97 31 -6.042296
308 31 -11.570200
32 32 8.997108
157 32 -6.188119
271 32 -2.808989
28 33 -6.527415
33 33 11.650370
228 33 -5.122951
23 34 -1.594388
34 34 58.520820
48 34 -6.211180
136 34 -4.132231
166 34 -16.611300
167 34 -16.129030
196 34 -2.288330
310 34 -11.554360
35 35 7.018001
370 35 -7.018001
36 36 17.774690
265 36 -4.668534
281 36 -13.106160
37 37 24.393440
68 37 -16.393440
277 37 -8.000000
8 38 -41.152260
38 38 79.911960
105 38 -38.759690
39 39 45.901880
104 39 -26.178010
267 39 -19.723870
40 40 6.954026
124 40 -3.231018
293 40 -3.723008
41 41 13.034330
98 41 -9.606149
214 41 -3.428180
42 42 35.714280
264 42 -35.714280
43 43 7.810295
264 43 -5.425936
287 43 -2.384359
44 44 21.098350
67 44 -3.759398
75 44 -2.418965
146 44 -2.769316
188 44 -12.150670
7 45 -4.361099
45 45 9.929610
210 45 -3.096934
234 45 -2.471577
46 46 10.060920
81 46 -3.699593
277 46 -6.361323
47 47 5.093500
182 47 -2.398082
201 47 -2.695418
34 48 -6.211180
48 48 11.211180
286 48 -5.000000
10 49 -4.083299
49 49 7.903009
212 49 -3.819710
50 50 13.822440
171 50 -8.771930
185 50 -5.050505
51 51 9.381646
168 51 -5.078720
272 51 -4.302926
52 52 16.544980
237 52 -11.363640
272 52 -5.181347
53 53 15.798590
318 53 -15.798590
29 54 -5.549390
54 54 11.356590
108 54 -5.807201
55 55 8.692186
206 55 -6.024096
290 55 -2.668090
56 56 12.265370
132 56 -3.052503
149 56 -3.746722
151 56 -2.398657
176 56 -3.067485
16 57 -5.988024
57 57 9.856496
192 57 -3.868472
58 58 20.460700
125 58 -3.664346
232 58 -4.070004
238 58 -2.643405
284 58 -2.730003
319 58 -7.352941
59 59 7.018668
108 59 -1.821162
282 59 -5.197505
60 60 27.027030
277 60 -27.027030
61 61 12.196720
146 61 -4.000000
224 61 -8.196721
62 62 6.693176
152 62 -2.065689
190 62 -4.627487
63 63 10.616130
113 63 -5.434783
184 63 -5.181347
64 64 21.683070
322 64 -21.683070
7 65 -3.001200
65 65 5.589862
143 65 -2.588662
66 66 19.147290
203 66 -5.813953
253 66 -13.333330
44 67 -3.759398
67 67 23.444440
296 67 -19.685040
37 68 -16.393440
68 68 24.038700
281 68 -7.645260
27 69 -2.140869
69 69 24.455650
214 69 -1.786991
262 69 -9.803922
326 69 -10.723860
70 70 33.809520
75 70 -10.000000
198 70 -23.809520
71 71 17.310000
75 71 -8.976661
197 71 -8.333334
72 72 41.010500
117 72 -11.248590
142 72 -29.761910
73 73 33.936650
129 73 -19.230770
142 73 -14.705880
74 74 41.020570
100 74 -11.627910
113 74 -5.186722
133 74 -7.812500
217 74 -16.393440
21 75 -7.352941
44 75 -2.418965
70 75 -10.000000
71 75 -8.976661
75 75 37.546010
241 75 -3.086420
328 75 -5.711022
76 76 4.146698
234 76 -2.010859
255 76 -2.135839
77 77 24.096390
118 77 -24.096390
78 78 10.629500
142 78 -5.485464
144 78 -5.144033
79 79 11.040770
215 79 -6.896552
294 79 -4.144219
12 80 -13.869630
14 80 -12.406950
80 80 26.276580
46 81 -3.699593
81 81 18.362350
226 81 -14.662760
82 82 13.342200
217 82 -6.250000
252 82 -7.092198
5 83 -6.410256
83 83 10.819430
124 83 -4.409171
84 84 48.062890
118 84 -13.698630
195 84 -34.364260
85 85 12.566970
139 85 -6.578948
196 85 -5.988024
15 86 -1.981375
86 86 5.456010
201 86 -3.474635
87 87 15.748030
331 87 -15.748030
88 88 25.420050
161 88 -12.210010
197 88 -13.210040
23 89 -3.998401
89 89 11.255300
293 89 -7.256895
13 90 -2.915452
90 90 7.207298
136 90 -4.291846
91 91 15.366990
333 91 -15.366990
92 92 23.622050
337 92 -23.622050
93 93 6.170771
216 93 -3.546099
264 93 -2.624672
94 94 22.596480
167 94 -17.857140
247 94 -4.739336
3 95 -31.446540
95 95 35.910820
246 95 -4.464285
31 96 -5.605381
96 96 14.248420
227 96 -8.643043
31 97 -6.042296
97 97 17.738200
288 97 -11.695910
41 98 -9.606149
98 98 19.542230
170 98 -3.987241
288 98 -5.948840
99 99 2.640613
210 99 -2.640613
74 100 -11.627910
100 100 11.627910
101 101 9.367020
221 101 -6.285355
233 101 -3.081664
102 102 22.291670
229 102 -6.666667
273 102 -15.625000
103 103 22.245890
343 103 -22.245890
39 104 -26.178010
104 104 31.925140
253 104 -5.747127
38 105 -38.759690
105 105 52.883980
291 105 -14.124290
10 106 -21.367520
106 106 25.551620
191 106 -4.184101
107 107 104.136800
135 107 -59.880240
193 107 -18.214940
251 107 -26.041670
54 108 -5.807201
59 108 -1.821162
108 108 27.050970
121 108 -11.520740
202 108 -2.346316
344 108 -5.555555
6 109 -5.277045
109 109 9.304431
271 109 -4.027386
110 110 13.223140
162 110 -9.090909
189 110 -4.132231
111 111 9.291881
219 111 -2.475247
264 111 -6.816633
112 112 8.900425
202 112 -3.601008
284 112 -5.299417
63 113 -5.434783
74 113 -5.186722
113 113 35.339890
265 113 -4.291846
275 113 -9.293680
345 113 -11.132860
114 114 18.798830
171 114 -3.318951
229 114 -15.479880
115 115 10.008210
134 115 -6.105006
194 115 -3.903201
116 116 32.436010
129 116 -22.727270
200 116 -9.708738
8 117 -6.090134
72 117 -11.248590
117 117 17.338730
77 118 -24.096390
84 118 -13.698630
118 118 52.260260
347 118 -14.465240
8 119 -22.371360
119 119 56.753650
120 119 -19.230770
199 119 -15.151520
119 120 -19.230770
120 120 24.740410
142 120 -5.509642
108 121 -11.520740
121 121 14.767490
134 121 -3.246753
11 122 -2.087247
20 122 -7.022472
122 122 26.154420
152 122 -3.892565
155 122 -5.875441
348 122 -7.276699
123 123 14.285720
224 123 -8.333334
262 123 -5.952381
11 124 -4.490346
40 124 -3.231018
83 124 -4.409171
124 124 15.124550
239 124 -2.994012
58 125 -3.664346
125 125 8.412684
156 125 -4.748338
4 126 -2.763194
126 126 7.071682
168 126 -4.308488
127 127 20.464570
349 127 -20.464570
128 128 26.979580
155 128 -2.589332
192 128 -24.390240
73 129 -19.230770
116 129 -22.727270
129 129 41.958040
130 130 9.994249
144 130 -4.401408
221 130 -5.592841
131 131 70.343140
277 131 -3.676470
281 131 -66.666670
56 132 -3.052503
132 132 11.599510
287 132 -8.547009
74 133 -7.812500
133 133 19.860690
276 133 -12.048190
115 134 -6.105006
121 134 -3.246753
134 134 9.351760
107 135 -59.880240
135 135 91.717860
251 135 -18.152110
277 135 -13.685510
34 136 -4.132231
90 136 -4.291846
136 136 8.424077
15 137 -2.129472
137 137 4.734996
208 137 -2.605524
138 138 16.806060
142 138 -13.793100
261 138 -3.012956
85 139 -6.578948
139 139 11.814550
292 139 -5.235602
28 140 -4.618937
140 140 15.057350
192 140 -10.438410
20 141 -22.321430
141 141 29.032840
223 141 -6.711409
72 142 -29.761910
73 142 -14.705880
78 142 -5.485464
120 142 -5.509642
138 142 -13.793100
142 142 73.102150
357 142 -3.846154
65 143 -2.588662
143 143 15.030550
215 143 -4.083299
292 143 -4.739336
358 143 -3.619254
78 144 -5.144033
130 144 -4.401408
144 144 9.545442
145 145 16.647320
359 145 -16.647320
44 146 -2.769316
61 146 -4.000000
146 146 16.327360
188 146 -3.584229
224 146 -2.912904
367 146 -3.060912
147 147 18.587530
237 147 -2.777006
369 147 -15.810520
148 148 23.680060
220 148 -6.944445
246 148 -3.565063
259 148 -10.235410
260 148 -2.935133
30 149 -2.332090
56 149 -3.746722
149 149 6.078811
150 150 8.066582
224 150 -4.545455
241 150 -3.521127
56 151 -2.398657
151 151 11.489570
213 151 -9.090909
62 152 -2.065689
122 152 -3.892565
152 152 5.958254
153 153 5.589715
376 153 -5.589715
30 154 -3.165559
154 154 7.308061
294 154 -4.142502
122 155 -5.875441
128 155 -2.589332
155 155 8.464772
125 156 -4.748338
156 156 23.853850
194 156 -6.191950
206 156 -1.700680
275 156 -2.518892
278 156 -3.909304
285 156 -4.784689
32 157 -6.188119
157 157 24.503140
230 157 -18.315020
25 158 -6.578948
158 158 16.783030
276 158 -10.204080
159 159 47.549020
203 159 -5.882353
233 159 -41.666670
160 160 31.538320
193 160 -18.204990
277 160 -13.333330
88 161 -12.210010
161 161 19.579210
253 161 -7.369196
110 162 -9.090909
162 162 54.545450
254 162 -45.454540
163 163 13.940480
245 163 -10.319920
280 163 -3.620565
164 164 20.248360
382 164 -20.248360
15 165 -1.180777
165 165 8.259724
209 165 -2.220249
255 165 -1.394895
346 165 -3.463803
3 166 -29.498530
34 166 -16.611300
166 166 46.109820
34 167 -16.129030
94 167 -17.857140
167 167 33.986180
51 168 -5.078720
126 168 -4.308488
168 168 9.387208
169 169 9.813452
173 169 -5.265930
260 169 -4.547522
98 170 -3.987241
170 170 10.841250
229 170 -6.854010
50 171 -8.771930
114 171 -3.318951
171 171 38.318920
186 171 -4.355401
240 171 -5.050505
383 171 -16.822130
172 172 13.165510
222 172 -3.906250
272 172 -9.259259
169 173 -5.265930
173 173 29.362320
272 173 -24.096390
174 174 7.581501
281 174 -7.581501
175 175 14.265340
233 175 -14.265340
56 176 -3.067485
176 176 5.717193
239 176 -2.649709
177 177 22.364960
385 177 -22.364960
178 178 11.287760
245 178 -5.882353
249 178 -5.405406
179 179 21.724780
388 179 -21.724780
180 180 38.461540
207 180 -38.461540
181 181 18.416210
207 181 -18.416210
47 182 -2.398082
182 182 4.410154
208 182 -2.012072
183 183 13.673200
191 183 -3.034901
201 183 -10.638300
63 184 -5.181347
184 184 30.181350
258 184 -25.000000
50 185 -5.050505
185 185 12.142700
207 185 -7.092198
171 186 -4.355401
186 186 13.283970
207 186 -8.928571
24 187 -2.109704
187 187 5.111806
242 187 -3.002102
44 188 -12.150670
146 188 -3.584229
188 188 15.734900
110 189 -4.132231
189 189 10.382230
192 189 -6.250000
62 190 -4.627487
190 190 9.069958
230 190 -4.442470
106 191 -4.184101
183 191 -3.034901
191 191 7.219002
57 192 -3.868472
128 192 -24.390240
140 192 -10.438410
189 192 -6.250000
192 192 47.297310
290 192 -2.350176
25 193 -15.060240
107 193 -18.214940
160 193 -18.204990
193 193 51.480170
115 194 -3.903201
156 194 -6.191950
194 194 10.095150
84 195 -34.364260
195 195 51.908120
207 195 -17.543860
34 196 -2.288330
85 196 -5.988024
196 196 8.276354
71 197 -8.333334
88 197 -13.210040
197 197 21.543380
70 198 -23.809520
198 198 35.173160
270 198 -11.363640
8 199 -12.135920
119 199 -15.151520
199 199 92.002490
211 199 -50.000000
284 199 -2.777006
389 199 -11.938040
116 200 -9.708738
200 200 21.553500
233 200 -4.032258
244 200 -7.812500
19 201 -3.684598
47 201 -2.695418
86 201 -3.474635
183 201 -10.638300
201 201 20.492950
26 202 -2.161227
108 202 -2.346316
112 202 -3.601008
202 202 12.890950
261 202 -4.782401
66 203 -5.813953
159 203 -5.882353
203 203 85.326870
205 203 -9.182736
244 203 -58.823520
391 203 -5.624297
204 204 56.704420
206 204 -48.780490
281 204 -7.923930
203 205 -9.182736
205 205 16.335810
253 205 -7.153076
55 206 -6.024096
156 206 -1.700680
204 206 -48.780490
206 206 69.868740
258 206 -3.584229
283 206 -4.055150
392 206 -5.724098
180 207 -38.461540
181 207 -18.416210
185 207 -7.092198
186 207 -8.928571
195 207 -17.543860
207 207 90.442380
137 208 -2.605524
182 208 -2.012072
208 208 5.821400
209 208 -1.203804
165 209 -2.220249
208 209 -1.203804
209 209 3.424053
45 210 -3.096934
99 210 -2.640613
210 210 5.737547
8 211 -16.891890
199 211 -50.000000
211 211 66.891890
49 212 -3.819710
212 212 10.185080
287 212 -6.365372
6 213 -9.293680
151 213 -9.090909
213 213 21.362550
231 213 -2.977963
41 214 -3.428180
69 214 -1.786991
214 214 5.215170
79 215 -6.896552
143 215 -4.083299
215 215 10.979850
10 216 -1.904762
93 216 -3.546099
216 216 29.547250
266 216 -24.096390
74 217 -16.393440
82 217 -6.250000
217 217 22.643440
218 218 17.100090
395 218 -17.100090
111 219 -2.475247
219 219 5.115860
271 219 -2.640613
148 220 -6.944445
220 220 32.174020
269 220 -19.230770
396 220 -5.998800
101 221 -6.285355
130 221 -5.592841
221 221 11.878200
1 222 -2.865330
9 222 -2.949853
172 222 -3.906250
222 222 9.721432
17 223 -2.712968
141 223 -6.711409
223 223 9.424377
61 224 -8.196721
123 224 -8.333334
146 224 -2.912904
150 224 -4.545455
224 224 23.988410
225 225 12.850160
401 225 -12.850160
81 226 -14.662760
226 226 41.400730
245 226 -26.737970
22 227 -11.600930
96 227 -8.643043
227 227 20.243970
2 228 -100.000000
5 228 -2.392917
33 228 -5.122951
228 228 111.305200
280 228 -3.789314
102 229 -6.666667
114 229 -15.479880
170 229 -6.854010
229 229 41.011570
270 229 -4.149378
402 229 -7.861635
157 230 -18.315020
190 230 -4.442470
230 230 25.433430
231 230 -2.675943
17 231 -2.380952
213 231 -2.977963
230 231 -2.675943
231 231 11.635870
403 231 -3.601008
58 232 -4.070004
232 232 4.070004
101 233 -3.081664
159 233 -41.666670
175 233 -14.265340
200 233 -4.032258
233 233 67.614220
296 233 -4.568296
45 234 -2.471577
76 234 -2.010859
234 234 15.676480
235 234 -3.142678
268 234 -4.273504
404 234 -3.777862
234 235 -3.142678
235 235 7.212682
295 235 -4.070004
19 236 -2.359604
236 236 5.114425
266 236 -2.754821
52 237 -11.363640
147 237 -2.777006
237 237 14.140640
29 238 -16.339870
58 238 -2.643405
238 238 18.983270
124 239 -2.994012
176 239 -2.649709
239 239 5.643721
171 240 -5.050505
240 240 5.050505
75 241 -3.086420
150 241 -3.521127
241 241 6.607547
187 242 -3.002102
242 242 8.678555
268 242 -3.787879
287 242 -1.888574
243 243 15.735640
406 243 -15.735640
200 244 -7.812500
203 244 -58.823520
244 244 66.636020
14 245 -12.515650
163 245 -10.319920
178 245 -5.882353
226 245 -26.737970
245 245 78.400450
254 245 -11.764710
407 245 -11.179850
95 246 -4.464285
148 246 -3.565063
246 246 8.029348
94 247 -4.739336
247 247 18.072670
269 247 -13.333330
248 248 16.557730
414 248 -16.557730
178 249 -5.405406
249 249 22.174200
415 249 -16.768800
26 250 -2.722570
250 250 5.420169
282 250 -2.697599
18 251 -1.250688
107 251 -26.041670
135 251 -18.152110
251 251 45.444470
82 252 -7.092198
252 252 18.209710
416 252 -11.117510
66 253 -13.333330
104 253 -5.747127
161 253 -7.369196
205 253 -7.153076
253 253 72.186970
291 253 -27.700830
417 253 -10.883410
162 254 -45.454540
245 254 -11.764710
254 254 57.219250
76 255 -2.135839
165 255 -1.394895
255 255 3.530734
256 256 1.666667
418 256 -1.666667
257 257 1.666667
419 257 -1.666667
184 258 -25.000000
206 258 -3.584229
258 258 28.584230
4 259 -3.425831
148 259 -10.235410
259 259 13.661250
148 260 -2.935133
169 260 -4.547522
260 260 7.482655
138 261 -3.012956
202 261 -4.782401
261 261 7.795357
69 262 -9.803922
123 262 -5.952381
262 262 15.756300
263 263 16.120450
423 263 -16.120450
42 264 -35.714280
43 264 -5.425936
93 264 -2.624672
111 264 -6.816633
264 264 54.340920
424 264 -3.759398
36 265 -4.668534
113 265 -4.291846
265 265 8.960380
216 266 -24.096390
236 266 -2.754821
266 266 26.851210
8 267 -42.016810
39 267 -19.723870
267 267 61.740670
234 268 -4.273504
242 268 -3.787879
268 268 8.061383
220 269 -19.230770
247 269 -13.333330
269 269 32.564100
198 270 -11.363640
229 270 -4.149378
270 270 15.513010
32 271 -2.808989
109 271 -4.027386
219 271 -2.640613
271 271 9.476988
51 272 -4.302926
52 272 -5.181347
172 272 -9.259259
173 272 -24.096390
272 272 48.373950
425 272 -5.534034
21 273 -8.196721
102 273 -15.625000
273 273 23.821720
274 274 5.583473
427 274 -5.583473
113 275 -9.293680
156 275 -2.518892
275 275 11.812570
133 276 -12.048190
158 276 -10.204080
276 276 22.252280
16 277 -5.000000
37 277 -8.000000
46 277 -6.361323
60 277 -27.027030
131 277 -3.676470
135 277 -13.685510
160 277 -13.333330
277 277 94.153810
428 277 -17.070140
156 278 -3.909304
278 278 28.979390
283 278 -3.748126
285 278 -21.321960
279 279 30.476390
429 279 -30.476390
163 280 -3.620565
228 280 -3.789314
280 280 7.409879
36 281 -13.106160
68 281 -7.645260
131 281 -66.666670
174 281 -7.581501
204 281 -7.923930
281 281 102.923500
59 282 -5.197505
250 282 -2.697599
282 282 7.895105
206 283 -4.055150
278 283 -3.748126
283 283 7.803276
58 284 -2.730003
112 284 -5.299417
199 284 -2.777006
284 284 10.806430
156 285 -4.784689
278 285 -21.321960
285 285 26.106650
1 286 -11.363640
48 286 -5.000000
286 286 16.363640
43 287 -2.384359
132 287 -8.547009
212 287 -6.365372
242 287 -1.888574
287 287 19.185310
97 288 -11.695910
98 288 -5.948840
288 288 17.644750
18 289 -19.960080
25 289 -24.390240
289 289 44.350330
55 290 -2.668090
192 290 -2.350176
290 290 5.018266
105 291 -14.124290
253 291 -27.700830
291 291 41.825130
139 292 -5.235602
143 292 -4.739336
292 292 9.974938
40 293 -3.723008
89 293 -7.256895
293 293 13.241830
294 293 -2.261932
13 294 -3.154574
79 294 -4.144219
154 294 -4.142502
293 294 -2.261932
294 294 16.088720
295 294 -2.385496
235 295 -4.070004
294 295 -2.385496
295 295 6.455500
67 296 -19.685040
233 296 -4.568296
296 296 24.253340
297 297 5.844535
448 297 -5.844535
2 298 -3.619254
298 298 733.130200
312 298 -416.666700
313 298 -294.117600
407 298 -18.726590
299 299 398.548700
300 299 -6.666667
336 299 -104.166700
339 299 -55.157200
343 299 -232.558100
299 300 -6.666667
300 300 6.666667
301 301 311.526500
371 301 -311.526500
302 302 311.526500
372 302 -311.526500
10 303 -5.555555
303 303 27.126690
304 303 -9.708738
424 303 -11.862400
15 304 -3.676470
303 304 -9.708738
304 304 22.593310
346 304 -9.208103
25 305 -15.729480
305 305 352.519300
345 305 -33.388980
366 305 -62.111800
394 305 -42.762450
407 305 -38.910510
420 305 -31.847140
428 305 -30.303030
436 305 -97.465890
306 306 567.126000
307 306 -98.039220
308 306 -30.395140
309 306 -32.154340
378 306 -112.359600
379 306 -112.359600
434 306 -181.818200
306 307 -98.039220
307 307 149.321300
381 307 -51.282050
31 308 -11.570200
306 308 -30.395140
308 308 287.146000
419 308 -39.525690
421 308 -205.655000
306 309 -32.154340
309 309 648.519100
321 309 -74.074070
326 309 -11.063170
328 309 -25.438820
332 309 -11.061950
341 309 -202.839800
342 309 -202.839800
422 309 -89.047200
34 310 -11.554360
310 310 169.274600
311 310 -40.000000
312 310 -11.363640
370 310 -9.689922
410 310 -16.666670
426 310 -80.000000
310 311 -40.000000
311 311 317.777800
645 311 -277.777800
298 312 -416.666700
310 312 -11.363640
312 312 428.030300
298 313 -294.117600
313 313 294.117600
314 314 595.555500
315 314 -40.000000
413 314 -555.555500
314 315 -40.000000
315 315 513.182700
322 315 -149.253700
343 315 -151.515200
386 315 -172.413800
316 316 533.869100
380 316 -384.615400
420 316 -149.253700
317 317 259.143900
377 317 -149.253700
432 317 -109.890100
53 318 -15.798590
318 318 236.493000
359 318 -116.279100
361 318 -29.949090
395 318 -39.525690
423 318 -34.940600
58 319 -7.352941
319 319 104.696100
324 319 -62.500000
442 319 -34.843200
320 320 25.412770
336 320 -25.412770
309 321 -74.074070
321 321 843.304900
418 321 -769.230800
64 322 -21.683070
315 322 -149.253700
322 322 559.072300
377 322 -217.391300
386 322 -90.744100
430 322 -80.000000
323 323 66.435400
393 323 -50.761420
456 323 -15.673980
319 324 -62.500000
324 324 151.388900
389 324 -23.529410
417 324 -65.359470
325 325 267.711000
331 325 -54.945050
429 325 -212.766000
69 326 -10.723860
309 326 -11.063170
326 326 62.257000
332 326 -19.157090
458 326 -21.312870
327 327 95.705500
357 327 -85.470090
579 327 -10.235410
75 328 -5.711022
309 328 -25.438820
328 328 292.246400
437 328 -261.096600
329 329 142.857100
429 329 -142.857100
330 330 39.603960
433 330 -39.603960
87 331 -15.748030
325 331 -54.945050
331 331 157.302900
418 331 -73.529410
435 331 -13.080450
309 332 -11.061950
326 332 -19.157090
332 332 38.686440
367 332 -8.467401
91 333 -15.366990
333 333 205.502800
334 333 -57.045070
335 333 -57.045070
376 333 -76.045620
333 334 -57.045070
334 334 290.237200
385 334 -126.582300
414 334 -106.609800
333 335 -57.045070
335 335 290.237200
385 335 -126.582300
414 335 -106.609800
299 336 -104.166700
320 336 -25.412770
336 336 193.682000
386 336 -64.102570
92 337 -23.622050
337 337 220.680900
388 337 -17.146780
429 337 -117.019000
448 337 -62.893080
338 338 281.457900
340 338 -8.333334
400 338 -108.108100
432 338 -165.016500
299 339 -55.157200
339 339 173.177400
340 339 -8.130081
400 339 -109.890100
338 340 -8.333334
339 340 -8.130081
340 340 16.463420
309 341 -202.839800
341 341 202.839800
309 342 -202.839800
342 342 202.839800
103 343 -22.245890
299 343 -232.558100
315 343 -151.515200
343 343 1348.195000
377 343 -877.193000
432 343 -64.683050
108 344 -5.555555
344 344 31.871350
503 344 -26.315790
113 345 -11.132860
305 345 -33.388980
345 345 180.328200
406 345 -31.545740
416 345 -37.593990
442 345 -66.666670
165 346 -3.463803
304 346 -9.208103
346 346 16.668710
404 346 -3.996803
118 347 -14.465240
347 347 184.965600
383 347 -40.225260
445 347 -8.025682
448 347 -122.249400
122 348 -7.276699
348 348 100.236500
351 348 -24.937650
356 348 -40.000000
394 348 -18.563210
492 348 -9.458948
127 349 -20.464570
349 349 387.318000
350 349 -61.349690
398 349 -305.503800
349 350 -61.349690
350 350 191.697300
382 350 -73.529410
401 350 -56.818180
348 351 -24.937650
351 351 33.094260
426 351 -8.156607
352 352 144.988700
375 352 -2.092926
401 352 -87.950740
421 352 -54.945050
353 353 36.108730
424 353 -18.656720
572 353 -17.452010
354 354 9.671180
370 354 -9.671180
355 355 40.903290
358 355 -19.305020
427 355 -21.598270
348 356 -40.000000
356 356 50.660980
403 356 -10.660980
142 357 -3.846154
327 357 -85.470090
357 357 121.196400
384 357 -12.195120
389 357 -19.685040
143 358 -3.619254
355 358 -19.305020
358 358 30.730680
404 358 -7.806402
145 359 -16.647320
318 359 -116.279100
359 359 273.706300
360 359 -64.935070
385 359 -29.761910
423 359 -46.082950
359 360 -64.935070
360 360 160.670100
385 360 -52.631580
388 360 -43.103450
318 361 -29.949090
361 361 111.072600
362 361 -1.758396
415 361 -79.365080
361 362 -1.758396
362 362 1.758396
363 363 107.236500
364 363 -1.758396
385 363 -26.737970
415 363 -78.740160
363 364 -1.758396
364 364 1.758396
365 365 129.496900
423 365 -43.290040
436 365 -86.206890
305 366 -62.111800
366 366 105.401800
423 366 -43.290040
146 367 -3.060912
332 367 -8.467401
367 367 24.725050
368 367 -3.060912
390 367 -10.135820
367 368 -3.060912
368 368 3.060912
147 369 -15.810520
369 369 66.643950
409 369 -13.097580
414 369 -37.735850
35 370 -7.018001
310 370 -9.689922
354 370 -9.671180
370 370 83.226550
410 370 -17.006800
427 370 -39.840640
301 371 -311.526500
371 371 398.483000
382 371 -86.956520
302 372 -311.526500
372 372 391.526500
399 372 -80.000000
373 373 64.172380
375 373 -2.060581
421 373 -62.111800
374 374 63.018930
375 374 -2.043318
421 374 -60.975610
352 375 -2.092926
373 375 -2.060581
374 375 -2.043318
375 375 6.196825
153 376 -5.589715
333 376 -76.045620
376 376 111.846800
414 376 -30.211480
317 377 -149.253700
322 377 -217.391300
343 377 -877.193000
377 377 1243.838000
306 378 -112.359600
378 378 244.510900
434 378 -50.251260
648 378 -81.900080
306 379 -112.359600
379 379 206.594400
441 379 -37.091990
650 379 -57.142860
316 380 -384.615400
380 380 527.472500
428 380 -142.857100
307 381 -51.282050
381 381 260.143600
382 381 -39.370080
431 381 -169.491500
164 382 -20.248360
350 382 -73.529410
371 382 -86.956520
381 382 -39.370080
382 382 336.440000
398 382 -69.444440
419 382 -21.645020
443 382 -25.246150
171 383 -16.822130
347 383 -40.225260
383 383 374.100400
402 383 -26.954180
435 383 -290.098800
357 384 -12.195120
384 384 27.771450
417 384 -15.576320
177 385 -22.364960
334 385 -126.582300
335 385 -126.582300
359 385 -29.761910
360 385 -52.631580
363 385 -26.737970
385 385 448.334400
386 385 -20.000000
387 385 -4.147656
395 385 -39.525690
315 386 -172.413800
322 386 -90.744100
336 386 -64.102570
385 386 -20.000000
386 386 347.260500
385 387 -4.147656
387 387 4.147656
179 388 -21.724780
337 388 -17.146780
360 388 -43.103450
388 388 129.330700
406 388 -35.714280
442 388 -11.641440
199 389 -11.938040
324 389 -23.529410
357 389 -19.685040
389 389 55.152490
367 390 -10.135820
390 390 117.923700
391 390 -53.821310
417 390 -53.966540
203 391 -5.624297
390 391 -53.821310
391 391 59.445610
206 392 -5.724098
392 392 14.170040
442 392 -8.445946
323 393 -50.761420
393 393 379.341100
394 393 -92.038660
408 393 -46.992480
413 393 -57.803470
441 393 -82.508250
566 393 -49.236830
305 394 -42.762450
348 394 -18.563210
393 394 -92.038660
394 394 273.876300
428 394 -120.511900
218 395 -17.100090
318 395 -39.525690
385 395 -39.525690
395 395 136.285400
409 395 -4.672897
414 395 -35.460990
220 396 -5.998800
396 396 214.332100
410 396 -208.333300
397 397 60.000000
398 397 -20.000000
399 397 -20.000000
400 397 -20.000000
349 398 -305.503800
382 398 -69.444440
397 398 -20.000000
398 398 437.343600
401 398 -24.570020
432 398 -17.825310
372 399 -80.000000
397 399 -20.000000
399 399 175.751100
429 399 -75.751140
338 400 -108.108100
339 400 -109.890100
397 400 -20.000000
400 400 271.331500
430 400 -33.333340
225 401 -12.850160
350 401 -56.818180
352 401 -87.950740
398 401 -24.570020
401 401 216.911400
421 401 -34.722220
229 402 -7.861635
383 402 -26.954180
402 402 48.238630
422 402 -13.422820
231 403 -3.601008
356 403 -10.660980
403 403 26.209420
424 403 -11.947430
234 404 -3.777862
346 404 -3.996803
358 404 -7.806402
404 404 15.581070
405 405 11.212570
421 405 -11.212570
243 406 -15.735640
345 406 -31.545740
388 406 -35.714280
406 406 108.902400
416 406 -25.906730
245 407 -11.179850
298 407 -18.726590
305 407 -38.910510
407 407 68.816960
393 408 -46.992480
408 408 712.969300
411 408 -35.971230
413 408 -49.261080
566 408 -25.188920
618 408 -555.555500
369 409 -13.097580
395 409 -4.672897
409 409 37.810630
410 409 -20.040160
310 410 -16.666670
370 410 -17.006800
396 410 -208.333300
409 410 -20.040160
410 410 281.062000
412 410 -14.265340
414 410 -4.749691
408 411 -35.971230
411 411 35.971230
410 412 -14.265340
412 412 58.513120
415 412 -44.247790
314 413 -555.555500
393 413 -57.803470
408 413 -49.261080
413 413 708.766800
414 413 -46.146740
248 414 -16.557730
334 414 -106.609800
335 414 -106.609800
369 414 -37.735850
376 414 -30.211480
395 414 -35.460990
410 414 -4.749691
413 414 -46.146740
414 414 391.834100
425 414 -7.751938
249 415 -16.768800
361 415 -79.365080
363 415 -78.740160
412 415 -44.247790
415 415 219.121800
252 416 -11.117510
345 416 -37.593990
406 416 -25.906730
416 416 108.631800
442 416 -34.013600
253 417 -10.883410
324 417 -65.359470
384 417 -15.576320
390 417 -53.966540
417 417 237.613700
435 417 -18.083180
437 417 -44.843050
438 417 -28.901730
256 418 -1.666667
321 418 -769.230800
331 418 -73.529410
418 418 844.426900
257 419 -1.666667
308 419 -39.525690
382 419 -21.645020
419 419 62.837380
305 420 -31.847140
316 420 -149.253700
420 420 181.100900
308 421 -205.655000
352 421 -54.945050
373 421 -62.111800
374 421 -60.975610
401 421 -34.722220
405 421 -11.212570
421 421 522.237100
422 421 -20.672360
443 421 -71.942450
309 422 -89.047200
402 422 -13.422820
421 422 -20.672360
422 422 207.888100
445 422 -84.745760
263 423 -16.120450
318 423 -34.940600
359 423 -46.082950
365 423 -43.290040
366 423 -43.290040
423 423 183.724100
264 424 -3.759398
303 424 -11.862400
353 424 -18.656720
403 424 -11.947430
424 424 46.225940
272 425 -5.534034
414 425 -7.751938
425 425 13.285970
310 426 -80.000000
351 426 -8.156607
426 426 168.156600
427 426 -80.000000
274 427 -5.583473
355 427 -21.598270
370 427 -39.840640
426 427 -80.000000
427 427 147.022400
277 428 -17.070140
305 428 -30.303030
380 428 -142.857100
394 428 -120.511900
428 428 310.742200
279 429 -30.476390
325 429 -212.766000
329 429 -142.857100
337 429 -117.019000
399 429 -75.751140
429 429 587.416600
430 429 -8.547009
322 430 -80.000000
400 430 -33.333340
429 430 -8.547009
430 430 121.880300
381 431 -169.491500
431 431 609.491500
432 431 -40.000000
613 431 -400.000000
317 432 -109.890100
338 432 -165.016500
343 432 -64.683050
398 432 -17.825310
431 432 -40.000000
432 432 414.492300
433 432 -17.077360
330 433 -39.603960
432 433 -17.077360
433 433 56.681320
306 434 -181.818200
378 434 -50.251260
434 434 354.994900
435 434 -91.869540
571 434 -31.055900
331 435 -13.080450
383 435 -290.098800
417 435 -18.083180
434 435 -91.869540
435 435 470.274900
438 435 -57.142860
305 436 -97.465890
365 436 -86.206890
436 436 183.672800
328 437 -261.096600
417 437 -44.843050
437 437 352.888000
439 437 -46.948360
417 438 -28.901730
435 438 -57.142860
438 438 120.291200
439 438 -34.246570
437 439 -46.948360
438 439 -34.246570
439 439 86.487830
440 439 -5.292893
439 440 -5.292893
440 440 5.292893
379 441 -37.091990
393 441 -82.508250
441 441 165.054800
442 441 -45.454540
319 442 -34.843200
345 442 -66.666670
388 442 -11.641440
392 442 -8.445946
416 442 -34.013600
441 442 -45.454540
442 442 201.065400
382 443 -25.246150
421 443 -71.942450
443 443 98.874090
444 443 -1.685488
443 444 -1.685488
444 444 1.685488
347 445 -8.025682
422 445 -84.745760
445 445 209.050500
446 445 -116.279100
445 446 -116.279100
446 446 117.938300
447 446 -1.659200
446 447 -1.659200
447 447 1.659200
297 448 -5.844535
337 448 -62.893080
347 448 -122.249400
448 448 190.987000
449 449 59.576510
502 449 -13.280210
562 449 -46.296300
450 450 32.627650
525 450 -21.978020
533 450 -10.649630
451 451 28.926030
484 451 -14.306150
500 451 -14.619880
452 452 60.443640
466 452 -46.948360
486 452 -13.495280
453 453 18.742150
555 453 -8.620690
573 453 -10.121460
454 454 29.394200
533 454 -4.595588
553 454 -13.089010
559 454 -11.709600
455 455 18.956720
561 455 -12.437810
584 455 -6.518905
323 456 -15.673980
456 456 296.248000
457 456 -108.695600
518 456 -28.248590
544 456 -80.971660
564 456 -35.335690
571 456 -27.322400
456 457 -108.695600
457 457 281.980200
508 457 -96.153850
523 457 -15.432100
536 457 -17.006800
552 457 -27.397260
557 457 -9.803922
575 457 -7.490637
326 458 -21.312870
458 458 50.986460
585 458 -29.673590
459 459 222.236300
534 459 -33.557050
580 459 -188.679200
460 460 20.727640
510 460 -8.865248
578 460 -11.862400
461 461 17.802790
536 461 -11.363640
560 461 -6.439150
462 462 45.324040
470 462 -21.739130
479 462 -23.584910
463 463 8.319468
575 463 -8.319468
464 464 135.482700
475 464 -8.525149
508 464 -8.058018
558 464 -16.611300
565 464 -27.100270
582 464 -75.187970
465 465 44.861750
476 465 -19.193860
535 465 -6.570302
556 465 -11.235960
585 465 -7.861635
452 466 -46.948360
466 466 54.045590
569 466 -7.097232
467 467 47.587650
482 467 -8.525149
545 467 -39.062500
468 468 26.455030
546 468 -26.455030
469 469 32.811360
482 469 -11.587490
524 469 -12.820510
528 469 -8.403361
462 470 -21.739130
470 470 53.008580
475 470 -21.598270
557 470 -9.671180
471 471 123.357400
514 471 -6.468306
543 471 -73.529410
548 471 -6.844627
549 471 -12.547050
576 471 -10.288070
579 471 -13.679890
472 472 23.711100
511 472 -9.115770
562 472 -7.385525
583 472 -7.209805
473 473 180.928100
489 473 -57.471260
501 473 -123.456800
474 474 252.747700
490 474 -106.383000
493 474 -30.303030
504 474 -52.910050
563 474 -9.960159
569 474 -53.191490
464 475 -8.525149
470 475 -21.598270
475 475 57.242880
500 475 -8.912656
558 475 -5.906674
565 475 -12.300120
465 476 -19.193860
476 476 55.165080
543 476 -35.971230
477 477 28.412330
529 477 -21.097050
570 477 -7.315289
478 478 186.901700
489 478 -8.680555
505 478 -31.948880
517 478 -10.162600
521 478 -14.044940
527 478 -122.064700
462 479 -23.584910
479 479 37.493110
480 479 -13.908210
479 480 -13.908210
480 480 108.926000
491 480 -11.806370
497 480 -8.726004
500 480 -6.949270
537 480 -39.507040
565 480 -6.839945
582 480 -5.945303
584 480 -15.243900
481 481 166.666700
536 481 -166.666700
467 482 -8.525149
469 482 -11.587490
482 482 245.350900
488 482 -7.178751
512 482 -6.257823
521 482 -15.723270
542 482 -196.078400
483 483 18.925780
515 483 -3.705076
517 483 -15.220700
451 484 -14.306150
484 484 89.990970
497 484 -24.937650
507 484 -43.290040
529 484 -7.457121
485 485 76.086960
519 485 -48.309180
540 485 -27.777780
452 486 -13.495280
486 486 28.266330
496 486 -14.771050
487 487 69.148270
509 487 -42.194090
567 487 -26.954180
482 488 -7.178751
488 488 54.033420
516 488 -11.750880
519 488 -6.613757
576 488 -28.490030
473 489 -57.471260
478 489 -8.680555
489 489 185.109000
545 489 -24.154590
567 489 -88.888890
580 489 -5.913661
474 490 -106.383000
490 490 106.383000
480 491 -11.806370
491 491 196.991600
513 491 -185.185200
348 492 -9.458948
492 492 73.975070
509 492 -64.516130
474 493 -30.303030
493 493 46.536800
578 493 -16.233770
494 494 102.040800
575 494 -102.040800
495 495 49.891960
502 495 -9.569378
546 495 -40.322580
486 496 -14.771050
496 496 55.923310
539 496 -41.152260
480 497 -8.726004
484 497 -24.937650
497 497 33.663660
498 498 104.516100
506 498 -40.000000
509 498 -64.516130
499 499 106.837600
549 499 -96.153850
575 499 -10.683760
451 500 -14.619880
475 500 -8.912656
480 500 -6.949270
500 500 72.096570
539 500 -8.169934
582 500 -33.444820
473 501 -123.456800
501 501 150.686200
509 501 -20.202020
517 501 -7.027407
449 502 -13.280210
495 502 -9.569378
502 502 45.453340
522 502 -11.467890
554 502 -11.135860
344 503 -26.315790
503 503 48.637220
519 503 -22.321430
474 504 -52.910050
504 504 78.884080
555 504 -25.974030
478 505 -31.948880
505 505 344.448900
538 505 -312.500000
498 506 -40.000000
506 506 86.511630
540 506 -46.511630
484 507 -43.290040
507 507 43.290040
457 508 -96.153850
464 508 -8.058018
508 508 104.211900
487 509 -42.194090
492 509 -64.516130
498 509 -64.516130
501 509 -20.202020
509 509 216.960900
567 509 -16.366610
586 509 -9.165903
460 510 -8.865248
510 510 16.890930
533 510 -8.025682
472 511 -9.115770
511 511 30.997610
570 511 -21.881840
482 512 -6.257823
512 512 18.291520
580 512 -12.033690
491 513 -185.185200
513 513 244.356800
584 513 -59.171600
471 514 -6.468306
514 514 37.914840
575 514 -31.446540
483 515 -3.705076
515 515 11.685920
559 515 -7.980845
488 516 -11.750880
516 516 20.469280
575 516 -8.718396
478 517 -10.162600
483 517 -15.220700
501 517 -7.027407
517 517 68.044540
555 517 -18.181820
572 517 -17.452010
456 518 -28.248590
518 518 252.582200
526 518 -55.555560
564 518 -140.845100
566 518 -27.932960
485 519 -48.309180
488 519 -6.613757
503 519 -22.321430
519 519 77.244370
520 520 58.233800
555 520 -44.247790
569 520 -13.986010
478 521 -14.044940
482 521 -15.723270
521 521 29.768210
502 522 -11.467890
522 522 24.110120
533 522 -12.642230
457 523 -15.432100
523 523 45.017900
532 523 -29.585800
469 524 -12.820510
524 524 12.820510
450 525 -21.978020
525 525 29.694070
573 525 -7.716049
518 526 -55.555560
526 526 110.652000
564 526 -55.096420
478 527 -122.064700
527 527 122.064700
469 528 -8.403361
528 528 38.160950
539 528 -19.646360
558 528 -10.111220
477 529 -21.097050
484 529 -7.457121
529 529 28.554170
530 530 2016.129000
531 530 -2000.000000
562 530 -16.129030
530 531 -2000.000000
531 531 2000.000000
523 532 -29.585800
532 532 106.508900
574 532 -76.923070
450 533 -10.649630
454 533 -4.595588
510 533 -8.025682
522 533 -12.642230
533 533 35.913120
459 534 -33.557050
534 534 61.646940
555 534 -28.089890
465 535 -6.570302
535 535 6.570302
457 536 -17.006800
461 536 -11.363640
481 536 -166.666700
536 536 269.812000
552 536 -22.172950
574 536 -27.548210
575 536 -25.053790
480 537 -39.507040
537 537 39.507040
505 538 -312.500000
538 538 369.971300
555 538 -57.471260
496 539 -41.152260
500 539 -8.169934
528 539 -19.646360
539 539 68.968560
485 540 -27.777780
506 540 -46.511630
540 540 74.289410
541 541 260.010000
550 541 -250.000000
573 541 -10.010010
482 542 -196.078400
542 542 196.078400
471 543 -73.529410
476 543 -35.971230
543 543 109.500600
456 544 -80.971660
544 544 260.535200
651 544 -158.730200
659 544 -20.833330
467 545 -39.062500
489 545 -24.154590
545 545 63.217090
468 546 -26.455030
495 546 -40.322580
546 546 66.777600
547 547 15.371420
551 547 -5.411255
553 547 -9.960159
471 548 -6.844627
548 548 15.487670
585 548 -8.643043
471 549 -12.547050
499 549 -96.153850
549 549 108.700900
541 550 -250.000000
550 550 250.000000
547 551 -5.411255
551 551 19.456200
554 551 -14.044940
457 552 -27.397260
536 552 -22.172950
552 552 49.570210
454 553 -13.089010
547 553 -9.960159
553 553 23.049170
502 554 -11.135860
551 554 -14.044940
554 554 25.180800
453 555 -8.620690
504 555 -25.974030
517 555 -18.181820
520 555 -44.247790
534 555 -28.089890
538 555 -57.471260
555 555 198.284100
581 555 -15.698590
465 556 -11.235960
556 556 32.787680
585 556 -21.551720
457 557 -9.803922
470 557 -9.671180
557 557 19.475100
464 558 -16.611300
475 558 -5.906674
528 558 -10.111220
558 558 32.629200
454 559 -11.709600
515 559 -7.980845
559 559 19.690450
461 560 -6.439150
560 560 58.252620
582 560 -51.813470
455 561 -12.437810
561 561 24.692710
570 561 -12.254900
449 562 -46.296300
472 562 -7.385525
530 562 -16.129030
562 562 69.810850
474 563 -9.960159
563 563 9.960159
456 564 -35.335690
518 564 -140.845100
526 564 -55.096420
564 564 283.908800
565 564 -52.631580
464 565 -27.100270
475 565 -12.300120
480 565 -6.839945
564 565 -52.631580
565 565 139.194500
582 565 -40.322580
393 566 -49.236830
408 566 -25.188920
518 566 -27.932960
566 566 238.376800
567 566 -108.695600
568 566 -27.322400
487 567 -26.954180
489 567 -88.888890
509 567 -16.366610
566 567 -108.695600
567 567 259.130800
572 567 -11.611700
581 567 -6.613757
566 568 -27.322400
568 568 32.727810
569 568 -5.405406
466 569 -7.097232
474 569 -53.191490
520 569 -13.986010
568 569 -5.405406
569 569 109.530900
577 569 -29.850750
477 570 -7.315289
511 570 -21.881840
561 570 -12.254900
570 570 49.516550
583 570 -8.064516
434 571 -31.055900
456 571 -27.322400
571 571 58.378300
353 572 -17.452010
517 572 -17.452010
567 572 -11.611700
572 572 46.515720
453 573 -10.121460
525 573 -7.716049
541 573 -10.010010
573 573 27.847520
532 574 -76.923070
536 574 -27.548210
574 574 104.471300
457 575 -7.490637
463 575 -8.319468
494 575 -102.040800
499 575 -10.683760
514 575 -31.446540
516 575 -8.718396
536 575 -25.053790
575 575 193.753400
471 576 -10.288070
488 576 -28.490030
576 576 38.778090
569 577 -29.850750
577 577 38.622680
581 577 -8.771930
460 578 -11.862400
493 578 -16.233770
578 578 28.096160
327 579 -10.235410
471 579 -13.679890
579 579 23.915310
459 580 -188.679200
489 580 -5.913661
512 580 -12.033690
580 580 206.626600
555 581 -15.698590
567 581 -6.613757
577 581 -8.771930
581 581 39.638600
586 581 -8.554320
464 582 -75.187970
480 582 -5.945303
500 582 -33.444820
560 582 -51.813470
565 582 -40.322580
582 582 206.714200
472 583 -7.209805
570 583 -8.064516
583 583 15.274320
455 584 -6.518905
480 584 -15.243900
513 584 -59.171600
584 584 80.934410
458 585 -29.673590
465 585 -7.861635
548 585 -8.643043
556 585 -21.551720
585 585 67.729990
509 586 -9.165903
581 586 -8.554320
586 586 17.720220
587 587 196.084700
590 587 -182.926800
628 587 -13.157900
588 588 368.759200
595 588 -161.290300
608 588 -207.468900
589 589 17.619230
610 589 -6.618134
640 589 -11.001100
587 590 -182.926800
590 590 352.762300
591 590 -47.393370
608 590 -29.761910
632 590 -26.455030
634 590 -66.225170
590 591 -47.393370
591 591 190.250500
662 591 -142.857100
592 592 83.194670
604 592 -83.194670
593 593 436.762600
594 593 -73.800740
596 593 -18.587360
601 593 -24.691360
619 593 -18.484290
628 593 -29.459710
647 593 -271.739100
593 594 -73.800740
594 594 112.113500
642 594 -35.587190
646 594 -2.725538
588 595 -161.290300
595 595 423.015800
628 595 -68.728520
632 595 -107.526900
639 595 -85.470090
593 596 -18.587360
596 596 80.775350
619 596 -35.087720
643 596 -27.100270
