1074 1074 12960
1 1 1484352.000000
7 1 -110592.000000
2 2 806553178.815000
5 2 1603059.445960
6 2 -190764074.069000
8 2 70771.390652
182 2 11480.125296
183 2 -287003.132406
3 3 2904206048.190000
4 3 -1229633.321050
6 3 -75499485.912300
9 3 70771.390652
181 3 -11480.125296
183 3 -642887.016589
3 4 -1229633.321050
4 4 11058706.813300
5 4 0.000000
6 4 -25503484.198100
9 4 11480.125296
12 4 -26350.659319
15 4 -26350.659319
18 4 -26350.659319
21 4 -1228357.978450
24 4 -2363033.100710
27 4 -26350.659319
30 4 -26350.659319
33 4 -26350.659319
36 4 -2360895.412080
39 4 -1959228.519000
42 4 -26350.659319
48 4 1024871.690420
54 4 -26350.659319
57 4 -1956237.042060
60 4 -1037226.606330
63 4 -29229.702864
66 4 1954808.034050
69 4 -29229.702864
72 4 -1033273.384330
75 4 -1036467.292970
78 4 -23215.111513
81 4 1960822.625400
84 4 -23215.111513
87 4 -1031419.910600
90 4 -1956950.718840
93 4 -4973.806820
96 4 -18859.260688
99 4 1043843.214350
102 4 -18859.260688
108 4 -1950677.453340
111 4 -3004823.538200
114 4 -1725.241409
117 4 -1725.241409
120 4 -1725.241409
123 4 -1725.241409
126 4 -1579557.169080
129 4 -3003787.144300
132 4 758.353330
135 4 758.353330
138 4 758.353330
141 4 758.353330
144 4 -2950998.914230
147 4 -31879.149167
150 4 -31879.149167
153 4 -31879.149167
156 4 -31879.149167
159 4 -31879.149167
162 4 -1603839.620250
165 4 116210.082091
166 4 11063.337822
168 4 -31094.583818
171 4 -3005868.017810
174 4 -2857778.786550
177 4 13885.453868
180 4 13885.453868
181 4 -14694.560379
183 4 -4898.186793
186 4 11480.125296
189 4 11480.125296
190 4 -37830.784616
191 4 -37830.784616
194 4 11480.125296
195 4 -37830.784616
198 4 11480.125296
201 4 11480.125296
204 4 -37830.784616
207 4 11480.125296
209 4 -37830.784616
212 4 11480.125296
214 4 -37830.784616
217 4 11480.125296
221 4 11480.125296
223 4 -125023.820592
227 4 1062702.475030
230 4 -37830.784616
233 4 11480.125296
235 4 -37830.784616
236 4 -125023.820592
240 4 1062702.475030
243 4 -37830.784616
246 4 11480.125296
248 4 -125023.820592
252 4 1062702.475030
255 4 -233416.204343
259 4 1984037.736910
262 4 -29229.702864
264 4 -29229.702864
265 4 -233416.204343
269 4 1984037.736910
272 4 -29229.702864
274 4 -233416.204343
278 4 1984037.736910
281 4 -233416.204343
285 4 1984037.736910
288 4 -23215.111513
290 4 -23215.111513
291 4 -233416.204343
295 4 1984037.736910
298 4 -23215.111513
300 4 -233416.204343
304 4 1984037.736910
309 4 1062702.475030
311 4 -18859.260688
314 4 13885.453868
316 4 -18859.260688
318 4 -18859.260688
321 4 1062702.475030
323 4 -18859.260688
327 4 1062702.475030
331 4 13885.453868
333 4 -15610.695277
336 4 13885.453868
338 4 -15610.695277
341 4 13885.453868
343 4 -15610.695277
346 4 13885.453868
348 4 -15610.695277
351 4 13885.453868
355 4 13885.453868
359 4 13885.453868
361 4 -13127.100538
364 4 13885.453868
366 4 -13127.100538
369 4 13885.453868
371 4 -13127.100538
374 4 13885.453868
376 4 -13127.100538
379 4 13885.453868
383 4 13885.453868
386 4 -45764.603036
389 4 13885.453868
392 4 -45764.603036
395 4 13885.453868
398 4 -45764.603036
401 4 13885.453868
404 4 -45764.603036
407 4 13885.453868
410 4 -45764.603036
413 4 13885.453868
416 4 -1617725.074120
419 4 13885.453868
422 4 -45764.603036
425 4 161974.685127
426 4 -11063.337822
428 4 784.565349
431 4 -45764.603036
434 4 13885.453868
437 4 -3019753.471680
440 4 13885.453868
443 4 -3019753.471680
446 4 161974.685127
449 4 13885.453868
452 4 13885.453868
492 4 -412643.866362
494 4 -4541892.037690
549 4 -1772796.497500
551 4 103049851.692000
592 4 -239810.332555
594 4 572668.899879
2 5 1603059.445960
4 5 0.000000
5 5 4784273.301490
6 5 -312639087.231000
8 5 -11480.125296
11 5 3003027.498020
14 5 3003027.498020
17 5 3003027.498020
20 5 1603059.445960
23 5 26350.659319
26 5 26350.659319
29 5 26350.659319
32 5 26350.659319
35 5 26350.659319
38 5 -604034.982360
41 5 -1955352.834880
47 5 -2530912.113330
53 5 -1955352.834880
56 5 -746318.601500
59 5 15344.248996
62 5 29229.702864
65 5 15344.248996
68 5 29229.702864
71 5 15344.248996
74 5 9329.657645
77 5 23215.111513
80 5 9329.657645
83 5 23215.111513
86 5 9329.657645
89 5 -551334.869199
92 5 -1015261.282490
95 5 18859.260688
98 5 -1978409.674640
101 5 18859.260688
107 5 -1048539.503900
110 5 1725.241409
113 5 1725.241409
116 5 1725.241409
119 5 1725.241409
122 5 1725.241409
125 5 1725.241409
128 5 -758.353330
131 5 -758.353330
134 5 -758.353330
137 5 -758.353330
140 5 -758.353330
143 5 -758.353330
146 5 31879.149167
149 5 31879.149167
152 5 31879.149167
155 5 31879.149167
158 5 31879.149167
161 5 31879.149167
164 5 -116210.082091
167 5 30960.102391
170 5 31879.149167
173 5 -116210.082091
176 5 -1497686.789610
179 5 -1997268.935330
182 5 -437457.972476
183 5 -10027540.860600
185 5 -11480.125296
188 5 -11480.125296
193 5 -11480.125296
197 5 -11480.125296
200 5 -11480.125296
202 5 37830.784616
203 5 37830.784616
206 5 -11480.125296
208 5 37830.784616
211 5 -11480.125296
213 5 37830.784616
216 5 -11480.125296
218 5 37830.784616
220 5 -11480.125296
222 5 37830.784616
224 5 -75513.619644
226 5 -641865.766976
229 5 37830.784616
232 5 -1993183.619500
234 5 37830.784616
237 5 -302205.046817
239 5 -2568742.897950
242 5 37830.784616
245 5 -1993183.619500
247 5 37830.784616
249 5 -92252.868955
251 5 -784149.386115
254 5 29229.702864
256 5 -1633.582808
258 5 -13885.453868
261 5 29229.702864
263 5 29229.702864
266 5 -1633.582808
268 5 -13885.453868
271 5 29229.702864
273 5 29229.702864
275 5 -1633.582808
277 5 -13885.453868
280 5 23215.111513
282 5 -1633.582808
284 5 -13885.453868
287 5 23215.111513
289 5 23215.111513
292 5 -1633.582808
294 5 -13885.453868
297 5 23215.111513
299 5 23215.111513
301 5 -1633.582808
303 5 -13885.453868
306 5 18859.260688
308 5 -570194.129887
310 5 18859.260688
313 5 -1034120.543180
315 5 18859.260688
317 5 18859.260688
320 5 -1997268.935330
322 5 18859.260688
324 5 18859.260688
326 5 -1067398.764590
328 5 15610.695277
330 5 -13885.453868
332 5 15610.695277
335 5 -13885.453868
337 5 15610.695277
340 5 -13885.453868
342 5 15610.695277
345 5 -13885.453868
347 5 15610.695277
350 5 -13885.453868
352 5 15610.695277
354 5 -13885.453868
356 5 13127.100538
358 5 -13885.453868
360 5 13127.100538
363 5 -13885.453868
365 5 13127.100538
368 5 -13885.453868
370 5 13127.100538
373 5 -13885.453868
375 5 13127.100538
378 5 -13885.453868
380 5 13127.100538
382 5 -13885.453868
385 5 45764.603036
388 5 -13885.453868
391 5 45764.603036
394 5 -13885.453868
397 5 45764.603036
400 5 -13885.453868
403 5 45764.603036
406 5 -13885.453868
409 5 45764.603036
412 5 -13885.453868
415 5 45764.603036
418 5 -13885.453868
421 5 45764.603036
424 5 -161974.685127
427 5 -919.046777
430 5 45764.603036
433 5 -13885.453868
436 5 45764.603036
439 5 -13885.453868
442 5 45764.603036
445 5 -161974.685127
448 5 -1497686.789610
451 5 -1997268.935330
493 5 -993134.961798
494 5 97300922.160300
550 5 -101699.117857
551 5 5084955.892870
593 5 -162434.208515
594 5 7796842.008730
2 6 -190764074.069000
3 6 -75499485.912300
4 6 -25503484.198100
5 6 -312639087.231000
6 6 76062313865.600006
8 6 1366134.910250
9 6 704879.693189
11 6 -357360272.265000
12 6 -880112.021271
14 6 -357360272.265000
15 6 -142293.560325
17 6 -357360272.265000
18 6 595524.900620
20 6 -190764074.069000
21 6 62154913.709400
23 6 -2582364.613310
24 6 -145090232.384000
26 6 -2582364.613310
27 6 -880112.021271
29 6 -2582364.613310
30 6 -142293.560325
32 6 -2582364.613310
33 6 595524.900620
35 6 -2582364.613310
36 6 119461307.851000
38 6 42282448.765200
39 6 -120296631.067000
41 6 136874698.442000
42 6 -1196319.933100
47 6 177163847.933000
48 6 5534307.128260
53 6 136874698.442000
54 6 806330.175176
56 6 52242302.105000
57 6 98985594.328200
59 6 -644458.457826
60 6 -63685713.628800
62 6 -1227647.520300
63 6 -1327028.510040
65 6 -644458.457826
66 6 10555963.383900
68 6 -1227647.520300
69 6 894428.907644
71 6 -644458.457826
72 6 52283633.246900
74 6 -130615.207029
75 6 -63639091.788200
77 6 -325011.561186
78 6 -1053966.062700
80 6 -130615.207029
81 6 10588442.177200
83 6 -325011.561186
84 6 710382.412306
86 6 -130615.207029
87 6 52189847.476600
89 6 -7718688.168790
90 6 -120156774.136000
92 6 -14213657.954900
93 6 -235758.443245
95 6 264029.649630
96 6 -629899.306975
98 6 -27697735.445000
99 6 5636753.357470
101 6 264029.649630
102 6 426219.291546
107 6 -14679553.054600
108 6 98704279.139200
110 6 72460.139179
111 6 -184496165.245000
113 6 72460.139179
114 6 -81776.442787
116 6 72460.139179
117 6 -57623.063061
119 6 72460.139179
120 6 -9316.303609
122 6 72460.139179
123 6 38990.455844
125 6 72460.139179
126 6 79925592.755600
128 6 -53084.733099
129 6 -184432530.660000
131 6 -53084.733099
132 6 35945.947841
134 6 -53084.733099
135 6 25329.001222
137 6 -53084.733099
138 6 4095.107982
140 6 -53084.733099
141 6 -17138.785258
143 6 -53084.733099
144 6 149320545.060000
146 6 3124156.618410
147 6 -1957379.758880
149 6 3124156.618410
150 6 -1511071.670540
152 6 3124156.618410
153 6 -1064763.582190
155 6 3124156.618410
156 6 -172147.405504
158 6 3124156.618410
159 6 720468.771185
161 6 3124156.618410
162 6 81154284.784500
164 6 -14642470.343500
165 6 7135299.040380
166 6 -250031.434777
167 6 3886686.421180
168 6 702737.594295
170 6 4016772.795100
171 6 152096921.701000
173 6 -17896352.642000
174 6 144603606.600000
176 6 -20967615.054500
177 6 297148.712783
179 6 -27961765.094600
180 6 -237441.261149
181 6 -84248.812841
182 6 31093508.552100
183 6 670915765.968000
185 6 1366134.910250
186 6 383436.184894
188 6 1125052.279030
189 6 704879.693189
190 6 -1263548.206170
191 6 -204286.236925
193 6 1366134.910250
194 6 61992.676600
195 6 854975.732315
197 6 1366134.910250
198 6 -259450.831695
200 6 1366134.910250
201 6 -580894.339989
202 6 -3707416.892340
203 6 -3707416.892340
204 6 -1263548.206170
206 6 1125052.279030
207 6 383436.184894
208 6 -3707416.892340
209 6 -204286.236925
211 6 1125052.279030
212 6 61992.676600
213 6 -3707416.892340
214 6 854975.732315
216 6 1125052.279030
217 6 -259450.831695
218 6 -3707416.892340
220 6 1125052.279030
221 6 -580894.339989
222 6 -2648154.923100
223 6 -7676462.584360
224 6 5285953.375090
226 6 44930603.688300
227 6 65249931.967100
228 6 -16936.941177
229 6 -2648154.923100
230 6 -1717517.621550
232 6 139522853.365000
233 6 521197.688449
234 6 -2648154.923100
235 6 -204286.236925
236 6 -675128.631198
237 6 21154353.277200
239 6 179812002.856000
240 6 5738593.365180
241 6 -16936.941177
242 6 -2648154.923100
243 6 1157622.009240
245 6 139522853.365000
246 6 -351291.834065
247 6 -2648154.923100
248 6 6326205.321960
249 6 6457700.826830
251 6 54890457.028100
252 6 -53772745.236700
253 6 -16936.941177
254 6 -1227647.520300
255 6 -14331754.946600
256 6 68610.477938
258 6 583189.062471
259 6 121819917.047000
260 6 -16936.941177
261 6 -1227647.520300
262 6 -1327028.510040
263 6 -1227647.520300
264 6 -157840.395467
265 6 -1260447.503450
266 6 68610.477938
268 6 583189.062471
269 6 10713803.779300
270 6 -16936.941177
271 6 -1227647.520300
272 6 894428.907644
273 6 -1227647.520300
274 6 11810859.939700
275 6 68610.477938
277 6 583189.062471
278 6 -100392309.488000
279 6 -16936.941177
280 6 -325011.561186
281 6 -14331754.946600
282 6 22870.159313
284 6 194396.354157
285 6 121819917.047000
286 6 -16936.941177
287 6 -325011.561186
288 6 -1053966.062700
289 6 -325011.561186
290 6 -125361.602172
291 6 -1260447.503450
292 6 22870.159313
294 6 194396.354157
295 6 10713803.779300
296 6 -16936.941177
297 6 -325011.561186
298 6 710382.412306
299 6 -325011.561186
300 6 11810859.939700
301 6 22870.159313
303 6 194396.354157
304 6 -100392309.488000
305 6 -16936.941177
306 6 264029.649630
308 6 -7982717.818410
309 6 65249931.967100
310 6 264029.649630
311 6 -893928.956604
313 6 -14477687.604500
314 6 658170.513360
315 6 264029.649630
316 6 -629899.306975
317 6 264029.649630
318 6 -101840.007714
320 6 -27961765.094600
321 6 5738593.365180
322 6 264029.649630
323 6 426219.291546
324 6 264029.649630
326 6 -14943582.704200
327 6 -53772745.236700
328 6 655649.201649
330 6 -583189.062471
331 6 852566.867517
332 6 655649.201649
333 6 -739946.956147
335 6 -583189.062471
336 6 658170.513360
337 6 655649.201649
338 6 -521397.222264
340 6 -583189.062471
341 6 463774.159203
342 6 655649.201649
343 6 -84297.754498
345 6 -583189.062471
346 6 74981.450889
347 6 655649.201649
348 6 352801.713268
350 6 -583189.062471
351 6 -313811.257425
352 6 655649.201649
354 6 -583189.062471
355 6 -702603.965739
356 6 918897.037685
358 6 -971981.770785
359 6 852566.867517
360 6 918897.037685
361 6 -622224.565518
363 6 -971981.770785
364 6 658170.513360
365 6 918897.037685
366 6 -438445.157981
368 6 -971981.770785
369 6 463774.159203
370 6 918897.037685
371 6 -70886.342907
373 6 -971981.770785
374 6 74981.450889
375 6 918897.037685
376 6 296672.472167
378 6 -971981.770785
379 6 -313811.257425
380 6 918897.037685
382 6 -971981.770785
383 6 -702603.965739
385 6 4484931.097510
386 6 -2809946.626400
388 6 -1360774.479100
389 6 852566.867517
391 6 4484931.097510
392 6 -2169242.183900
394 6 -1360774.479100
395 6 658170.513360
397 6 4484931.097510
398 6 -1528537.741400
400 6 -1360774.479100
401 6 463774.159203
403 6 4484931.097510
404 6 -247128.856394
406 6 -1360774.479100
407 6 74981.450889
409 6 4484931.097510
410 6 1034280.028610
412 6 -1360774.479100
413 6 -313811.257425
415 6 4484931.097510
416 6 81856888.750200
418 6 -1360774.479100
419 6 -702603.965739
421 6 5766339.982520
422 6 -2809946.626400
424 6 -20408810.326000
425 6 9945245.666780
426 6 250031.434777
427 6 -127246.723604
428 6 -17731.176891
430 6 5766339.982520
431 6 1034280.028610
433 6 -1749567.187410
434 6 -313811.257425
436 6 5766339.982520
437 6 152799525.667000
439 6 -1749567.187410
440 6 -702603.965739
442 6 7047748.867520
443 6 152799525.667000
445 6 -24944101.509500
446 6 -8195919.067410
448 6 -20967615.054500
449 6 297148.712783
451 6 -27961765.094600
452 6 -237441.261149
492 6 -2354879.545970
493 6 -15916463.484700
494 6 547128822.193000
549 6 84435488.468200
550 6 -11390301.200000
551 6 -4831351512.620000
592 6 884422.332201
593 6 -22740789.192100
594 6 508478294.833000
1 7 -110592.000000
7 7 111893.997326
8 7 5443.983871
9 7 -9587.984021
184 7 -388.855991
185 7 5443.983871
187 7 -913.141335
189 7 -9587.984021
2 8 70771.390652
5 8 -11480.125296
6 8 1366134.910250
7 8 5443.983871
8 8 272641.647131
182 8 11480.125296
183 8 -287003.132406
184 8 -5443.983871
185 8 50499.431336
188 8 -26228.571429
3 9 70771.390652
4 9 11480.125296
6 9 704879.693189
7 9 -9587.984021
9 9 299114.676590
181 9 -11480.125296
183 9 -642887.016589
186 9 -19671.428571
187 9 9587.984021
189 9 66385.375081
10 10 1666741.303510
12 10 -9967.686826
25 10 -949.303507
27 10 -9967.686826
184 10 -110592.000000
5 11 3003027.498020
6 11 -357360272.265000
11 11 1615805201.930000
26 11 -28182.857143
182 11 11480.125296
183 11 -287003.132406
185 11 70771.390652
4 12 -26350.659319
6 12 -880112.021271
10 12 -9967.686826
12 12 543044.484836
25 12 9967.686826
27 12 69014.540248
181 12 -11480.125296
183 12 -321443.508295
186 12 70771.390652
190 12 120051.203079
13 13 1666741.303510
15 13 -9967.686826
28 13 -949.303507
30 13 -9967.686826
192 13 -110592.000000
5 14 3003027.498020
6 14 -357360272.265000
14 14 1615805201.930000
29 14 -28182.857143
182 14 11480.125296
183 14 -287003.132406
193 14 70771.390652
4 15 -26350.659319
6 15 -142293.560325
13 15 -9967.686826
15 15 543044.484836
28 15 9967.686826
30 15 69014.540248
181 15 -11480.125296
191 15 120051.203079
194 15 70771.390652
16 16 1666741.303510
18 16 -9967.686826
31 16 -949.303507
33 16 -9967.686826
196 16 -110592.000000
5 17 3003027.498020
6 17 -357360272.265000
17 17 1615805201.930000
32 17 -28182.857143
182 17 11480.125296
183 17 -287003.132406
197 17 70771.390652
4 18 -26350.659319
6 18 595524.900620
16 18 -9967.686826
18 18 543044.484836
31 18 9967.686826
33 18 69014.540248
181 18 -11480.125296
183 18 321443.508295
195 18 120051.203079
198 18 70771.390652
19 19 1484352.000000
199 19 -110592.000000
5 20 1603059.445960
6 20 -190764074.069000
20 20 806553178.815000
182 20 11480.125296
183 20 -287003.132406
200 20 70771.390652
4 21 -1228357.978450
6 21 62154913.709400
21 21 1193479671.480000
181 21 -11480.125296
183 21 642887.016589
201 21 70771.390652
22 22 1355156.254580
23 22 5659.564187
25 22 -404.254585
26 22 5659.564187
187 22 -110592.000000
5 23 26350.659319
6 23 -2582364.613310
22 23 5659.564187
23 23 508706.128925
25 23 -5659.564187
26 23 52499.270051
182 23 11480.125296
183 23 -45920.501185
188 23 70771.390652
202 23 120051.203079
4 24 -2363033.100710
6 24 -145090232.384000
24 24 6336518184.230000
27 24 -21137.142857
181 24 -11480.125296
183 24 -642887.016589
189 24 70771.390652
10 25 -949.303507
12 25 9967.686826
22 25 -404.254585
23 25 -5659.564187
25 25 320114.067262
27 25 4308.122639
28 25 -404.254585
29 25 5659.564187
43 25 -404.254585
45 25 -5659.564187
205 25 -110592.000000
5 26 26350.659319
6 26 -2582364.613310
11 26 -28182.857143
22 26 5659.564187
23 26 52499.270051
26 26 663994.656119
28 26 -5659.564187
29 26 52499.270051
44 26 -21137.142857
182 26 11480.125296
183 26 -45920.501185
203 26 120051.203079
206 26 70771.390652
4 27 -26350.659319
6 27 -880112.021271
10 27 -9967.686826
12 27 69014.540248
24 27 -21137.142857
25 27 4308.122639
27 27 691287.297745
30 27 -21137.142857
43 27 5659.564187
45 27 52499.270051
181 27 -11480.125296
183 27 -321443.508295
204 27 120051.203079
207 27 70771.390652
13 28 -949.303507
15 28 9967.686826
25 28 -404.254585
26 28 -5659.564187
28 28 320114.067262
30 28 4308.122639
31 28 -404.254585
32 28 5659.564187
46 28 -404.254585
48 28 -5659.564187
210 28 -110592.000000
5 29 26350.659319
6 29 -2582364.613310
14 29 -28182.857143
25 29 5659.564187
26 29 52499.270051
29 29 663994.656119
31 29 -5659.564187
32 29 52499.270051
47 29 -21137.142857
182 29 11480.125296
183 29 -45920.501185
208 29 120051.203079
211 29 70771.390652
4 30 -26350.659319
6 30 -142293.560325
13 30 -9967.686826
15 30 69014.540248
27 30 -21137.142857
28 30 4308.122639
30 30 691287.297745
33 30 -21137.142857
46 30 5659.564187
48 30 52499.270051
181 30 -11480.125296
209 30 120051.203079
212 30 70771.390652
16 31 -949.303507
18 31 9967.686826
28 31 -404.254585
29 31 -5659.564187
31 31 320114.067262
33 31 4308.122639
34 31 -404.254585
35 31 5659.564187
49 31 -404.254585
51 31 -5659.564187
215 31 -110592.000000
5 32 26350.659319
6 32 -2582364.613310
17 32 -28182.857143
28 32 5659.564187
29 32 52499.270051
32 32 663994.656119
34 32 -5659.564187
35 32 52499.270051
50 32 -21137.142857
182 32 11480.125296
183 32 -45920.501185
213 32 120051.203079
216 32 70771.390652
4 33 -26350.659319
6 33 595524.900620
16 33 -9967.686826
18 33 69014.540248
30 33 -21137.142857
31 33 4308.122639
33 33 691287.297745
36 33 -21137.142857
49 33 5659.564187
51 33 52499.270051
181 33 -11480.125296
183 33 321443.508295
214 33 120051.203079
217 33 70771.390652
31 34 -404.254585
32 34 -5659.564187
34 34 1355156.254580
35 34 -5659.564187
219 34 -110592.000000
5 35 26350.659319
6 35 -2582364.613310
31 35 5659.564187
32 35 52499.270051
34 35 -5659.564187
35 35 508706.128925
182 35 11480.125296
183 35 -45920.501185
218 35 120051.203079
220 35 70771.390652
4 36 -2360895.412080
6 36 119461307.851000
33 36 -21137.142857
36 36 2604027495.790000
181 36 -11480.125296
183 36 642887.016589
221 36 70771.390652
37 37 2096144.883690
38 37 16910.598894
40 37 -2113.824862
41 37 16910.598894
225 37 -538831.058823
5 38 -604034.982360
6 38 42282448.765200
37 38 16910.598894
38 38 198009127.230000
40 38 -16910.598894
41 38 88499.191155
222 38 120051.203079
224 38 641865.766976
226 38 -186657082.157000
4 39 -1959228.519000
6 39 -120296631.067000
39 39 7573455851.300000
42 39 -36990.000000
223 39 -1062702.475030
227 39 -178963264.256000
37 40 -2113.824862
38 40 -16910.598894
40 40 1090363.809740
41 40 12330.822889
42 40 -5659.564187
43 40 -4873.570297
44 40 29241.421784
61 40 -404.254585
63 40 -5659.564187
231 40 -875612.160000
5 41 -1955352.834880
6 41 136874698.442000
37 41 16910.598894
38 41 88499.191155
40 41 12330.822889
41 41 561286189.941000
43 41 -29241.421784
44 41 113067.730702
62 41 -21137.142857
182 41 1993183.619500
183 41 47836406.868000
229 41 120051.203079
232 41 -523214703.567000
4 42 -26350.659319
6 42 -1196319.933100
39 42 -36990.000000
40 42 -5659.564187
42 42 595016.128925
45 42 -49320.000000
61 42 5659.564187
63 42 52499.270051
181 42 -11480.125296
183 42 -459205.011849
230 42 120051.203079
233 42 70771.390652
25 43 -404.254585
27 43 5659.564187
40 43 -4873.570297
41 43 -29241.421784
43 43 5682.079467
44 43 -23581.857596
45 43 5659.564187
46 43 -404.254585
47 43 5659.564187
26 44 -21137.142857
40 44 29241.421784
41 44 113067.730702
43 44 -23581.857596
44 44 364935.000754
46 44 -5659.564187
47 44 52499.270051
25 45 -5659.564187
27 45 52499.270051
42 45 -49320.000000
43 45 5659.564187
45 45 176425.670051
48 45 -21137.142857
28 46 -404.254585
30 46 5659.564187
43 46 -404.254585
44 46 -5659.564187
46 46 1367753.488930
49 46 -404.254585
50 46 5659.564187
64 46 -404.254585
66 46 -5659.564187
238 46 -1158776.470590
5 47 -2530912.113330
6 47 177163847.933000
29 47 -21137.142857
43 47 5659.564187
44 47 52499.270051
47 47 833490312.028000
49 47 -5659.564187
50 47 52499.270051
65 47 -21137.142857
234 47 120051.203079
237 47 2568742.897950
239 47 -789309214.779000
4 48 1024871.690420
6 48 5534307.128260
28 48 -5659.564187
30 48 52499.270051
45 48 -21137.142857
48 48 197541674.315000
51 48 -21137.142857
64 48 5659.564187
66 48 52499.270051
235 48 120051.203079
236 48 -1062702.475030
240 48 -178963264.256000
31 49 -404.254585
33 49 5659.564187
46 49 -404.254585
47 49 -5659.564187
49 49 16065.142348
50 49 55366.968525
51 49 5659.564187
52 49 -15256.633178
53 49 61026.532712
32 50 -21137.142857
46 50 5659.564187
47 50 52499.270051
49 50 55366.968525
50 50 464783.000901
52 50 -61026.532712
53 50 150534.930850
31 51 -5659.564187
33 51 52499.270051
48 51 -21137.142857
49 51 5659.564187
51 51 201085.670051
54 51 -73980.000000
49 52 -15256.633178
50 52 -61026.532712
52 52 1099729.591190
53 52 -50061.098400
54 52 -5659.564187
55 52 -1096.543431
56 52 10965.434313
67 52 -404.254585
69 52 -5659.564187
244 52 -875612.160000
5 53 -1955352.834880
6 53 136874698.442000
49 53 61026.532712
50 53 150534.930850
52 53 -50061.098400
53 53 561351050.373000
55 53 -10965.434313
56 53 72225.863128
68 53 -21137.142857
182 53 1993183.619500
183 53 47836406.868000
242 53 120051.203079
245 53 -523214703.567000
4 54 -26350.659319
6 54 806330.175176
51 54 -73980.000000
52 54 -5659.564187
54 54 612278.128925
57 54 -29592.000000
67 54 5659.564187
69 54 52499.270051
181 54 -11480.125296
183 54 413284.510664
243 54 120051.203079
246 54 70771.390652
52 55 -1096.543431
53 55 -10965.434313
55 55 2166178.896370
56 55 -10965.434313
250 55 -609882.352941
5 56 -746318.601500
6 56 52242302.105000
52 56 10965.434313
53 56 72225.863128
55 56 -10965.434313
56 56 241875315.130000
247 56 120051.203079
249 56 784149.386115
251 56 -228139436.100000
4 57 -1956237.042060
6 57 98985594.328200
54 57 -29592.000000
57 57 3218873495.920000
248 57 -1062702.475030
252 57 -178963264.256000
58 58 2004901.180360
59 58 16910.598894
61 58 -2113.824862
62 58 16910.598894
257 58 -650439.529412
5 59 15344.248996
6 59 -644458.457826
58 59 16910.598894
59 59 568905.521068
61 59 -16910.598894
62 59 88499.191155
254 59 107981.469730
256 59 13885.453868
258 59 77377.699057
4 60 -1037226.606330
6 60 -63685713.628800
60 60 6786068977.160000
63 60 -36990.000000
255 60 -1984037.736910
259 60 -333818032.177000
40 61 -404.254585
42 61 5659.564187
58 61 -2113.824862
59 61 -16910.598894
61 61 183374.897384
62 61 -14120.201415
64 61 -139.519874
65 61 2790.397479
76 61 -404.254585
78 61 -5659.564187
5 62 29229.702864
6 62 -1227647.520300
41 62 -21137.142857
58 62 16910.598894
59 62 88499.191155
61 62 -14120.201415
62 62 527026.979659
64 62 -2790.397479
65 62 37093.709581
77 62 -21137.142857
261 62 107981.469730
4 63 -29229.702864
6 63 -1327028.510040
40 63 -5659.564187
42 63 52499.270051
60 63 -36990.000000
63 63 491883.167597
66 63 -14796.000000
76 63 5659.564187
78 63 52499.270051
262 63 107981.469730
46 64 -404.254585
48 64 5659.564187
61 64 -139.519874
62 64 -2790.397479
64 64 831891.719905
65 64 649.726006
67 64 -191.117971
68 64 3440.123485
79 64 -404.254585
81 64 -5659.564187
267 64 -650439.529412
5 65 15344.248996
6 65 -644458.457826
47 65 -21137.142857
61 65 2790.397479
62 65 37093.709581
64 65 649.726006
65 65 586347.427935
67 65 -3440.123485
68 65 41128.622727
80 65 -21137.142857
263 65 107981.469730
266 65 13885.453868
268 65 77377.699057
4 66 1954808.034050
6 66 10555963.383900
46 66 -5659.564187
48 66 52499.270051
63 66 -14796.000000
66 66 368018006.872000
69 66 -16440.000000
79 66 5659.564187
81 66 52499.270051
264 66 107981.469730
265 66 -1984037.736910
269 66 -333818032.177000
52 67 -404.254585
54 67 5659.564187
64 67 -191.117971
65 67 -3440.123485
67 67 182409.214050
68 67 7525.310828
70 67 -1096.543431
71 67 10965.434313
82 67 -404.254585
84 67 -5659.564187
5 68 29229.702864
6 68 -1227647.520300
53 68 -21137.142857
64 68 3440.123485
65 68 41128.622727
67 68 7525.310828
68 68 500233.044777
70 68 -10965.434313
71 68 72225.863128
83 68 -21137.142857
271 68 107981.469730
4 69 -29229.702864
6 69 894428.907644
52 69 -5659.564187
54 69 52499.270051
66 69 -16440.000000
69 69 486129.167597
72 69 -29592.000000
82 69 5659.564187
84 69 52499.270051
272 69 107981.469730
67 70 -1096.543431
68 70 -10965.434313
70 70 2003883.898930
71 70 -10965.434313
276 70 -650439.529412
5 71 15344.248996
6 71 -644458.457826
67 71 10965.434313
68 71 72225.863128
70 71 -10965.434313
71 71 533917.953041
273 71 107981.469730
275 71 13885.453868
277 71 77377.699057
4 72 -1033273.384330
6 72 52283633.246900
69 72 -29592.000000
72 72 2999464935.090000
274 72 -1984037.736910
278 72 -333818032.177000
73 73 1848861.046580
74 73 16910.598894
76 73 -2113.824862
77 73 16910.598894
283 73 -650439.529412
5 74 9329.657645
6 74 -130615.207029
73 74 16910.598894
74 74 544799.571158
76 74 -16910.598894
77 74 88499.191155
280 74 97742.286375
282 74 13885.453868
284 74 77377.699057
4 75 -1036467.292970
6 75 -63639091.788200
75 75 6049740023.320000
78 75 -36990.000000
281 75 -1984037.736910
285 75 -333818032.177000
61 76 -404.254585
63 76 5659.564187
73 76 -2113.824862
74 76 -16910.598894
76 76 162566.496672
77 76 -14521.406459
78 76 42.693570
79 76 -139.519874
80 76 2790.397479
91 76 -401.205044
92 76 -401.205044
93 76 -5616.870617
5 77 23215.111513
6 77 -325011.561186
62 77 -21137.142857
73 77 16910.598894
74 77 88499.191155
76 77 -14521.406459
77 77 503296.860393
78 77 6013.650574
79 77 -2790.397479
80 77 37093.709581
91 77 401.205044
92 77 -20710.563414
93 77 5220.090660
287 77 97742.286375
4 78 -23215.111513
6 78 -1053966.062700
61 78 -5659.564187
63 78 52499.270051
75 78 -36990.000000
76 78 42.693570
77 78 6013.650574
78 78 467083.225561
81 78 -14796.000000
91 78 5616.870617
92 78 5220.090660
93 78 51997.842209
288 78 97742.286375
64 79 -404.254585
66 79 5659.564187
76 79 -139.519874
77 79 -2790.397479
79 79 811086.368734
80 79 649.726006
82 79 -191.117971
83 79 3440.123485
97 79 -404.254585
99 79 -5659.564187
293 79 -650439.529412
5 80 9329.657645
6 80 -130615.207029
65 80 -21137.142857
76 80 2790.397479
77 80 37093.709581
79 80 649.726006
80 80 562241.478024
82 80 -3440.123485
83 80 41128.622727
98 80 -21137.142857
289 80 97742.286375
292 80 13885.453868
294 80 77377.699057
4 81 1960822.625400
6 81 10588442.177200
64 81 -5659.564187
66 81 52499.270051
78 81 -14796.000000
81 81 367993900.923000
84 81 -16440.000000
97 81 5659.564187
99 81 52499.270051
290 81 97742.286375
291 81 -1984037.736910
295 81 -333818032.177000
67 82 -404.254585
69 82 5659.564187
79 82 -191.117971
80 82 -3440.123485
82 82 161603.862880
83 82 7525.310828
85 82 -1096.543431
86 82 10965.434313
103 82 -404.254585
105 82 -5659.564187
5 83 23215.111513
6 83 -325011.561186
68 83 -21137.142857
79 83 3440.123485
80 83 41128.622727
82 83 7525.310828
83 83 476127.094867
85 83 -10965.434313
86 83 72225.863128
104 83 -21137.142857
297 83 97742.286375
4 84 -23215.111513
6 84 710382.412306
67 84 -5659.564187
69 84 52499.270051
81 84 -16440.000000
84 84 462023.217686
87 84 -29592.000000
103 84 5659.564187
105 84 52499.270051
298 84 97742.286375
82 85 -1096.543431
83 85 -10965.434313
85 85 1847843.765150
86 85 -10965.434313
302 85 -650439.529412
5 86 9329.657645
6 86 -130615.207029
82 86 10965.434313
83 86 72225.863128
85 86 -10965.434313
86 86 509812.003130
299 86 97742.286375
301 86 13885.453868
303 86 77377.699057
4 87 -1031419.910600
6 87 52189847.476600
84 87 -29592.000000
87 87 2700038278.880000
300 87 -1984037.736910
304 87 -333818032.177000
88 88 1582363.517540
89 88 153341.377331
91 88 -21905.911047
92 88 153341.377331
307 88 -487905.882353
5 89 -551334.869199
6 89 -7718688.168790
88 89 153341.377331
89 89 177299350.400000
91 89 -153341.377331
92 89 645524.498460
306 89 89072.591711
308 89 -165920408.719000
493 89 570194.129887
494 89 -57019412.988700
4 90 -1956950.718840
6 90 -120156774.136000
90 90 5295771248.720000
93 90 -104729.142857
309 90 -178963264.256000
492 90 -1062702.475030
494 90 -70882255.084700
76 91 -401.205044
77 91 401.205044
78 91 5616.870617
88 91 -21905.911047
89 91 -153341.377331
91 91 553149.335455
92 91 401.205044
93 91 5616.870617
94 91 -21905.911047
95 91 153341.377331
312 91 -365929.411765
5 92 -1015261.282490
6 92 -14213657.954900
76 92 -401.205044
77 92 -20710.563414
78 92 5220.090660
88 92 153341.377331
89 92 645524.498460
91 92 401.205044
92 92 310840786.788000
93 92 6013.650574
94 92 -153341.377331
95 92 645524.498460
310 92 89072.591711
313 92 -290052328.324000
493 92 1034120.543180
494 92 -103412054.318000
4 93 -4973.806820
6 93 -235758.443245
76 93 -5616.870617
77 93 5220.090660
78 93 51997.842209
90 93 -104729.142857
91 93 5616.870617
92 93 6013.650574
93 93 657794.525750
96 93 -104729.142857
311 93 89072.591711
314 93 77377.699057
492 93 -13885.453868
494 93 -731763.418862
91 94 -21905.911047
92 94 -153341.377331
94 94 198160.579168
95 94 43719.724572
96 94 -5659.564187
115 94 -404.254585
117 94 -5659.564187
175 94 -32843.516984
176 94 197061.101903
5 95 18859.260688
6 95 264029.649630
91 95 153341.377331
92 95 645524.498460
94 95 43719.724572
95 95 3388321.226710
116 95 -21137.142857
175 95 -197061.101903
176 95 683190.611420
315 95 89072.591711
4 96 -18859.260688
6 96 -629899.306975
93 96 -104729.142857
94 96 -5659.564187
96 96 517268.358314
115 96 5659.564187
117 96 52499.270051
177 96 -122184.000000
316 96 89072.591711
79 97 -404.254585
81 97 5659.564187
97 97 815381.761085
98 97 -56097.397221
118 97 -404.254585
120 97 -5659.564187
175 97 -15260.996840
176 97 -122087.974724
178 97 -5865.829111
179 97 65990.577503
319 97 -650439.529412
5 98 -1978409.674640
6 98 -27697735.445000
80 98 -21137.142857
97 98 -56097.397221
98 98 617247859.801000
119 98 -21137.142857
175 98 122087.974724
176 98 602321.797792
178 98 -65990.577503
179 98 476166.796914
317 98 89072.591711
320 98 -580707919.932000
493 98 1997268.935330
494 98 -199726893.533000
4 99 1043843.214350
6 99 5636753.357470
79 99 -5659.564187
81 99 52499.270051
99 99 197582332.875000
118 99 5659.564187
120 99 52499.270051
177 99 -91638.000000
180 99 -65164.800000
318 99 89072.591711
321 99 -178963264.256000
492 99 -1062702.475030
494 99 -11370916.482900
100 100 421593.570282
101 100 -172621.546798
102 100 -5659.564187
103 100 -87760.015682
104 100 351040.062726
121 100 -404.254585
123 100 -5659.564187
178 100 -190422.403463
179 100 -523661.609525
5 101 18859.260688
6 101 264029.649630
100 101 -172621.546798
101 101 4887628.780950
103 101 -351040.062726
104 101 655396.250906
122 101 -21137.142857
178 101 523661.609525
179 101 350958.153465
322 101 89072.591711
4 102 -18859.260688
6 102 426219.291546
100 102 -5659.564187
102 102 740214.488184
105 102 -183276.000000
121 102 5659.564187
123 102 52499.270051
180 102 -266583.272727
323 102 89072.591711
82 103 -404.254585
84 103 5659.564187
100 103 -87760.015682
101 103 -351040.062726
103 103 96362.726854
104 103 -269055.496847
105 103 5659.564187
106 103 -8198.456588
107 103 81984.565879
83 104 -21137.142857
100 104 351040.062726
101 104 655396.250906
103 104 -269055.496847
104 104 3293412.652550
106 104 -81984.565879
107 104 520340.058790
82 105 -5659.564187
84 105 52499.270051
102 105 -183276.000000
103 105 5659.564187
105 105 362554.927194
108 105 -73310.400000
103 106 -8198.456588
104 106 -81984.565879
106 106 1731189.710140
107 106 -81984.565879
325 106 -650439.529412
5 107 -1048539.503900
6 107 -14679553.054600
103 107 81984.565879
104 107 520340.058790
106 107 -81984.565879
107 107 269576627.446000
324 107 89072.591711
326 107 -250127110.501000
493 107 1067398.764590
494 107 -106739876.458000
4 108 -1950677.453340
6 108 98704279.139200
105 108 -73310.400000
108 108 2292549521.210000
327 108 -178963264.256000
492 108 -1062702.475030
494 108 48140422.119000
109 109 1097097.277980
110 109 21845.651752
112 109 -3120.807393
113 109 21845.651752
329 109 -121976.470588
5 110 1725.241409
6 110 72460.139179
109 110 21845.651752
110 110 533138.598331
112 110 -21845.651752
113 110 99450.305122
328 110 81696.362219
330 110 77377.699057
493 110 13885.453868
494 110 -999752.678521
4 111 -3004823.538200
6 111 -184496165.245000
111 111 4625150621.240000
114 111 -42274.285714
331 111 77377.699057
492 111 -13885.453868
494 111 -926159.773019
109 112 -3120.807393
110 112 -21845.651752
112 112 257818.085375
115 112 -3120.807393
116 112 21845.651752
334 112 -121976.470588
5 113 1725.241409
6 113 72460.139179
109 113 21845.651752
110 113 99450.305122
113 113 739527.417739
115 113 -21845.651752
116 113 99450.305122
332 113 81696.362219
335 113 77377.699057
493 113 13885.453868
494 113 -999752.678521
4 114 -1725.241409
6 114 -81776.442787
111 114 -42274.285714
114 114 411298.350352
117 114 -42274.285714
333 114 81696.362219
336 114 77377.699057
492 114 -13885.453868
494 114 -731763.418862
94 115 -404.254585
96 115 5659.564187
112 115 -3120.807393
113 115 -21845.651752
115 115 255910.041736
116 115 -16186.087565
118 115 -404.254585
119 115 5659.564187
133 115 -404.254585
135 115 -5659.564187
339 115 -121976.470588
5 116 1725.241409
6 116 72460.139179
95 116 -21137.142857
112 116 21845.651752
113 116 99450.305122
115 116 -16186.087565
116 116 681381.411240
118 116 -5659.564187
119 116 52499.270051
134 116 -21137.142857
337 116 81696.362219
340 116 77377.699057
493 116 13885.453868
494 116 -999752.678521
4 117 -1725.241409
6 117 -57623.063061
94 117 -5659.564187
96 117 52499.270051
114 117 -42274.285714
117 117 602098.261883
120 117 -21137.142857
133 117 5659.564187
135 117 52499.270051
338 117 81696.362219
341 117 77377.699057
492 117 -13885.453868
494 117 -537367.064705
97 118 -404.254585
99 118 5659.564187
115 118 -404.254585
116 118 -5659.564187
118 118 253193.488928
121 118 -404.254585
122 118 5659.564187
136 118 -404.254585
138 118 -5659.564187
344 118 -121976.470588
5 119 1725.241409
6 119 72460.139179
98 119 -21137.142857
115 119 5659.564187
116 119 52499.270051
119 119 580961.119026
121 119 -5659.564187
122 119 52499.270051
137 119 -21137.142857
342 119 81696.362219
345 119 77377.699057
493 119 13885.453868
494 119 -999752.678521
4 120 -1725.241409
6 120 -9316.303609
97 120 -5659.564187
99 120 52499.270051
117 120 -21137.142857
120 120 580961.119026
123 120 -21137.142857
136 120 5659.564187
138 120 52499.270051
343 120 81696.362219
346 120 77377.699057
492 120 -13885.453868
494 120 -148574.356391
100 121 -404.254585
102 121 5659.564187
118 121 -404.254585
119 121 -5659.564187
121 121 253193.488928
124 121 -404.254585
125 121 5659.564187
139 121 -404.254585
141 121 -5659.564187
349 121 -121976.470588
5 122 1725.241409
6 122 72460.139179
101 122 -21137.142857
118 122 5659.564187
119 122 52499.270051
122 122 580961.119026
124 122 -5659.564187
125 122 52499.270051
140 122 -21137.142857
347 122 81696.362219
350 122 77377.699057
493 122 13885.453868
494 122 -999752.678521
4 123 -1725.241409
6 123 38990.455844
100 123 -5659.564187
102 123 52499.270051
120 123 -21137.142857
123 123 580961.119026
126 123 -21137.142857
139 123 5659.564187
141 123 52499.270051
348 123 81696.362219
351 123 77377.699057
492 123 -13885.453868
494 123 240218.351922
121 124 -404.254585
122 124 -5659.564187
124 124 737980.725173
125 124 -5659.564187
353 124 -121976.470588
5 125 1725.241409
6 125 72460.139179
121 125 5659.564187
122 125 52499.270051
124 125 -5659.564187
125 125 432718.306118
352 125 81696.362219
354 125 77377.699057
493 125 13885.453868
494 125 -999752.678521
4 126 -1579557.169080
6 126 79925592.755600
123 126 -21137.142857
126 126 272127353.143000
355 126 77377.699057
492 126 -13885.453868
494 126 629011.060236
127 127 1013782.992270
128 127 21845.651752
130 127 -3120.807393
131 127 21845.651752
357 127 -121976.470588
5 128 -758.353330
6 128 -53084.733099
127 128 21845.651752
128 128 519413.234395
130 128 -21845.651752
131 128 99450.305122
356 128 75374.861139
358 128 77377.699057
493 128 13885.453868
494 128 -610959.970207
4 129 -3003787.144300
6 129 -184432530.660000
129 129 4233051298.820000
132 129 -42274.285714
359 129 77377.699057
492 129 -13885.453868
494 129 -926159.773019
127 130 -3120.807393
128 130 -21845.651752
130 130 246709.513946
133 130 -3120.807393
134 130 21845.651752
362 130 -121976.470588
5 131 -758.353330
6 131 -53084.733099
127 131 21845.651752
128 131 99450.305122
131 131 725802.053803
133 131 -21845.651752
134 131 99450.305122
360 131 75374.861139
363 131 77377.699057
493 131 13885.453868
494 131 -610959.970207
4 132 758.353330
6 132 35945.947841
129 132 -42274.285714
132 132 397572.986415
135 132 -42274.285714
361 132 75374.861139
364 132 77377.699057
492 132 -13885.453868
494 132 -731763.418862
115 133 -404.254585
117 133 5659.564187
130 133 -3120.807393
131 133 -21845.651752
133 133 244801.470307
134 133 -16186.087565
136 133 -404.254585
137 133 5659.564187
151 133 -404.254585
153 133 -5659.564187
367 133 -121976.470588
5 134 -758.353330
6 134 -53084.733099
116 134 -21137.142857
130 134 21845.651752
131 134 99450.305122
133 134 -16186.087565
134 134 667656.047303
136 134 -5659.564187
137 134 52499.270051
152 134 -21137.142857
365 134 75374.861139
368 134 77377.699057
493 134 13885.453868
494 134 -610959.970207
4 135 758.353330
6 135 25329.001222
115 135 -5659.564187
117 135 52499.270051
132 135 -42274.285714
135 135 588372.897946
138 135 -21137.142857
151 135 5659.564187
153 135 52499.270051
366 135 75374.861139
369 135 77377.699057
492 135 -13885.453868
494 135 -537367.064705
118 136 -404.254585
120 136 5659.564187
133 136 -404.254585
134 136 -5659.564187
136 136 242084.917499
139 136 -404.254585
140 136 5659.564187
154 136 -404.254585
156 136 -5659.564187
372 136 -121976.470588
5 137 -758.353330
6 137 -53084.733099
119 137 -21137.142857
133 137 5659.564187
134 137 52499.270051
137 137 567235.755089
139 137 -5659.564187
140 137 52499.270051
155 137 -21137.142857
370 137 75374.861139
373 137 77377.699057
493 137 13885.453868
494 137 -610959.970207
4 138 758.353330
6 138 4095.107982
118 138 -5659.564187
120 138 52499.270051
135 138 -21137.142857
138 138 567235.755089
141 138 -21137.142857
154 138 5659.564187
156 138 52499.270051
371 138 75374.861139
374 138 77377.699057
492 138 -13885.453868
494 138 -148574.356391
121 139 -404.254585
123 139 5659.564187
136 139 -404.254585
137 139 -5659.564187
139 139 242084.917499
142 139 -404.254585
143 139 5659.564187
157 139 -404.254585
159 139 -5659.564187
377 139 -121976.470588
5 140 -758.353330
6 140 -53084.733099
122 140 -21137.142857
136 140 5659.564187
137 140 52499.270051
140 140 567235.755089
142 140 -5659.564187
143 140 52499.270051
158 140 -21137.142857
375 140 75374.861139
378 140 77377.699057
493 140 13885.453868
494 140 -610959.970207
4 141 758.353330
6 141 -17138.785258
121 141 -5659.564187
123 141 52499.270051
138 141 -21137.142857
141 141 567235.755089
144 141 -21137.142857
157 141 5659.564187
159 141 52499.270051
376 141 75374.861139
379 141 77377.699057
492 141 -13885.453868
