416 416 2312
1 1 1.000000
2 2 1.666667
17 2 0.666667
18 2 -0.166667
3 3 1.000000
4 4 0.000053
19 4 0.002667
20 4 -0.000027
5 5 1.000000
6 6 0.000027
8 6 0.000007
21 6 -0.000000
22 6 -0.000027
23 6 0.000000
24 6 -0.000007
7 7 1.000000
6 8 0.000007
8 8 1.666668
21 8 0.000000
22 8 -0.000007
23 8 0.666667
24 8 -0.166668
9 9 1.000000
10 10 1.666667
25 10 0.666667
26 10 -0.166667
11 11 1.000000
12 12 0.000027
27 12 -0.000000
28 12 -0.000027
13 13 1.000000
14 14 0.000053
29 14 0.002667
30 14 -0.000027
15 15 0.000137
16 15 0.000001
31 15 0.000103
32 15 -0.000001
15 16 0.000001
16 16 0.000000
31 16 0.000001
32 16 -0.000000
2 17 0.666667
17 17 1.333333
18 17 0.000000
2 18 -0.166667
17 18 0.000000
18 18 0.286604
33 18 0.062305
34 18 -0.023364
4 19 0.002667
19 19 0.823676
20 19 -0.001720
35 19 0.087072
36 19 -0.000860
4 20 -0.000027
19 20 -0.001720
20 20 0.000038
35 20 0.000816
36 20 -0.000008
6 21 -0.000000
8 21 0.000000
21 21 0.000427
22 21 0.000107
23 21 0.000107
24 21 0.000027
6 22 -0.000027
8 22 -0.000007
21 22 0.000107
22 22 0.000427
23 22 0.000027
24 22 0.000107
37 22 0.000107
38 22 -0.000080
39 22 0.000027
40 22 -0.000020
6 23 0.000000
8 23 0.666667
21 23 0.000107
22 23 0.000027
23 23 1.333360
24 23 0.000007
6 24 -0.000007
8 24 -0.166668
21 24 0.000027
22 24 0.000107
23 24 0.000007
24 24 0.286631
37 24 0.000027
38 24 -0.000020
39 24 0.062312
40 24 -0.023369
10 25 0.666667
25 25 1.333333
26 25 0.000000
10 26 -0.166667
25 26 0.000000
26 26 0.286604
41 26 0.062305
42 26 -0.023364
12 27 -0.000000
27 27 0.000427
28 27 0.000107
12 28 -0.000027
27 28 0.000107
28 28 0.000427
43 28 0.000107
44 28 -0.000080
14 29 0.002667
29 29 0.823676
30 29 -0.001720
45 29 0.087072
46 29 -0.000860
14 30 -0.000027
29 30 -0.001720
30 30 0.000038
45 30 0.000816
46 30 -0.000008
15 31 0.000103
16 31 0.000001
31 31 0.001189
32 31 0.000002
47 31 0.000309
48 31 -0.000003
15 32 -0.000001
16 32 -0.000000
31 32 0.000002
32 32 0.000000
47 32 0.000003
48 32 -0.000000
18 33 0.062305
33 33 0.361371
34 33 0.031153
18 34 -0.023364
33 34 0.031153
34 34 0.134632
49 34 0.032563
50 34 -0.013568
19 35 0.087072
20 35 0.000816
35 35 0.379386
36 35 -0.000350
51 35 0.051717
52 35 -0.000506
19 36 -0.000860
20 36 -0.000008
35 36 -0.000350
36 36 0.000016
51 36 0.000490
52 36 -0.000005
22 37 0.000107
24 37 0.000027
37 37 0.001280
38 37 0.000213
39 37 0.000319
40 37 0.000053
22 38 -0.000080
24 38 -0.000020
37 38 0.000213
38 38 0.000853
39 38 0.000053
40 38 0.000213
53 38 0.000213
54 38 -0.000133
55 38 0.000053
56 38 -0.000033
22 39 0.000027
24 39 0.062312
37 39 0.000319
38 39 0.000053
39 39 0.361450
40 39 0.031166
22 40 -0.000020
24 40 -0.023369
37 40 0.000053
38 40 0.000213
39 40 0.031166
40 40 0.134685
53 40 0.000053
54 40 -0.000033
55 40 0.032577
56 40 -0.013576
26 41 0.062305
41 41 0.361371
42 41 0.031153
26 42 -0.023364
41 42 0.031153
42 42 0.134632
57 42 0.032563
58 42 -0.013568
28 43 0.000107
43 43 0.001280
44 43 0.000213
28 44 -0.000080
43 44 0.000213
44 44 0.000853
59 44 0.000213
60 44 -0.000133
29 45 0.087072
30 45 0.000816
45 45 0.379386
46 45 -0.000350
61 45 0.051717
62 45 -0.000506
29 46 -0.000860
30 46 -0.000008
45 46 -0.000350
46 46 0.000016
61 46 0.000490
62 46 -0.000005
31 47 0.000309
32 47 0.000003
47 47 0.002377
48 47 0.000002
63 47 0.000514
64 47 -0.000005
31 48 -0.000003
32 48 -0.000000
47 48 0.000002
48 48 0.000000
63 48 0.000005
64 48 -0.000000
34 49 0.032563
49 49 0.214565
50 49 0.021709
34 50 -0.013568
49 50 0.021709
50 50 0.089255
65 50 0.021962
66 50 -0.009608
35 51 0.051717
36 51 0.000490
51 51 0.249901
52 51 -0.000151
67 51 0.036839
68 51 -0.000359
35 52 -0.000506
36 52 -0.000005
51 52 -0.000151
52 52 0.000010
67 52 0.000351
68 52 -0.000003
38 53 0.000213
40 53 0.000053
53 53 0.002133
54 53 0.000320
55 53 0.000531
56 53 0.000079
38 54 -0.000133
40 54 -0.000033
53 54 0.000320
54 54 0.001280
55 54 0.000079
56 54 0.000318
69 54 0.000320
70 54 -0.000187
71 54 0.000079
72 54 -0.000046
38 55 0.000053
40 55 0.032577
53 55 0.000531
54 55 0.000079
55 55 0.214697
56 55 0.021729
38 56 -0.000033
40 56 -0.013576
53 56 0.000079
54 56 0.000318
55 56 0.021729
56 56 0.089334
69 56 0.000079
70 56 -0.000046
71 56 0.021981
72 56 -0.009620
42 57 0.032563
57 57 0.214565
58 57 0.021709
42 58 -0.013568
57 58 0.021709
58 58 0.089255
73 58 0.021962
74 58 -0.009608
44 59 0.000213
59 59 0.002133
60 59 0.000320
44 60 -0.000133
59 60 0.000320
60 60 0.001280
75 60 0.000320
76 60 -0.000187
45 61 0.051717
46 61 0.000490
61 61 0.249901
62 61 -0.000151
77 61 0.036839
78 61 -0.000359
45 62 -0.000506
46 62 -0.000005
61 62 -0.000151
62 62 0.000010
77 62 0.000351
78 62 -0.000003
47 63 0.000514
48 63 0.000005
63 63 0.003566
64 63 0.000002
79 63 0.000720
80 63 -0.000007
47 64 -0.000005
48 64 -0.000000
63 64 0.000002
64 64 0.000000
79 64 0.000007
80 64 -0.000000
50 65 0.021962
65 65 0.152828
66 65 0.016471
50 66 -0.009608
65 66 0.016471
66 66 0.066819
81 66 0.016549
82 66 -0.007447
51 67 0.036839
52 67 0.000351
67 67 0.186667
68 67 -0.000084
83 67 0.028620
84 67 -0.000278
51 68 -0.000359
52 68 -0.000003
67 68 -0.000084
68 68 0.000008
83 68 0.000273
84 68 -0.000003
54 69 0.000320
56 69 0.000079
69 69 0.002987
70 69 0.000427
71 69 0.000739
72 69 0.000105
54 70 -0.000187
56 70 -0.000046
69 70 0.000427
70 70 0.001707
71 70 0.000105
72 70 0.000421
85 70 0.000427
86 70 -0.000240
87 70 0.000105
88 70 -0.000059
54 71 0.000079
56 71 0.021981
69 71 0.000739
70 71 0.000105
71 71 0.153011
72 71 0.016497
54 72 -0.000046
56 72 -0.009620
69 72 0.000105
70 72 0.000421
71 72 0.016497
72 72 0.066922
85 72 0.000105
86 72 -0.000059
87 72 0.016575
88 72 -0.007461
58 73 0.021962
73 73 0.152828
74 73 0.016471
58 74 -0.009608
73 74 0.016471
74 74 0.066819
89 74 0.016549
90 74 -0.007447
60 75 0.000320
75 75 0.002987
76 75 0.000427
60 76 -0.000187
75 76 0.000427
76 76 0.001707
91 76 0.000427
92 76 -0.000240
61 77 0.036839
62 77 0.000351
77 77 0.186667
78 77 -0.000084
93 77 0.028620
94 77 -0.000278
61 78 -0.000359
62 78 -0.000003
77 78 -0.000084
78 78 0.000008
93 78 0.000273
94 78 -0.000003
63 79 0.000720
64 79 0.000007
79 79 0.004754
80 79 0.000002
95 79 0.000926
96 79 -0.000009
63 80 -0.000007
64 80 -0.000000
79 80 0.000002
80 80 0.000000
95 80 0.000009
96 80 -0.000000
66 81 0.016549
81 81 0.118728
82 81 0.013239
66 82 -0.007447
81 82 0.013239
82 82 0.053411
97 82 0.013270
98 82 -0.006082
67 83 0.028620
68 83 0.000273
83 83 0.149057
84 83 -0.000054
99 83 0.023403
100 83 -0.000227
67 84 -0.000278
68 84 -0.000003
83 84 -0.000054
84 84 0.000006
99 84 0.000224
100 84 -0.000002
70 85 0.000427
72 85 0.000105
85 85 0.003840
86 85 0.000533
87 85 0.000944
88 85 0.000131
70 86 -0.000240
72 86 -0.000059
85 86 0.000533
86 86 0.002133
87 86 0.000131
88 86 0.000523
101 86 0.000533
102 86 -0.000293
103 86 0.000131
104 86 -0.000072
70 87 0.000105
72 87 0.016575
85 87 0.000944
86 87 0.000131
87 87 0.118960
88 87 0.013271
70 88 -0.000059
72 88 -0.007461
85 88 0.000131
86 88 0.000523
87 88 0.013271
88 88 0.053539
101 88 0.000131
102 88 -0.000072
103 88 0.013302
104 88 -0.006100
74 89 0.016549
89 89 0.118728
90 89 0.013239
74 90 -0.007447
89 90 0.013239
90 90 0.053411
105 90 0.013270
106 90 -0.006082
76 91 0.000427
91 91 0.003840
92 91 0.000533
76 92 -0.000240
91 92 0.000533
92 92 0.002133
107 92 0.000533
108 92 -0.000293
77 93 0.028620
78 93 0.000273
93 93 0.149057
94 93 -0.000054
109 93 0.023403
110 93 -0.000227
77 94 -0.000278
78 94 -0.000003
93 94 -0.000054
94 94 0.000006
109 94 0.000224
110 94 -0.000002
79 95 0.000926
80 95 0.000009
95 95 0.005943
96 95 0.000002
111 95 0.001131
112 95 -0.000011
79 96 -0.000009
80 96 -0.000000
95 96 0.000002
96 96 0.000000
111 96 0.000011
112 96 -0.000000
82 97 0.013270
97 97 0.097084
98 97 0.011059
82 98 -0.006082
97 98 0.011059
98 98 0.044489
113 98 0.011073
114 98 -0.005141
83 99 0.023403
84 99 0.000224
99 99 0.124090
100 99 -0.000037
115 99 0.019796
116 99 -0.000192
83 100 -0.000227
84 100 -0.000002
99 100 -0.000037
100 100 0.000005
115 100 0.000189
116 100 -0.000002
86 101 0.000533
88 101 0.000131
101 101 0.004693
102 101 0.000640
103 101 0.001145
104 101 0.000155
86 102 -0.000293
88 102 -0.000072
101 102 0.000640
102 102 0.002560
103 102 0.000155
104 102 0.000622
117 102 0.000640
118 102 -0.000347
119 102 0.000155
120 102 -0.000084
86 103 0.000131
88 103 0.013302
101 103 0.001145
102 103 0.000155
103 103 0.097364
104 103 0.011096
86 104 -0.000072
88 104 -0.006100
101 104 0.000155
102 104 0.000622
103 104 0.011096
104 104 0.044640
117 104 0.000155
118 104 -0.000084
119 104 0.011111
120 104 -0.005161
90 105 0.013270
105 105 0.097084
106 105 0.011059
90 106 -0.006082
105 106 0.011059
106 106 0.044489
121 106 0.011073
122 106 -0.005141
92 107 0.000533
107 107 0.004693
108 107 0.000640
92 108 -0.000293
107 108 0.000640
108 108 0.002560
123 108 0.000640
124 108 -0.000347
93 109 0.023403
94 109 0.000224
109 109 0.124090
110 109 -0.000037
125 109 0.019796
126 109 -0.000192
93 110 -0.000227
94 110 -0.000002
109 110 -0.000037
110 110 0.000005
125 110 0.000189
126 110 -0.000002
95 111 0.001131
96 111 0.000011
111 111 0.007131
112 111 0.000002
127 111 0.001337
128 111 -0.000013
95 112 -0.000011
96 112 -0.000000
111 112 0.000002
112 112 0.000000
127 112 0.000013
128 112 -0.000000
98 113 0.011073
113 113 0.082121
114 113 0.009492
98 114 -0.005141
113 114 0.009492
114 114 0.038123
129 114 0.009500
130 114 -0.004453
99 115 0.019796
100 115 0.000189
115 115 0.106299
116 115 -0.000027
131 115 0.017153
132 115 -0.000166
99 116 -0.000192
100 116 -0.000002
115 116 -0.000027
116 116 0.000004
131 116 0.000164
132 116 -0.000002
102 117 0.000640
104 117 0.000155
117 117 0.005547
118 117 0.000747
119 117 0.001340
120 117 0.000179
102 118 -0.000347
104 118 -0.000084
117 118 0.000747
118 118 0.002987
119 118 0.000179
120 118 0.000717
133 118 0.000747
134 118 -0.000400
135 118 0.000179
136 118 -0.000095
102 119 0.000155
104 119 0.011111
117 119 0.001340
118 119 0.000179
119 119 0.082444
120 119 0.009535
102 120 -0.000084
104 120 -0.005161
117 120 0.000179
118 120 0.000717
119 120 0.009535
120 120 0.038295
133 120 0.000179
134 120 -0.000095
135 120 0.009543
136 120 -0.004476
106 121 0.011073
121 121 0.082121
122 121 0.009492
106 122 -0.005141
121 122 0.009492
122 122 0.038123
137 122 0.009500
138 122 -0.004453
108 123 0.000640
123 123 0.005547
124 123 0.000747
108 124 -0.000347
123 124 0.000747
124 124 0.002987
139 124 0.000747
140 124 -0.000400
109 125 0.019796
110 125 0.000189
125 125 0.106299
126 125 -0.000027
141 125 0.017153
142 125 -0.000166
109 126 -0.000192
110 126 -0.000002
125 126 -0.000027
126 126 0.000004
141 126 0.000164
142 126 -0.000002
111 127 0.001337
112 127 0.000013
127 127 0.008320
128 127 0.000002
143 127 0.001543
144 127 -0.000015
111 128 -0.000013
112 128 -0.000000
127 128 0.000002
128 128 0.000000
143 128 0.000015
144 128 -0.000000
114 129 0.009500
129 129 0.071156
130 129 0.008312
114 130 -0.004453
129 130 0.008312
130 130 0.033352
145 130 0.008317
146 130 -0.003927
115 131 0.017153
116 131 0.000164
131 131 0.092975
132 131 -0.000021
147 131 0.015133
148 131 -0.000146
115 132 -0.000166
116 132 -0.000002
131 132 -0.000021
132 132 0.000004
147 132 0.000145
148 132 -0.000001
118 133 0.000747
120 133 0.000179
133 133 0.006400
134 133 0.000853
135 133 0.001528
136 133 0.000202
118 134 -0.000400
120 134 -0.000095
133 134 0.000853
134 134 0.003413
135 134 0.000202
136 134 0.000810
149 134 0.000853
150 134 -0.000453
151 134 0.000202
152 134 -0.000107
118 135 0.000179
120 135 0.009543
133 135 0.001528
134 135 0.000202
135 135 0.071521
136 135 0.008360
118 136 -0.000095
120 136 -0.004476
133 136 0.000202
134 136 0.000810
135 136 0.008360
136 136 0.033544
149 136 0.000202
150 136 -0.000107
151 136 0.008365
152 136 -0.003953
122 137 0.009500
137 137 0.071156
138 137 0.008312
122 138 -0.004453
137 138 0.008312
138 138 0.033352
153 138 0.008317
154 138 -0.003927
124 139 0.000747
139 139 0.006400
140 139 0.000853
124 140 -0.000400
139 140 0.000853
140 140 0.003413
155 140 0.000853
156 140 -0.000453
125 141 0.017153
126 141 0.000164
141 141 0.092975
142 141 -0.000021
157 141 0.015133
158 141 -0.000146
125 142 -0.000166
126 142 -0.000002
141 142 -0.000021
142 142 0.000004
157 142 0.000145
158 142 -0.000001
127 143 0.001543
128 143 0.000015
143 143 0.009509
144 143 0.000002
159 143 0.001749
160 143 -0.000017
127 144 -0.000015
128 144 -0.000000
143 144 0.000002
144 144 0.000000
159 144 0.000017
160 144 -0.000000
130 145 0.008317
145 145 0.062776
146 145 0.007393
130 146 -0.003927
145 146 0.007393
146 146 0.029643
161 146 0.007396
162 146 -0.003513
131 147 0.015133
132 147 0.000145
147 147 0.082622
148 147 -0.000016
163 147 0.013539
164 147 -0.000131
131 148 -0.000146
132 148 -0.000001
147 148 -0.000016
148 148 0.000003
163 148 0.000130
164 148 -0.000001
134 149 0.000853
136 149 0.000202
149 149 0.007253
150 149 0.000960
151 149 0.001708
152 149 0.000225
134 150 -0.000453
136 150 -0.000107
149 150 0.000960
150 150 0.003840
151 150 0.000225
152 150 0.000898
165 150 0.000960
166 150 -0.000507
167 150 0.000225
168 150 -0.000117
134 151 0.000202
136 151 0.008365
149 151 0.001708
150 151 0.000225
151 151 0.063179
152 151 0.007445
134 152 -0.000107
136 152 -0.003953
149 152 0.000225
150 152 0.000898
151 152 0.007445
152 152 0.029853
165 152 0.000225
166 152 -0.000117
167 152 0.007448
168 152 -0.003540
138 153 0.008317
153 153 0.062776
154 153 0.007393
138 154 -0.003927
153 154 0.007393
154 154 0.029643
169 154 0.007396
170 154 -0.003513
140 155 0.000853
155 155 0.007253
156 155 0.000960
140 156 -0.000453
155 156 0.000960
156 156 0.003840
171 156 0.000960
172 156 -0.000507
141 157 0.015133
142 157 0.000145
157 157 0.082622
158 157 -0.000016
173 157 0.013539
174 157 -0.000131
141 158 -0.000146
142 158 -0.000001
157 158 -0.000016
158 158 0.000003
173 158 0.000130
174 158 -0.000001
143 159 0.001749
144 159 0.000017
159 159 0.010697
160 159 0.000002
175 159 0.001954
176 159 -0.000019
143 160 -0.000017
144 160 -0.000000
159 160 0.000002
160 160 0.000000
175 160 0.000019
176 160 -0.000000
146 161 0.007396
161 161 0.056163
162 161 0.006656
146 162 -0.003513
161 162 0.006656
162 162 0.026676
177 162 0.006658
178 162 -0.003178
147 163 0.013539
148 163 0.000130
163 163 0.074346
164 163 -0.000013
179 163 0.012249
180 163 -0.000118
147 164 -0.000131
148 164 -0.000001
163 164 -0.000013
164 164 0.000003
179 164 0.000118
180 164 -0.000001
150 165 0.000960
152 165 0.000225
165 165 0.008107
166 165 0.001067
167 165 0.001880
168 165 0.000245
150 166 -0.000507
152 166 -0.000117
165 166 0.001067
166 166 0.004267
167 166 0.000245
168 166 0.000981
181 166 0.001067
182 166 -0.000560
183 166 0.000245
184 166 -0.000128
150 167 0.000225
152 167 0.007448
165 167 0.001880
166 167 0.000245
167 167 0.056599
168 167 0.006713
150 168 -0.000117
152 168 -0.003540
165 168 0.000245
166 168 0.000981
167 168 0.006713
168 168 0.026902
181 168 0.000245
182 168 -0.000128
183 168 0.006714
184 168 -0.003207
154 169 0.007396
169 169 0.056163
170 169 0.006656
154 170 -0.003513
169 170 0.006656
170 170 0.026676
185 170 0.006658
186 170 -0.003178
156 171 0.000960
171 171 0.008107
172 171 0.001067
156 172 -0.000507
171 172 0.001067
172 172 0.004267
187 172 0.001067
188 172 -0.000560
157 173 0.013539
158 173 0.000130
173 173 0.074346
174 173 -0.000013
189 173 0.012249
190 173 -0.000118
157 174 -0.000131
158 174 -0.000001
173 174 -0.000013
174 174 0.000003
189 174 0.000118
190 174 -0.000001
159 175 0.001954
160 175 0.000019
175 175 0.011886
176 175 0.000002
191 175 0.002160
192 175 -0.000021
159 176 -0.000019
160 176 -0.000000
175 176 0.000002
176 176 0.000000
191 176 0.000021
192 176 -0.000000
162 177 0.006658
177 177 0.050810
178 177 0.006053
162 178 -0.003178
177 178 0.006053
178 178 0.024250
193 178 0.006054
194 178 -0.002901
163 179 0.012249
164 179 0.000118
179 179 0.067578
180 179 -0.000011
195 179 0.011183
196 179 -0.000108
163 180 -0.000118
164 180 -0.000001
179 180 -0.000011
180 180 0.000003
195 180 0.000107
196 180 -0.000001
166 181 0.001067
168 181 0.000245
181 181 0.008960
182 181 0.001173
183 181 0.002042
184 181 0.000265
166 182 -0.000560
168 182 -0.000128
181 182 0.001173
182 182 0.004693
183 182 0.000265
184 182 0.001060
197 182 0.001173
198 182 -0.000613
199 182 0.000265
200 182 -0.000137
166 183 0.000245
168 183 0.006714
181 183 0.002042
182 183 0.000265
183 183 0.051276
184 183 0.006113
166 184 -0.000128
168 184 -0.003207
181 184 0.000265
182 184 0.001060
183 184 0.006113
184 184 0.024489
197 184 0.000265
198 184 -0.000137
199 184 0.006114
200 184 -0.002932
170 185 0.006658
185 185 0.050810
186 185 0.006053
170 186 -0.003178
185 186 0.006053
186 186 0.024250
201 186 0.006054
202 186 -0.002901
172 187 0.001067
187 187 0.008960
188 187 0.001173
172 188 -0.000560
187 188 0.001173
188 188 0.004693
203 188 0.001173
204 188 -0.000613
173 189 0.012249
174 189 0.000118
189 189 0.067578
190 189 -0.000011
205 189 0.011183
206 189 -0.000108
173 190 -0.000118
174 190 -0.000001
189 190 -0.000011
190 190 0.000003
205 190 0.000107
206 190 -0.000001
175 191 0.002160
176 191 0.000021
191 191 0.013074
192 191 0.000002
207 191 0.002366
208 191 -0.000023
175 192 -0.000021
176 192 -0.000000
191 192 0.000002
192 192 0.000001
207 192 0.000023
208 192 -0.000000
178 193 0.006054
193 193 0.046389
194 193 0.005550
178 194 -0.002901
193 194 0.005550
194 194 0.022228
209 194 0.005550
210 194 -0.002668
179 195 0.011183
180 195 0.000107
195 195 0.061940
196 195 -0.000009
211 195 0.010288
212 195 -0.000099
179 196 -0.000108
180 196 -0.000001
195 196 -0.000009
196 196 0.000003
211 196 0.000099
212 196 -0.000001
182 197 0.001173
184 197 0.000265
197 197 0.009813
198 197 0.001280
199 197 0.002194
200 197 0.000283
182 198 -0.000613
184 198 -0.000137
197 198 0.001280
198 198 0.005120
199 198 0.000283
200 198 0.001132
213 198 0.001280
214 198 -0.000667
215 198 0.000283
216 198 -0.000146
182 199 0.000265
184 199 0.006114
197 199 0.002194
198 199 0.000283
199 199 0.046880
200 199 0.005612
182 200 -0.000137
184 200 -0.002932
197 200 0.000283
198 200 0.001132
199 200 0.005612
200 200 0.022478
213 200 0.000283
214 200 -0.000146
215 200 0.005613
216 200 -0.002700
186 201 0.006054
201 201 0.046389
202 201 0.005550
186 202 -0.002901
201 202 0.005550
202 202 0.022228
217 202 0.005550
218 202 -0.002668
188 203 0.001173
203 203 0.009813
204 203 0.001280
188 204 -0.000613
203 204 0.001280
204 204 0.005120
219 204 0.001280
220 204 -0.000667
189 205 0.011183
190 205 0.000107
205 205 0.061940
206 205 -0.000009
221 205 0.010288
222 205 -0.000099
189 206 -0.000108
190 206 -0.000001
205 206 -0.000009
206 206 0.000003
221 206 0.000099
222 206 -0.000001
191 207 0.002366
192 207 0.000023
207 207 0.014263
208 207 0.000002
223 207 0.002571
224 207 -0.000025
191 208 -0.000023
192 208 -0.000000
207 208 0.000002
208 208 0.000001
223 208 0.000025
224 208 -0.000000
194 209 0.005550
209 209 0.042676
210 209 0.005124
194 210 -0.002668
209 210 0.005124
210 210 0.020517
225 210 0.005124
226 210 -0.002471
195 211 0.010288
196 211 0.000099
211 211 0.057170
212 211 -0.000008
227 211 0.009526
228 211 -0.000092
195 212 -0.000099
196 212 -0.000001
211 212 -0.000008
212 212 0.000002
227 212 0.000091
228 212 -0.000001
198 213 0.001280
200 213 0.000283
213 213 0.010667
214 213 0.001387
215 213 0.002333
216 213 0.000300
198 214 -0.000667
200 214 -0.000146
213 214 0.001387
214 214 0.005547
215 214 0.000300
216 214 0.001199
229 214 0.001387
230 214 -0.000720
231 214 0.000300
232 214 -0.000154
198 215 0.000283
200 215 0.005613
213 215 0.002333
214 215 0.000300
215 215 0.043187
216 215 0.005188
198 216 -0.000146
200 216 -0.002700
213 216 0.000300
214 216 0.001199
215 216 0.005188
216 216 0.020776
229 216 0.000300
230 216 -0.000154
231 216 0.005189
232 216 -0.002503
202 217 0.005550
217 217 0.042676
218 217 0.005124
202 218 -0.002668
217 218 0.005124
218 218 0.020517
233 218 0.005124
234 218 -0.002471
204 219 0.001280
219 219 0.010667
220 219 0.001387
204 220 -0.000667
219 220 0.001387
220 220 0.005547
235 220 0.001387
236 220 -0.000720
205 221 0.010288
206 221 0.000099
221 221 0.057170
222 221 -0.000008
237 221 0.009526
238 221 -0.000092
205 222 -0.000099
206 222 -0.000001
221 222 -0.000008
222 222 0.000002
237 222 0.000091
238 222 -0.000001
207 223 0.002571
208 223 0.000025
223 223 0.015451
224 223 0.000002
239 223 0.002777
240 223 -0.000027
207 224 -0.000025
208 224 -0.000000
223 224 0.000002
224 224 0.000001
239 224 0.000027
240 224 -0.000000
210 225 0.005124
225 225 0.039514
226 225 0.004758
210 226 -0.002471
225 226 0.004758
226 226 0.019051
241 226 0.004759
242 226 -0.002300
211 227 0.009526
212 227 0.000091
227 227 0.053083
228 227 -0.000007
243 227 0.008868
244 227 -0.000086
211 228 -0.000092
212 228 -0.000001
227 228 -0.000007
228 228 0.000002
243 228 0.000085
244 228 -0.000001
214 229 0.001387
216 229 0.000300
229 229 0.011520
230 229 0.001493
231 229 0.002460
232 229 0.000315
214 230 -0.000720
216 230 -0.000154
229 230 0.001493
230 230 0.005973
231 230 0.000315
232 230 0.001259
245 230 0.001493
246 230 -0.000773
247 230 0.000315
248 230 -0.000161
214 231 0.000300
216 231 0.005189
229 231 0.002460
230 231 0.000315
231 231 0.040039
232 231 0.004825
214 232 -0.000154
216 232 -0.002503
229 232 0.000315
230 232 0.001259
231 232 0.004825
232 232 0.019316
245 232 0.000315
246 232 -0.000161
247 232 0.004825
248 232 -0.002333
218 233 0.005124
233 233 0.039514
234 233 0.004758
218 234 -0.002471
233 234 0.004758
234 234 0.019051
249 234 0.004759
250 234 -0.002300
220 235 0.001387
235 235 0.011520
236 235 0.001493
220 236 -0.000720
235 236 0.001493
236 236 0.005973
251 236 0.001493
252 236 -0.000773
221 237 0.009526
222 237 0.000091
237 237 0.053083
238 237 -0.000007
253 237 0.008868
254 237 -0.000086
221 238 -0.000092
222 238 -0.000001
237 238 -0.000007
238 238 0.000002
253 238 0.000085
254 238 -0.000001
223 239 0.002777
224 239 0.000027
239 239 0.016640
240 239 0.000002
255 239 0.002983
256 239 -0.000029
223 240 -0.000027
224 240 -0.000000
239 240 0.000002
240 240 0.000001
255 240 0.000029
256 240 -0.000000
226 241 0.004759
241 241 0.036788
242 241 0.004441
226 242 -0.002300
241 242 0.004441
242 242 0.017781
257 242 0.004442
258 242 -0.002151
227 243 0.008868
228 243 0.000085
243 243 0.049542
244 243 -0.000006
259 243 0.008296
260 243 -0.000080
227 244 -0.000086
228 244 -0.000001
243 244 -0.000006
244 244 0.000002
259 244 0.000080
260 244 -0.000001
230 245 0.001493
232 245 0.000315
245 245 0.012373
246 245 0.001600
247 245 0.002573
248 245 0.000328
230 246 -0.000773
232 246 -0.000161
245 246 0.001600
246 246 0.006400
247 246 0.000328
248 246 0.001312
261 246 0.001600
262 246 -0.000827
263 246 0.000328
264 246 -0.000167
230 247 0.000315
232 247 0.004825
245 247 0.002573
246 247 0.000328
247 247 0.037323
248 247 0.004509
230 248 -0.000161
232 248 -0.002333
245 248 0.000328
246 248 0.001312
247 248 0.004509
248 248 0.018050
261 248 0.000328
262 248 -0.000167
263 248 0.004509
264 248 -0.002185
234 249 0.004759
249 249 0.036788
250 249 0.004441
234 250 -0.002300
249 250 0.004441
250 250 0.017781
265 250 0.004442
266 250 -0.002151
236 251 0.001493
251 251 0.012373
252 251 0.001600
236 252 -0.000773
251 252 0.001600
252 252 0.006400
267 252 0.001600
268 252 -0.000827
237 253 0.008868
238 253 0.000085
253 253 0.049542
254 253 -0.000006
269 253 0.008296
270 253 -0.000080
237 254 -0.000086
238 254 -0.000001
253 254 -0.000006
254 254 0.000002
269 254 0.000080
270 254 -0.000001
239 255 0.002983
240 255 0.000029
255 255 0.017829
256 255 0.000002
271 255 0.003189
272 255 -0.000031
239 256 -0.000029
240 256 -0.000000
255 256 0.000002
256 256 0.000001
271 256 0.000031
272 256 -0.000000
242 257 0.004442
257 257 0.034414
258 257 0.004164
242 258 -0.002151
257 258 0.004164
258 258 0.016669
273 258 0.004164
274 258 -0.002021
243 259 0.008296
244 259 0.000080
259 259 0.046443
260 259 -0.000005
275 259 0.007793
276 259 -0.000075
243 260 -0.000080
244 260 -0.000001
259 260 -0.000005
260 260 0.000002
275 260 0.000075
276 260 -0.000001
246 261 0.001600
248 261 0.000328
261 261 0.013227
262 261 0.001707
263 261 0.002671
264 261 0.000339
246 262 -0.000827
248 262 -0.000167
261 262 0.001707
262 262 0.006827
263 262 0.000339
264 262 0.001357
277 262 0.001707
278 262 -0.000880
279 262 0.000339
280 262 -0.000172
246 263 0.000328
248 263 0.004509
261 263 0.002671
262 263 0.000339
263 263 0.034953
264 263 0.004232
246 264 -0.000167
248 264 -0.002185
261 264 0.000339
262 264 0.001357
263 264 0.004232
264 264 0.016939
277 264 0.000339
278 264 -0.000172
279 264 0.004232
280 264 -0.002055
250 265 0.004442
265 265 0.034414
266 265 0.004164
250 266 -0.002151
265 266 0.004164
266 266 0.016669
281 266 0.004164
282 266 -0.002021
252 267 0.001600
267 267 0.013227
268 267 0.001707
252 268 -0.000827
267 268 0.001707
268 268 0.006827
283 268 0.001707
284 268 -0.000880
253 269 0.008296
254 269 0.000080
269 269 0.046443
270 269 -0.000005
285 269 0.007793
286 269 -0.000075
253 270 -0.000080
254 270 -0.000001
269 270 -0.000005
270 270 0.000002
285 270 0.000075
286 270 -0.000001
255 271 0.003189
256 271 0.000031
271 271 0.019017
272 271 0.000002
287 271 0.003394
288 271 -0.000033
255 272 -0.000031
256 272 -0.000000
271 272 0.000002
272 272 0.000001
287 272 0.000033
288 272 -0.000000
258 273 0.004164
273 273 0.032327
274 273 0.003920
258 274 -0.002021
273 274 0.003920
274 274 0.015688
289 274 0.003920
290 274 -0.001905
259 275 0.007793
260 275 0.000075
275 275 0.043710
276 275 -0.000005
291 275 0.007348
292 275 -0.000071
259 276 -0.000075
260 276 -0.000001
275 276 -0.000005
276 276 0.000002
291 276 0.000071
292 276 -0.000001
262 277 0.001707
264 277 0.000339
277 277 0.014080
278 277 0.001813
279 277 0.002753
280 277 0.000349
262 278 -0.000880
264 278 -0.000172
277 278 0.001813
278 278 0.007253
279 278 0.000349
280 278 0.001394
293 278 0.001813
294 278 -0.000933
295 278 0.000349
296 278 -0.000176
262 279 0.000339
264 279 0.004232
277 279 0.002753
278 279 0.000349
279 279 0.032866
280 279 0.003987
262 280 -0.000172
264 280 -0.002055
277 280 0.000349
278 280 0.001394
279 280 0.003987
280 280 0.015956
293 280 0.000349
294 280 -0.000176
295 280 0.003987
296 280 -0.001939
266 281 0.004164
281 281 0.032327
282 281 0.003920
266 282 -0.002021
281 282 0.003920
282 282 0.015688
297 282 0.003920
298 282 -0.001905
268 283 0.001707
283 283 0.014080
284 283 0.001813
268 284 -0.000880
283 284 0.001813
284 284 0.007253
299 284 0.001813
300 284 -0.000933
269 285 0.007793
270 285 0.000075
285 285 0.043710
286 285 -0.000005
301 285 0.007348
302 285 -0.000071
269 286 -0.000075
270 286 -0.000001
285 286 -0.000005
286 286 0.000002
301 286 0.000071
302 286 -0.000001
271 287 0.003394
272 287 0.000033
287 287 0.020206
288 287 0.000002
303 287 0.003600
304 287 -0.000035
271 288 -0.000033
272 288 -0.000000
287 288 0.000002
288 288 0.000001
303 288 0.000035
304 288 -0.000000
274 289 0.003920
289 289 0.030480
290 289 0.003702
274 290 -0.001905
289 290 0.003702
290 290 0.014816
305 290 0.003702
306 290 -0.001802
275 291 0.007348
276 291 0.000071
291 291 0.041280
292 291 -0.000004
307 291 0.006951
308 291 -0.000067
275 292 -0.000071
276 292 -0.000001
291 292 -0.000004
292 292 0.000002
307 292 0.000067
308 292 -0.000001
278 293 0.001813
280 293 0.000349
293 293 0.014933
294 293 0.001920
295 293 0.002818
296 293 0.000356
278 294 -0.000933
280 294 -0.000176
293 294 0.001920
294 294 0.007680
295 294 0.000356
296 294 0.001422
309 294 0.001920
310 294 -0.000987
311 294 0.000356
312 294 -0.000179
278 295 0.000349
280 295 0.003987
293 295 0.002818
294 295 0.000356
295 295 0.031012
296 295 0.003768
278 296 -0.000176
280 296 -0.001939
293 296 0.000356
294 296 0.001422
295 296 0.003768
296 296 0.015080
309 296 0.000356
310 296 -0.000179
311 296 0.003768
312 296 -0.001835
282 297 0.003920
297 297 0.030480
298 297 0.003702
282 298 -0.001905
297 298 0.003702
298 298 0.014816
313 298 0.003702
314 298 -0.001802
284 299 0.001813
299 299 0.014933
300 299 0.001920
284 300 -0.000933
299 300 0.001920
300 300 0.007680
315 300 0.001920
316 300 -0.000987
285 301 0.007348
286 301 0.000071
301 301 0.041280
302 301 -0.000004
317 301 0.006951
318 301 -0.000067
285 302 -0.000071
286 302 -0.000001
301 302 -0.000004
302 302 0.000002
317 302 0.000067
318 302 -0.000001
287 303 0.003600
288 303 0.000035
303 303 0.021394
304 303 0.000002
319 303 0.003806
320 303 -0.000037
287 304 -0.000035
288 304 -0.000000
303 304 0.000002
304 304 0.000001
319 304 0.000037
320 304 -0.000000
290 305 0.003702
305 305 0.028832
306 305 0.003507
290 306 -0.001802
305 306 0.003507
306 306 0.014036
321 306 0.003507
322 306 -0.001710
291 307 0.006951
292 307 0.000067
307 307 0.039107
308 307 -0.000004
323 307 0.006594
324 307 -0.000064
291 308 -0.000067
292 308 -0.000001
307 308 -0.000004
308 308 0.000002
323 308 0.000063
324 308 -0.000001
294 309 0.001920
296 309 0.000356
309 309 0.015787
310 309 0.002027
311 309 0.002866
312 309 0.000361
294 310 -0.000987
296 310 -0.000179
309 310 0.002027
310 310 0.008107
311 310 0.000361
312 310 0.001441
325 310 0.002027
326 310 -0.001040
327 310 0.000361
328 310 -0.000181
294 311 0.000356
296 311 0.003768
309 311 0.002866
310 311 0.000361
311 311 0.029352
312 311 0.003571
294 312 -0.000179
296 312 -0.001835
309 312 0.000361
310 312 0.001441
311 312 0.003571
312 312 0.014293
325 312 0.000361
326 312 -0.000181
327 312 0.003572
328 312 -0.001741
298 313 0.003702
313 313 0.028832
314 313 0.003507
298 314 -0.001802
313 314 0.003507
314 314 0.014036
329 314 0.003507
330 314 -0.001710
300 315 0.001920
315 315 0.015787
316 315 0.002027
300 316 -0.000987
315 316 0.002027
316 316 0.008107
331 316 0.002027
332 316 -0.001040
301 317 0.006951
302 317 0.000067
317 317 0.039107
318 317 -0.000004
333 317 0.006594
334 317 -0.000064
301 318 -0.000067
302 318 -0.000001
317 318 -0.000004
318 318 0.000002
333 318 0.000063
334 318 -0.000001
303 319 0.003806
304 319 0.000037
319 319 0.022583
320 319 0.000002
335 319 0.004011
336 319 -0.000039
303 320 -0.000037
304 320 -0.000000
319 320 0.000002
320 320 0.000001
335 320 0.000039
336 320 -0.000000
306 321 0.003507
321 321 0.027353
322 321 0.003332
306 322 -0.001710
321 322 0.003332
322 322 0.013335
337 322 0.003332
338 322 -0.001626
307 323 0.006594
308 323 0.000063
323 323 0.037150
324 323 -0.000003
339 323 0.006272
340 323 -0.000061
307 324 -0.000064
308 324 -0.000001
323 324 -0.000003
324 324 0.000002
339 324 0.000060
340 324 -0.000001
310 325 0.002027
312 325 0.000361
325 325 0.016640
326 325 0.002133
327 325 0.002894
328 325 0.000363
310 326 -0.001040
312 326 -0.000181
325 326 0.002133
326 326 0.008533
327 326 0.000363
328 326 0.001450
341 326 0.002133
342 326 -0.001093
343 326 0.000363
344 326 -0.000181
310 327 0.000361
312 327 0.003572
325 327 0.002894
326 327 0.000363
327 327 0.027856
328 327 0.003394
310 328 -0.000181
312 328 -0.001741
325 328 0.000363
326 328 0.001450
327 328 0.003394
328 328 0.013581
341 328 0.000363
342 328 -0.000181
343 328 0.003394
344 328 -0.001657
314 329 0.003507
329 329 0.027353
330 329 0.003332
314 330 -0.001710
329 330 0.003332
330 330 0.013335
345 330 0.003332
346 330 -0.001626
316 331 0.002027
331 331 0.016640
332 331 0.002133
316 332 -0.001040
331 332 0.002133
332 332 0.008533
347 332 0.002133
348 332 -0.001093
317 333 0.006594
318 333 0.000063
333 333 0.037150
334 333 -0.000003
349 333 0.006272
350 333 -0.000061
317 334 -0.000064
318 334 -0.000001
333 334 -0.000003
334 334 0.000002
349 334 0.000060
350 334 -0.000001
319 335 0.004011
320 335 0.000039
335 335 0.023771
336 335 0.000002
351 335 0.004217
352 335 -0.000041
319 336 -0.000039
320 336 -0.000000
335 336 0.000002
336 336 0.000001
351 336 0.000041
352 336 -0.000000
322 337 0.003332
337 337 0.026018
338 337 0.003174
322 338 -0.001626
337 338 0.003174
338 338 0.012699
353 338 0.003174
354 338 -0.001551
323 339 0.006272
324 339 0.000060
339 339 0.035381
340 339 -0.000003
355 339 0.005981
356 339 -0.000058
323 340 -0.000061
324 340 -0.000001
339 340 -0.000003
340 340 0.000001
355 340 0.000057
356 340 -0.000001
326 341 0.002133
328 341 0.000363
341 341 0.017493
342 341 0.002240
343 341 0.002903
344 341 0.000363
326 342 -0.001093
328 342 -0.000181
341 342 0.002240
342 342 0.008960
343 342 0.000363
344 342 0.001450
357 342 0.002240
358 342 -0.001147
359 342 0.000363
360 342 -0.000181
326 343 0.000363
328 343 0.003394
341 343 0.002903
342 343 0.000363
343 343 0.026500
344 343 0.003232
326 344 -0.000181
328 344 -0.001657
341 344 0.000363
342 344 0.001450
343 344 0.003232
344 344 0.012934
357 344 0.000363
358 344 -0.000181
359 344 0.003232
360 344 -0.001579
330 345 0.003332
345 345 0.026018
346 345 0.003174
330 346 -0.001626
345 346 0.003174
346 346 0.012699
361 346 0.003174
362 346 -0.001551
332 347 0.002133
347 347 0.017493
348 347 0.002240
332 348 -0.001093
347 348 0.002240
348 348 0.008960
363 348 0.002240
364 348 -0.001147
333 349 0.006272
334 349 0.000060
349 349 0.035381
350 349 -0.000003
365 349 0.005981
366 349 -0.000058
333 350 -0.000061
334 350 -0.000001
349 350 -0.000003
350 350 0.000001
365 350 0.000057
366 350 -0.000001
335 351 0.004217
336 351 0.000041
351 351 0.024960
352 351 0.000002
367 351 0.004423
368 351 -0.000043
335 352 -0.000041
336 352 -0.000000
351 352 0.000002
352 352 0.000001
367 352 0.000043
368 352 -0.000000
338 353 0.003174
353 353 0.024808
354 353 0.003029
338 354 -0.001551
353 354 0.003029
354 354 0.012122
369 354 0.003029
370 354 -0.001482
339 355 0.005981
340 355 0.000057
355 355 0.033772
356 355 -0.000003
371 355 0.005715
372 355 -0.000055
339 356 -0.000058
340 356 -0.000001
355 356 -0.000003
356 356 0.000001
371 356 0.000055
372 356 -0.000001
342 357 0.002240
344 357 0.000363
357 357 0.018347
358 357 0.002347
359 357 0.002890
360 357 0.000360
342 358 -0.001147
344 358 -0.000181
357 358 0.002347
358 358 0.009387
359 358 0.000360
360 358 0.001438
373 358 0.002347
374 358 -0.001200
375 358 0.000360
376 358 -0.000178
342 359 0.000363
344 359 0.003232
357 359 0.002890
358 359 0.000360
359 359 0.025263
360 359 0.003084
342 360 -0.000181
344 360 -0.001579
357 360 0.000360
358 360 0.001438
359 360 0.003084
360 360 0.012342
373 360 0.000360
374 360 -0.000178
375 360 0.003085
376 360 -0.001508
346 361 0.003174
361 361 0.024808
362 361 0.003029
346 362 -0.001551
361 362 0.003029
362 362 0.012122
377 362 0.003029
378 362 -0.001482
348 363 0.002240
363 363 0.018347
364 363 0.002347
348 364 -0.001147
363 364 0.002347
364 364 0.009387
379 364 0.002347
380 364 -0.001200
349 365 0.005981
350 365 0.000057
365 365 0.033772
366 365 -0.000003
381 365 0.005715
382 365 -0.000055
349 366 -0.000058
350 366 -0.000001
365 366 -0.000003
366 366 0.000001
381 366 0.000055
382 366 -0.000001
351 367 0.004423
352 367 0.000043
367 367 0.026149
368 367 0.000002
383 367 0.004629
384 367 -0.000044
351 368 -0.000043
352 368 -0.000000
367 368 0.000002
368 368 0.000001
383 368 0.000045
384 368 -0.000000
354 369 0.003029
369 369 0.023705
370 369 0.002898
354 370 -0.001482
369 370 0.002898
370 370 0.011595
385 370 0.002898
386 370 -0.001419
355 371 0.005715
356 371 0.000055
371 371 0.032303
372 371 -0.000003
387 371 0.005471
388 371 -0.000053
355 372 -0.000055
356 372 -0.000001
371 372 -0.000003
372 372 0.000001
387 372 0.000053
388 372 -0.000000
358 373 0.002347
360 373 0.000360
373 373 0.019200
374 373 0.002453
375 373 0.002856
376 373 0.000354
358 374 -0.001200
360 374 -0.000178
373 374 0.002453
374 374 0.009813
375 374 0.000354
376 374 0.001415
389 374 0.002453
390 374 -0.001253
391 374 0.000354
392 374 -0.000175
358 375 0.000360
360 375 0.003085
373 375 0.002856
374 375 0.000354
375 375 0.024130
376 375 0.002949
358 376 -0.000178
360 376 -0.001508
373 376 0.000354
374 376 0.001415
375 376 0.002949
376 376 0.011799
389 376 0.000354
390 376 -0.000175
391 376 0.002949
392 376 -0.001443
362 377 0.003029
377 377 0.023705
378 377 0.002898
362 378 -0.001482
377 378 0.002898
378 378 0.011595
393 378 0.002898
394 378 -0.001419
364 379 0.002347
379 379 0.019200
380 379 0.002453
364 380 -0.001200
379 380 0.002453
380 380 0.009813
395 380 0.002453
396 380 -0.001253
365 381 0.005715
366 381 0.000055
381 381 0.032303
382 381 -0.000003
397 381 0.005471
398 381 -0.000053
365 382 -0.000055
366 382 -0.000001
381 382 -0.000003
382 382 0.000001
397 382 0.000053
398 382 -0.000000
367 383 0.004629
368 383 0.000045
383 383 0.027337
384 383 0.000002
399 383 0.004834
400 383 -0.000046
367 384 -0.000044
368 384 -0.000000
383 384 0.000002
384 384 0.000001
399 384 0.000047
400 384 -0.000000
370 385 0.002898
385 385 0.022697
386 385 0.002777
370 386 -0.001419
385 386 0.002777
386 386 0.011112
401 386 0.002777
402 386 -0.001361
371 387 0.005471
372 387 0.000053
387 387 0.030957
388 387 -0.000002
403 387 0.005248
404 387 -0.000051
371 388 -0.000053
372 388 -0.000000
387 388 -0.000002
388 388 0.000001
403 388 0.000050
404 388 -0.000000
374 389 0.002453
376 389 0.000354
389 389 0.020053
390 389 0.002560
391 389 0.002798
392 389 0.000345
374 390 -0.001253
376 390 -0.000175
389 390 0.002560
390 390 0.010240
391 390 0.000345
392 390 0.001380
405 390 0.002560
406 390 -0.001307
407 390 0.000345
408 390 -0.000170
374 391 0.000354
376 391 0.002949
389 391 0.002798
390 391 0.000345
391 391 0.023087
392 391 0.002824
374 392 -0.000175
376 392 -0.001443
389 392 0.000345
390 392 0.001380
391 392 0.002824
392 392 0.011298
405 392 0.000345
406 392 -0.000170
407 392 0.002824
408 392 -0.001383
378 393 0.002898
393 393 0.022697
394 393 0.002777
378 394 -0.001419
393 394 0.002777
394 394 0.011112
409 394 0.002777
410 394 -0.001361
380 395 0.002453
395 395 0.020053
396 395 0.002560
380 396 -0.001253
395 396 0.002560
396 396 0.010240
411 396 0.002560
412 396 -0.001307
381 397 0.005471
382 397 0.000053
397 397 0.030957
398 397 -0.000002
413 397 0.005248
414 397 -0.000051
381 398 -0.000053
382 398 -0.000000
397 398 -0.000002
398 398 0.000001
413 398 0.000050
414 398 -0.000000
383 399 0.004834
384 399 0.000047
399 399 0.028526
400 399 0.000002
415 399 0.005040
416 399 -0.000048
383 400 -0.000046
384 400 -0.000000
399 400 0.000002
400 400 0.000001
415 400 0.000049
416 400 -0.000000
386 401 0.002777
401 401 0.021770
402 401 0.002666
386 402 -0.001361
401 402 0.002666
402 402 0.005360
387 403 0.005248
388 403 0.000050
403 403 0.014996
404 403 -0.000085
387 404 -0.000051
388 404 -0.000000
403 404 -0.000085
404 404 0.000001
390 405 0.002560
392 405 0.000345
405 405 0.020907
406 405 0.002667
407 405 0.002716
408 405 0.000334
390 406 -0.001307
392 406 -0.000170
405 406 0.002667
406 406 0.005307
407 406 0.000334
408 406 0.000670
390 407 0.000345
392 407 0.002824
405 407 0.002716
406 407 0.000334
407 407 0.022123
408 407 0.002708
390 408 -0.000170
392 408 -0.001383
405 408 0.000334
406 408 0.000670
407 408 0.002708
408 408 0.005445
394 409 0.002777
409 409 0.021770
410 409 0.002666
394 410 -0.001361
409 410 0.002666
410 410 0.005360
396 411 0.002560
411 411 0.020907
412 411 0.002667
396 412 -0.001307
411 412 0.002667
412 412 0.005307
397 413 0.005248
398 413 0.000050
413 413 0.014996
414 413 -0.000085
397 414 -0.000051
398 414 -0.000000
413 414 -0.000085
414 414 0.000001
399 415 0.005040
400 415 0.000049
415 415 0.014720
416 415 -0.000083
399 416 -0.000048
400 416 -0.000000
415 416 -0.000083
416 416 0.000001