1086 1086 22070
1 1 3775316.072000
4 1 -3532600.077130
19 1 1671794.847600
20 1 40963.253366
24 1 -1965436.140230
25 1 530518.354418
2 2 143495.182379
3 2 -47872.806133
5 2 -138628.211861
6 2 -53336.840296
21 2 -65561.078729
22 2 -64074.541545
23 2 6957.463628
26 2 60694.108211
27 2 61072.415860
28 2 12421.497791
2 3 -47872.806133
3 3 31665.535408
5 3 47083.841191
6 3 21339.047747
21 3 6957.463628
22 3 -3594.272394
23 3 -3085.840793
26 3 -6168.498686
27 3 3145.864389
28 3 -7023.795292
1 4 -3532600.077130
4 4 7722958.722240
7 4 -3656656.339950
19 4 -1965436.140230
20 4 -808767.359868
24 4 3458494.991330
25 4 192427.213180
29 4 -2020989.935100
30 4 527072.841136
2 5 -138628.211861
3 5 47083.841191
5 5 279076.468139
6 5 4350.538005
8 5 -137615.592953
9 5 -53481.025544
21 5 60694.108211
22 5 59881.303255
23 5 -6168.498686
26 5 -120663.197295
27 5 -125145.066339
28 5 -5686.694344
31 5 57136.425758
32 5 61136.943446
33 5 11229.526699
2 6 -53336.840296
3 6 21339.047747
5 6 4350.538005
6 6 63625.069143
8 6 47270.708179
9 6 21267.014218
21 6 12421.497791
22 6 4889.725997
23 6 -7023.795292
26 6 -5686.694344
27 6 -7482.364787
28 6 -5390.407182
31 6 -5019.209334
32 6 3245.381151
33 6 -6484.356057
4 7 -3656656.339950
7 7 7954185.848430
10 7 -3780450.388530
24 7 -2020989.935100
25 7 -812212.873149
29 7 3586306.357980
30 7 202131.427020
34 7 -2076804.048230
35 7 523594.208264
5 8 -137615.592953
6 8 47270.708179
8 8 276958.784601
9 8 4343.239195
11 8 -136766.307259
12 8 -53671.607115
26 8 57136.425758
27 8 59906.955271
28 8 -5019.209334
31 8 -113455.386667
32 8 -124976.876631
33 8 -5679.395534
36 8 53742.076519
37 8 61197.388864
38 8 10083.951931
5 9 -53481.025544
6 9 21267.014218
8 9 4343.239195
9 9 64121.071100
11 9 47500.106852
12 9 21218.172363
26 9 11229.526699
27 9 4989.242758
28 9 -6484.356057
31 9 -5679.395534
32 9 -7783.105118
33 9 -4015.533184
36 9 -3912.451668
37 9 3345.853793
38 9 -5968.106024
7 10 -3780450.388530
10 10 8185916.414290
13 10 -3904005.619790
29 10 -2076804.048230
30 10 -815691.506022
34 10 3713621.519870
35 10 211730.964998
39 10 -2132855.251920
40 10 520085.411600
8 11 -136766.307259
9 11 47500.106852
11 11 275183.471998
12 11 4336.589369
14 11 -136066.096234
15 11 -53904.391133
31 11 53742.076519
32 11 59928.523179
33 11 -3912.451668
36 11 -106589.946974
37 11 -124823.698164
38 11 -5672.745708
41 11 50496.801949
42 11 61254.230508
43 11 8980.579610
8 12 -53671.607115
9 12 21218.172363
11 12 4336.589369
12 12 64663.124345
14 12 47768.296200
15 12 21190.452804
31 12 10083.951931
32 12 5089.715400
33 12 -5968.106024
36 12 -5672.745708
37 12 -8082.051610
38 12 -2686.701043
41 12 -2844.484677
42 12 3447.197020
43 12 -5472.976037
10 13 -3904005.619790
13 13 8418106.117530
16 13 -4027342.727520
34 13 -2132855.251920
35 13 -819200.302685
39 13 3840484.142990
40 13 221235.034192
44 13 -2189123.002080
45 13 516549.065365
11 14 -136066.096234
12 14 47768.296200
14 14 273719.352320
15 14 4330.513861
17 14 -135502.305088
18 14 -54175.674321
36 14 50496.801949
37 14 59946.485651
38 14 -2844.484677
41 14 -100035.700205
42 14 -124683.796071
43 14 -5666.670200
46 14 47387.947258
47 14 61307.878689
48 14 7915.706458
11 15 -53904.391133
12 15 21190.452804
14 15 4330.513861
15 15 65247.176558
17 15 48071.961368
18 15 21182.025255
36 15 8980.579610
37 15 5191.058627
38 15 -5472.976037
41 15 -5666.670200
42 15 -8379.362109
43 15 -1399.859273
46 15 -1811.993506
47 15 3549.335395
48 15 -4997.136005
13 16 -4027342.727520
16 16 8650715.706820
39 16 -2189123.002080
40 16 -822736.648921
44 16 3966932.914860
45 16 230651.792558
14 17 -135502.305088
15 17 48071.961368
17 17 272538.945347
18 17 4324.948434
41 17 47387.947258
42 17 59961.253232
43 17 -1811.993506
46 17 -93765.166143
47 17 -124555.679086
48 17 -5661.104774
14 18 -54175.674321
15 18 21182.025255
17 18 4324.948434
18 18 65869.637412
41 18 7915.706458
42 18 5293.197002
43 18 -4997.136005
46 18 -5661.104774
47 18 -8675.176462
48 18 -151.418278
1 19 1671794.847600
4 19 -1965436.140230
19 19 7550632.144000
20 19 0.000000
24 19 -7065200.154260
25 19 -0.000000
49 19 1671794.847600
50 19 40963.253366
54 19 -1965436.140230
55 19 530518.354418
1 20 40963.253366
4 20 -808767.359868
19 20 0.000000
20 20 3089912.343830
24 20 -0.000000
25 20 -1425341.419880
49 20 -40963.253366
50 20 446674.043148
54 20 808767.359868
55 20 -1214964.545250
2 21 -65561.078729
3 21 6957.463628
5 21 60694.108211
6 21 12421.497791
21 21 286990.364758
22 21 0.000000
23 21 -95745.612267
26 21 -277256.423722
27 21 -0.000000
28 21 -106673.680592
51 21 -65561.078729
52 21 -64074.541545
53 21 6957.463628
56 21 60694.108211
57 21 61072.415860
58 21 12421.497791
2 22 -64074.541545
3 22 -3594.272394
5 22 59881.303255
6 22 4889.725997
21 22 0.000000
22 22 183426.276981
23 22 0.000000
26 22 -0.000000
27 22 -174938.534891
28 22 -0.000000
51 22 64074.541545
52 22 86790.404313
53 22 3594.272394
56 22 -59881.303255
57 22 -84823.423104
58 22 -4889.725997
2 23 6957.463628
3 23 -3085.840793
5 23 -6168.498686
6 23 -7023.795292
21 23 -95745.612267
22 23 0.000000
23 23 63331.070816
26 23 94167.682383
27 23 -0.000000
28 23 42678.095493
51 23 6957.463628
52 23 -3594.272394
53 23 -3085.840793
56 23 -6168.498686
57 23 3145.864389
58 23 -7023.795292
1 24 -1965436.140230
4 24 3458494.991330
7 24 -2020989.935100
19 24 -7065200.154260
20 24 -0.000000
24 24 15445917.444500
25 24 0.000000
29 24 -7313312.679890
30 24 0.000000
49 24 -1965436.140230
50 24 -808767.359868
54 24 3458494.991330
55 24 192427.213180
59 24 -2020989.935100
60 24 527072.841136
1 25 530518.354418
4 25 192427.213180
7 25 -812212.873149
19 25 -0.000000
20 25 -1425341.419880
24 25 0.000000
25 25 5959732.206420
29 25 0.000000
30 25 -1504885.532400
49 25 -530518.354418
50 25 -1214964.545250
54 25 -192427.213180
55 25 940411.230914
59 25 812212.873149
60 25 -1238175.544430
2 26 60694.108211
3 26 -6168.498686
5 26 -120663.197295
6 26 -5686.694344
8 26 57136.425758
9 26 11229.526699
21 26 -277256.423722
22 26 -0.000000
23 26 94167.682383
26 26 558152.936278
27 26 0.000000
28 26 8701.076009
31 26 -275231.185905
32 26 -0.000000
33 26 -106962.051087
51 26 60694.108211
52 26 59881.303255
53 26 -6168.498686
56 26 -120663.197295
57 26 -125145.066339
58 26 -5686.694344
61 26 57136.425758
62 26 61136.943446
63 26 11229.526699
2 27 61072.415860
3 27 3145.864389
5 27 -125145.066339
6 27 -7482.364787
8 27 59906.955271
9 27 4989.242758
21 27 -0.000000
22 27 -174938.534891
23 27 -0.000000
26 27 0.000000
27 27 371942.216274
28 27 0.000000
31 27 -0.000000
32 27 -180826.069958
33 27 0.000000
51 27 -61072.415860
52 27 -84823.423104
53 27 -3145.864389
56 27 125145.066339
57 27 176438.048919
58 27 7482.364787
61 27 -59906.955271
62 27 -87637.825923
63 27 -4989.242758
2 28 12421.497791
3 28 -7023.795292
5 28 -5686.694344
6 28 -5390.407182
8 28 -5019.209334
9 28 -6484.356057
21 28 -106673.680592
22 28 -0.000000
23 28 42678.095493
26 28 8701.076009
27 28 0.000000
28 28 127250.138285
31 28 94541.416357
32 28 0.000000
33 28 42534.028437
51 28 12421.497791
52 28 4889.725997
53 28 -7023.795292
56 28 -5686.694344
57 28 -7482.364787
58 28 -5390.407182
61 28 -5019.209334
62 28 3245.381151
63 28 -6484.356057
4 29 -2020989.935100
7 29 3586306.357980
10 29 -2076804.048230
24 29 -7313312.679890
25 29 0.000000
29 29 15908371.696900
30 29 -0.000000
34 29 -7560900.777050
35 29 0.000000
54 29 -2020989.935100
55 29 -812212.873149
59 29 3586306.357990
60 29 202131.427020
64 29 -2076804.048230
65 29 523594.208264
4 30 527072.841136
7 30 202131.427020
10 30 -815691.506022
24 30 0.000000
25 30 -1504885.532400
29 30 -0.000000
30 30 6023480.413880
34 30 0.000000
35 30 -1583434.054670
54 30 -527072.841136
55 30 -1238175.544430
59 30 -202131.427020
60 30 1034439.207760
64 30 815691.506022
65 30 -1261883.342640
5 31 57136.425758
6 31 -5019.209334
8 31 -113455.386667
9 31 -5679.395534
11 31 53742.076519
12 31 10083.951931
26 31 -275231.185905
27 31 -0.000000
28 31 94541.416357
31 31 553917.569203
32 31 -0.000000
33 31 8686.478390
36 31 -273532.614517
37 31 0.000000
38 31 -107343.214229
56 31 57136.425758
57 31 59906.955271
58 31 -5019.209334
61 31 -113455.386667
62 31 -124976.876631
63 31 -5679.395534
66 31 53742.076519
67 31 61197.388864
68 31 10083.951931
5 32 61136.943446
6 32 3245.381151
8 32 -124976.876631
9 32 -7783.105118
11 32 59928.523179
12 32 5089.715400
26 32 -0.000000
27 32 -180826.069958
28 32 0.000000
31 32 -0.000000
32 32 383222.200421
33 32 -0.000000
36 32 0.000000
37 32 -186708.337240
38 32 0.000000
56 32 -61136.943446
57 32 -87637.825924
58 32 -3245.381151
61 32 124976.876631
62 32 181938.130328
63 32 7783.105118
66 32 -59928.523179
67 32 -90450.891046
68 32 -5089.715400
5 33 11229.526699
6 33 -6484.356057
8 33 -5679.395534
9 33 -4015.533184
11 33 -3912.451668
12 33 -5968.106024
26 33 -106962.051087
27 33 0.000000
28 33 42534.028437
31 33 8686.478390
32 33 -0.000000
33 33 128242.142200
36 33 95000.213704
37 33 0.000000
38 33 42436.344725
56 33 11229.526699
57 33 4989.242758
58 33 -6484.356057
61 33 -5679.395534
62 33 -7783.105118
63 33 -4015.533184
66 33 -3912.451668
67 33 3345.853793
68 33 -5968.106024
7 34 -2076804.048230
10 34 3713621.519870
13 34 -2132855.251920
29 34 -7560900.777050
30 34 0.000000
34 34 16371832.828600
35 34 -0.000000
39 34 -7808011.239580
40 34 0.000000
59 34 -2076804.048230
60 34 -815691.506022
64 34 3713621.519870
65 34 211730.964998
69 34 -2132855.251920
70 34 520085.411600
7 35 523594.208264
10 35 211730.964998
13 35 -819200.302685
29 35 0.000000
30 35 -1583434.054670
34 35 -0.000000
35 35 6091025.825340
39 35 0.000000
40 35 -1661075.848800
59 35 -523594.208264
60 35 -1261883.342640
64 35 -211730.964998
65 35 1126570.488200
69 35 819200.302685
70 35 -1286043.597710
8 36 53742.076519
9 36 -3912.451668
11 36 -106589.946974
12 36 -5672.745708
14 36 50496.801949
15 36 8980.579610
31 36 -273532.614517
32 36 0.000000
33 36 95000.213704
36 36 550366.943997
37 36 -0.000000
38 36 8673.178737
41 36 -272132.192468
42 36 0.000000
43 36 -107808.782266
61 36 53742.076519
62 36 59928.523179
63 36 -3912.451668
66 36 -106589.946974
67 36 -124823.698164
68 36 -5672.745708
71 36 50496.801949
72 36 61254.230508
73 36 8980.579610
8 37 61197.388864
9 37 3345.853793
11 37 -124823.698164
12 37 -8082.051610
14 37 59946.485651
15 37 5191.058627
31 37 0.000000
32 37 -186708.337240
33 37 0.000000
36 37 -0.000000
37 37 394522.146034
38 37 -0.000000
41 37 0.000000
42 37 -192585.806807
43 37 0.000000
61 37 -61197.388864
62 37 -90450.891046
63 37 -3345.853793
66 37 124823.698164
67 37 187443.246280
68 37 8082.051610
71 37 -59946.485651
72 37 -93262.737815
73 37 -5191.058627
8 38 10083.951931
9 38 -5968.106024
11 38 -5672.745708
12 38 -2686.701043
14 38 -2844.484677
15 38 -5472.976037
31 38 -107343.214229
32 38 0.000000
33 38 42436.344725
36 38 8673.178737
37 38 -0.000000
38 38 129326.248689
41 38 95536.592401
42 38 0.000000
43 38 42380.905608
61 38 10083.951931
62 38 5089.715400
63 38 -5968.106024
66 38 -5672.745708
67 38 -8082.051610
68 38 -2686.701043
71 38 -2844.484677
72 38 3447.197020
73 38 -5472.976037
10 39 -2132855.251920
13 39 3840484.142990
16 39 -2189123.002080
34 39 -7808011.239580
35 39 0.000000
39 39 16836212.235100
40 39 -0.000000
44 39 -8054685.455030
45 39 0.000000
64 39 -2132855.251920
65 39 -819200.302685
69 39 3840484.142990
70 39 221235.034192
74 39 -2189123.002080
75 39 516549.065365
10 40 520085.411600
13 40 221235.034192
16 40 -822736.648921
34 40 0.000000
35 40 -1661075.848800
39 40 -0.000000
40 40 6162034.487810
44 40 0.000000
45 40 -1737889.506460
64 40 -520085.411600
65 40 -1286043.597710
69 40 -221235.034192
70 40 1216971.881050
74 40 822736.648921
75 40 -1310617.092420
11 41 50496.801949
12 41 -2844.484677
14 41 -100035.700205
15 41 -5666.670200
17 41 47387.947258
18 41 7915.706458
36 41 -272132.192468
37 41 0.000000
38 41 95536.592401
41 41 547438.704640
42 41 -0.000000
43 41 8661.027721
46 41 -271004.610176
47 41 -0.000000
48 41 -108351.348641
66 41 50496.801949
67 41 59946.485651
68 41 -2844.484677
71 41 -100035.700206
72 41 -124683.796071
73 41 -5666.670200
76 41 47387.947258
77 41 61307.878689
78 41 7915.706458
11 42 61254.230508
12 42 3447.197020
14 42 -124683.796071
15 42 -8379.362109
17 42 59961.253232
18 42 5293.197002
36 42 0.000000
37 42 -192585.806807
38 42 0.000000
41 42 -0.000000
42 42 405840.296771
43 42 -0.000000
46 42 0.000000
47 42 -198458.894415
48 42 0.000000
66 42 -61254.230508
67 42 -93262.737815
68 42 -3447.197020
71 42 124683.796071
72 42 192952.953605
73 42 8379.362109
76 42 -59961.253232
77 42 -96073.471787
78 42 -5293.197002
11 43 8980.579610
12 43 -5472.976037
14 43 -5666.670200
15 43 -1399.859273
17 43 -1811.993506
18 43 -4997.136005
36 43 -107808.782266
37 43 0.000000
38 43 42380.905608
41 43 8661.027721
42 43 -0.000000
43 43 130494.353116
46 43 96143.922736
47 43 0.000000
48 43 42364.050510
66 43 8980.579610
67 43 5191.058627
68 43 -5472.976037
71 43 -5666.670200
72 43 -8379.362109
73 43 -1399.859273
76 43 -1811.993506
77 43 3549.335395
78 43 -4997.136005
13 44 -2189123.002080
16 44 3966932.914860
39 44 -8054685.455030
40 44 0.000000
44 44 17301431.413600
45 44 -0.000000
69 44 -2189123.002080
70 44 -822736.648921
74 44 3966932.914860
75 44 230651.792558
13 45 516549.065365
16 45 230651.792558
39 45 0.000000
40 45 -1737889.506460
44 45 -0.000000
45 45 6236210.495820
69 45 -516549.065365
70 45 -1310617.092420
74 45 -230651.792558
75 45 1305791.190470
14 46 47387.947258
15 46 -1811.993506
17 46 -93765.166143
18 46 -5661.104774
41 46 -271004.610176
42 46 0.000000
43 46 96143.922736
46 46 545077.890695
47 46 -0.000000
48 46 8649.896869
71 46 47387.947258
72 46 59961.253232
73 46 -1811.993506
76 46 -93765.166143
77 46 -124555.679086
78 46 -5661.104774
14 47 61307.878689
15 47 3549.335395
17 47 -124555.679086
18 47 -8675.176462
41 47 -0.000000
42 47 -198458.894415
43 47 0.000000
46 47 -0.000000
47 47 417175.096499
48 47 -0.000000
71 47 -61307.878689
72 47 -96073.471787
73 47 -3549.335395
76 47 124555.679086
77 47 198466.859680
78 47 8675.176462
14 48 7915.706458
15 48 -4997.136005
17 48 -5661.104774
18 48 -151.418278
41 48 -108351.348641
42 48 0.000000
43 48 42364.050510
46 48 8649.896869
47 48 -0.000000
48 48 131739.274824
71 48 7915.706458
72 48 5293.197002
73 48 -4997.136005
76 48 -5661.104774
77 48 -8675.176462
78 48 -151.418278
19 49 1671794.847600
20 49 -40963.253366
24 49 -1965436.140230
25 49 -530518.354418
49 49 7550632.144000
50 49 0.000000
54 49 -7065200.154260
55 49 -0.000000
79 49 1671794.847600
80 49 40963.253366
84 49 -1965436.140230
85 49 530518.354418
19 50 40963.253366
20 50 446674.043148
24 50 -808767.359868
25 50 -1214964.545250
49 50 0.000000
50 50 3089912.343830
54 50 -0.000000
55 50 -1425341.419880
79 50 -40963.253366
80 50 446674.043148
84 50 808767.359868
85 50 -1214964.545250
21 51 -65561.078729
22 51 64074.541545
23 51 6957.463628
26 51 60694.108211
27 51 -61072.415860
28 51 12421.497791
51 51 286990.364758
52 51 -0.000000
53 51 -95745.612267
56 51 -277256.423722
57 51 0.000000
58 51 -106673.680592
81 51 -65561.078729
82 51 -64074.541545
83 51 6957.463628
86 51 60694.108211
87 51 61072.415860
88 51 12421.497791
21 52 -64074.541545
22 52 86790.404313
23 52 -3594.272394
26 52 59881.303255
27 52 -84823.423104
28 52 4889.725997
51 52 -0.000000
52 52 183426.276981
53 52 0.000000
56 52 0.000000
57 52 -174938.534891
58 52 0.000000
81 52 64074.541545
82 52 86790.404313
83 52 3594.272394
86 52 -59881.303255
87 52 -84823.423104
88 52 -4889.725997
21 53 6957.463628
22 53 3594.272394
23 53 -3085.840793
26 53 -6168.498686
27 53 -3145.864389
28 53 -7023.795292
51 53 -95745.612267
52 53 0.000000
53 53 63331.070816
56 53 94167.682383
57 53 0.000000
58 53 42678.095493
81 53 6957.463628
82 53 -3594.272394
83 53 -3085.840793
86 53 -6168.498686
87 53 3145.864389
88 53 -7023.795292
19 54 -1965436.140230
20 54 808767.359868
24 54 3458494.991330
25 54 -192427.213180
29 54 -2020989.935100
30 54 -527072.841136
49 54 -7065200.154260
50 54 -0.000000
54 54 15445917.444500
55 54 0.000000
59 54 -7313312.679890
60 54 0.000000
79 54 -1965436.140230
80 54 -808767.359868
84 54 3458494.991330
85 54 192427.213180
89 54 -2020989.935100
90 54 527072.841136
19 55 530518.354418
20 55 -1214964.545250
24 55 192427.213180
25 55 940411.230914
29 55 -812212.873149
30 55 -1238175.544430
49 55 -0.000000
50 55 -1425341.419880
54 55 0.000000
55 55 5959732.206420
59 55 0.000000
60 55 -1504885.532400
79 55 -530518.354418
80 55 -1214964.545250
84 55 -192427.213180
85 55 940411.230915
89 55 812212.873149
90 55 -1238175.544430
21 56 60694.108211
22 56 -59881.303255
23 56 -6168.498686
26 56 -120663.197295
27 56 125145.066339
28 56 -5686.694344
31 56 57136.425758
32 56 -61136.943446
33 56 11229.526699
51 56 -277256.423722
52 56 0.000000
53 56 94167.682383
56 56 558152.936278
57 56 -0.000000
58 56 8701.076009
61 56 -275231.185905
62 56 -0.000000
63 56 -106962.051087
81 56 60694.108211
82 56 59881.303255
83 56 -6168.498686
86 56 -120663.197295
87 56 -125145.066339
88 56 -5686.694344
91 56 57136.425758
92 56 61136.943446
93 56 11229.526699
21 57 61072.415860
22 57 -84823.423104
23 57 3145.864389
26 57 -125145.066339
27 57 176438.048919
28 57 -7482.364787
31 57 59906.955271
32 57 -87637.825924
33 57 4989.242758
51 57 0.000000
52 57 -174938.534891
53 57 0.000000
56 57 -0.000000
57 57 371942.216274
58 57 0.000000
61 57 -0.000000
62 57 -180826.069958
63 57 0.000000
81 57 -61072.415860
82 57 -84823.423104
83 57 -3145.864389
86 57 125145.066339
87 57 176438.048919
88 57 7482.364787
91 57 -59906.955271
92 57 -87637.825923
93 57 -4989.242758
21 58 12421.497791
22 58 -4889.725997
23 58 -7023.795292
26 58 -5686.694344
27 58 7482.364787
28 58 -5390.407182
31 58 -5019.209334
32 58 -3245.381151
33 58 -6484.356057
51 58 -106673.680592
52 58 0.000000
53 58 42678.095493
56 58 8701.076009
57 58 0.000000
58 58 127250.138285
61 58 94541.416357
62 58 0.000000
63 58 42534.028437
81 58 12421.497791
82 58 4889.725997
83 58 -7023.795292
86 58 -5686.694344
87 58 -7482.364787
88 58 -5390.407182
91 58 -5019.209334
92 58 3245.381151
93 58 -6484.356057
24 59 -2020989.935100
25 59 812212.873149
29 59 3586306.357990
30 59 -202131.427020
34 59 -2076804.048230
35 59 -523594.208264
54 59 -7313312.679890
55 59 0.000000
59 59 15908371.696900
60 59 -0.000000
64 59 -7560900.777050
65 59 0.000000
84 59 -2020989.935100
85 59 -812212.873149
89 59 3586306.357990
90 59 202131.427020
94 59 -2076804.048230
95 59 523594.208264
24 60 527072.841136
25 60 -1238175.544430
29 60 202131.427020
30 60 1034439.207760
34 60 -815691.506022
35 60 -1261883.342640
54 60 0.000000
55 60 -1504885.532400
59 60 -0.000000
60 60 6023480.413880
64 60 0.000000
65 60 -1583434.054670
84 60 -527072.841136
85 60 -1238175.544430
89 60 -202131.427020
90 60 1034439.207760
94 60 815691.506022
95 60 -1261883.342640
26 61 57136.425758
27 61 -59906.955271
28 61 -5019.209334
31 61 -113455.386667
32 61 124976.876631
33 61 -5679.395534
36 61 53742.076519
37 61 -61197.388864
38 61 10083.951931
56 61 -275231.185905
57 61 -0.000000
58 61 94541.416357
61 61 553917.569203
62 61 0.000000
63 61 8686.478390
66 61 -273532.614517
67 61 -0.000000
68 61 -107343.214229
86 61 57136.425758
87 61 59906.955271
88 61 -5019.209334
91 61 -113455.386667
92 61 -124976.876631
93 61 -5679.395534
96 61 53742.076519
97 61 61197.388864
98 61 10083.951931
26 62 61136.943446
27 62 -87637.825923
28 62 3245.381151
31 62 -124976.876631
32 62 181938.130328
33 62 -7783.105118
36 62 59928.523179
37 62 -90450.891046
38 62 5089.715400
56 62 -0.000000
57 62 -180826.069958
58 62 0.000000
61 62 0.000000
62 62 383222.200421
63 62 -0.000000
66 62 0.000000
67 62 -186708.337240
68 62 0.000000
86 62 -61136.943446
87 62 -87637.825924
88 62 -3245.381151
91 62 124976.876631
92 62 181938.130328
93 62 7783.105118
96 62 -59928.523179
97 62 -90450.891046
98 62 -5089.715400
26 63 11229.526699
27 63 -4989.242758
28 63 -6484.356057
31 63 -5679.395534
32 63 7783.105118
33 63 -4015.533184
36 63 -3912.451668
37 63 -3345.853793
38 63 -5968.106024
56 63 -106962.051087
57 63 0.000000
58 63 42534.028437
61 63 8686.478390
62 63 -0.000000
63 63 128242.142200
66 63 95000.213704
67 63 0.000000
68 63 42436.344725
86 63 11229.526699
87 63 4989.242758
88 63 -6484.356057
91 63 -5679.395534
92 63 -7783.105118
93 63 -4015.533184
96 63 -3912.451668
97 63 3345.853793
98 63 -5968.106024
29 64 -2076804.048230
30 64 815691.506022
34 64 3713621.519870
35 64 -211730.964998
39 64 -2132855.251920
40 64 -520085.411600
59 64 -7560900.777050
60 64 0.000000
64 64 16371832.828600
65 64 -0.000000
69 64 -7808011.239580
70 64 0.000000
89 64 -2076804.048230
90 64 -815691.506022
94 64 3713621.519870
95 64 211730.964998
99 64 -2132855.251920
100 64 520085.411600
29 65 523594.208264
30 65 -1261883.342640
34 65 211730.964998
35 65 1126570.488200
39 65 -819200.302685
40 65 -1286043.597710
59 65 0.000000
60 65 -1583434.054670
64 65 -0.000000
65 65 6091025.825340
69 65 0.000000
70 65 -1661075.848800
89 65 -523594.208264
90 65 -1261883.342640
94 65 -211730.964998
95 65 1126570.488200
99 65 819200.302685
100 65 -1286043.597710
31 66 53742.076519
32 66 -59928.523179
33 66 -3912.451668
36 66 -106589.946974
37 66 124823.698164
38 66 -5672.745708
41 66 50496.801949
42 66 -61254.230508
43 66 8980.579610
61 66 -273532.614517
62 66 0.000000
63 66 95000.213704
66 66 550366.943997
67 66 0.000000
68 66 8673.178737
71 66 -272132.192468
72 66 -0.000000
73 66 -107808.782266
91 66 53742.076519
92 66 59928.523179
93 66 -3912.451668
96 66 -106589.946974
97 66 -124823.698164
98 66 -5672.745708
101 66 50496.801949
102 66 61254.230508
103 66 8980.579610
31 67 61197.388864
32 67 -90450.891046
33 67 3345.853793
36 67 -124823.698164
37 67 187443.246280
38 67 -8082.051610
41 67 59946.485651
42 67 -93262.737815
43 67 5191.058627
61 67 -0.000000
62 67 -186708.337240
63 67 0.000000
66 67 0.000000
67 67 394522.146034
68 67 0.000000
71 67 -0.000000
72 67 -192585.806807
73 67 -0.000000
91 67 -61197.388864
92 67 -90450.891046
93 67 -3345.853793
96 67 124823.698164
97 67 187443.246279
98 67 8082.051610
101 67 -59946.485651
102 67 -93262.737815
103 67 -5191.058627
31 68 10083.951931
32 68 -5089.715400
33 68 -5968.106024
36 68 -5672.745708
37 68 8082.051610
38 68 -2686.701043
41 68 -2844.484677
42 68 -3447.197020
43 68 -5472.976037
61 68 -107343.214229
62 68 0.000000
63 68 42436.344725
66 68 8673.178737
67 68 0.000000
68 68 129326.248689
71 68 95536.592401
72 68 -0.000000
73 68 42380.905608
91 68 10083.951931
92 68 5089.715400
93 68 -5968.106024
96 68 -5672.745708
97 68 -8082.051610
98 68 -2686.701043
101 68 -2844.484677
102 68 3447.197020
103 68 -5472.976037
34 69 -2132855.251920
35 69 819200.302685
39 69 3840484.142990
40 69 -221235.034192
44 69 -2189123.002080
45 69 -516549.065365
64 69 -7808011.239580
65 69 0.000000
69 69 16836212.235000
70 69 -0.000000
74 69 -8054685.455030
75 69 -0.000000
94 69 -2132855.251920
95 69 -819200.302685
99 69 3840484.142990
100 69 221235.034192
104 69 -2189123.002080
105 69 516549.065365
34 70 520085.411600
35 70 -1286043.597710
39 70 221235.034192
40 70 1216971.881050
44 70 -822736.648921
45 70 -1310617.092420
64 70 0.000000
65 70 -1661075.848800
69 70 -0.000000
70 70 6162034.487810
74 70 -0.000000
75 70 -1737889.506460
94 70 -520085.411600
95 70 -1286043.597710
99 70 -221235.034192
100 70 1216971.881050
104 70 822736.648921
105 70 -1310617.092420
36 71 50496.801949
37 71 -59946.485651
38 71 -2844.484677
41 71 -100035.700206
42 71 124683.796071
43 71 -5666.670200
46 71 47387.947258
47 71 -61307.878689
48 71 7915.706458
66 71 -272132.192468
67 71 -0.000000
68 71 95536.592401
71 71 547438.704640
72 71 0.000000
73 71 8661.027721
76 71 -271004.610176
77 71 -0.000000
78 71 -108351.348641
96 71 50496.801949
97 71 59946.485651
98 71 -2844.484677
101 71 -100035.700205
102 71 -124683.796071
103 71 -5666.670200
106 71 47387.947258
107 71 61307.878689
108 71 7915.706458
36 72 61254.230508
37 72 -93262.737815
38 72 3447.197020
41 72 -124683.796071
42 72 192952.953605
43 72 -8379.362109
46 72 59961.253232
47 72 -96073.471787
48 72 5293.197002
66 72 -0.000000
67 72 -192585.806807
68 72 -0.000000
71 72 0.000000
72 72 405840.296771
73 72 0.000000
77 72 -198458.894415
78 72 -0.000000
96 72 -61254.230508
97 72 -93262.737815
98 72 -3447.197020
101 72 124683.796071
102 72 192952.953605
103 72 8379.362109
106 72 -59961.253232
107 72 -96073.471787
108 72 -5293.197002
36 73 8980.579610
37 73 -5191.058627
38 73 -5472.976037
41 73 -5666.670200
42 73 8379.362109
43 73 -1399.859273
46 73 -1811.993506
47 73 -3549.335395
48 73 -4997.136005
66 73 -107808.782266
67 73 -0.000000
68 73 42380.905608
71 73 8661.027721
72 73 0.000000
73 73 130494.353116
76 73 96143.922736
77 73 -0.000000
78 73 42364.050510
96 73 8980.579610
97 73 5191.058627
98 73 -5472.976037
101 73 -5666.670200
102 73 -8379.362109
103 73 -1399.859273
106 73 -1811.993506
107 73 3549.335395
108 73 -4997.136005
39 74 -2189123.002080
40 74 822736.648921
44 74 3966932.914860
45 74 -230651.792558
69 74 -8054685.455030
70 74 -0.000000
74 74 17301431.413600
75 74 0.000000
99 74 -2189123.002080
100 74 -822736.648921
104 74 3966932.914860
105 74 230651.792558
39 75 516549.065365
40 75 -1310617.092420
44 75 230651.792558
45 75 1305791.190470
69 75 -0.000000
70 75 -1737889.506460
74 75 0.000000
75 75 6236210.495820
99 75 -516549.065365
100 75 -1310617.092420
104 75 -230651.792558
105 75 1305791.190470
41 76 47387.947258
42 76 -59961.253232
43 76 -1811.993506
46 76 -93765.166143
47 76 124555.679086
48 76 -5661.104774
71 76 -271004.610176
73 76 96143.922736
76 76 545077.890695
77 76 0.000000
78 76 8649.896869
101 76 47387.947258
102 76 59961.253232
103 76 -1811.993506
106 76 -93765.166143
107 76 -124555.679086
108 76 -5661.104774
41 77 61307.878689
42 77 -96073.471787
43 77 3549.335395
46 77 -124555.679086
47 77 198466.859680
48 77 -8675.176462
71 77 -0.000000
72 77 -198458.894415
73 77 -0.000000
76 77 0.000000
77 77 417175.096499
78 77 0.000000
101 77 -61307.878689
102 77 -96073.471787
103 77 -3549.335395
106 77 124555.679086
107 77 198466.859680
108 77 8675.176462
41 78 7915.706458
42 78 -5293.197002
43 78 -4997.136005
46 78 -5661.104774
47 78 8675.176462
48 78 -151.418278
71 78 -108351.348641
72 78 -0.000000
73 78 42364.050510
76 78 8649.896869
77 78 0.000000
78 78 131739.274824
101 78 7915.706458
102 78 5293.197002
103 78 -4997.136005
106 78 -5661.104774
107 78 -8675.176462
108 78 -151.418278
49 79 1671794.847600
50 79 -40963.253366
54 79 -1965436.140230
55 79 -530518.354418
79 79 7550632.144000
80 79 -0.000000
84 79 -7065200.154260
85 79 0.000000
109 79 1671794.847600
110 79 40963.253366
114 79 -1965436.140230
115 79 530518.354418
49 80 40963.253366
50 80 446674.043148
54 80 -808767.359868
55 80 -1214964.545250
79 80 -0.000000
80 80 3089912.343830
84 80 0.000000
85 80 -1425341.419880
109 80 -40963.253366
110 80 446674.043148
114 80 808767.359868
115 80 -1214964.545250
51 81 -65561.078729
52 81 64074.541545
53 81 6957.463628
56 81 60694.108211
57 81 -61072.415860
58 81 12421.497791
81 81 286990.364758
82 81 0.000000
83 81 -95745.612267
86 81 -277256.423722
87 81 -0.000000
88 81 -106673.680592
111 81 -65561.078729
112 81 -64074.541545
113 81 6957.463628
116 81 60694.108211
117 81 61072.415860
118 81 12421.497791
51 82 -64074.541545
52 82 86790.404313
53 82 -3594.272394
56 82 59881.303255
57 82 -84823.423104
58 82 4889.725997
81 82 0.000000
82 82 183426.276981
83 82 -0.000000
86 82 -0.000000
87 82 -174938.534891
88 82 0.000000
111 82 64074.541545
112 82 86790.404313
113 82 3594.272394
116 82 -59881.303255
117 82 -84823.423104
118 82 -4889.725997
51 83 6957.463628
52 83 3594.272394
53 83 -3085.840793
56 83 -6168.498686
57 83 -3145.864389
58 83 -7023.795292
81 83 -95745.612267
82 83 -0.000000
83 83 63331.070816
86 83 94167.682383
87 83 0.000000
88 83 42678.095493
111 83 6957.463628
112 83 -3594.272394
113 83 -3085.840793
116 83 -6168.498686
117 83 3145.864389
118 83 -7023.795292
49 84 -1965436.140230
50 84 808767.359868
54 84 3458494.991330
55 84 -192427.213180
59 84 -2020989.935100
60 84 -527072.841136
79 84 -7065200.154260
80 84 0.000000
84 84 15445917.444500
85 84 -0.000000
89 84 -7313312.679900
90 84 0.000000
109 84 -1965436.140230
110 84 -808767.359868
114 84 3458494.991330
115 84 192427.213180
119 84 -2020989.935100
120 84 527072.841136
49 85 530518.354418
50 85 -1214964.545250
54 85 192427.213180
55 85 940411.230915
59 85 -812212.873149
60 85 -1238175.544430
79 85 0.000000
80 85 -1425341.419880
84 85 -0.000000
85 85 5959732.206420
89 85 0.000000
90 85 -1504885.532400
109 85 -530518.354418
110 85 -1214964.545250
114 85 -192427.213180
115 85 940411.230914
119 85 812212.873149
120 85 -1238175.544430
51 86 60694.108211
52 86 -59881.303255
53 86 -6168.498686
56 86 -120663.197295
57 86 125145.066339
58 86 -5686.694344
61 86 57136.425758
62 86 -61136.943446
63 86 11229.526699
81 86 -277256.423722
82 86 -0.000000
83 86 94167.682383
86 86 558152.936278
87 86 0.000000
88 86 8701.076009
91 86 -275231.185905
92 86 -0.000000
93 86 -106962.051087
111 86 60694.108211
112 86 59881.303255
113 86 -6168.498686
116 86 -120663.197295
117 86 -125145.066339
118 86 -5686.694344
121 86 57136.425758
122 86 61136.943446
123 86 11229.526699
51 87 61072.415860
52 87 -84823.423104
53 87 3145.864389
56 87 -125145.066339
57 87 176438.048919
58 87 -7482.364787
61 87 59906.955271
62 87 -87637.825924
63 87 4989.242758
81 87 -0.000000
82 87 -174938.534891
83 87 0.000000
86 87 0.000000
87 87 371942.216274
88 87 -0.000000
91 87 0.000000
92 87 -180826.069958
93 87 0.000000
111 87 -61072.415860
112 87 -84823.423104
113 87 -3145.864389
116 87 125145.066339
117 87 176438.048919
118 87 7482.364787
121 87 -59906.955271
122 87 -87637.825923
123 87 -4989.242758
51 88 12421.497791
52 88 -4889.725997
53 88 -7023.795292
56 88 -5686.694344
57 88 7482.364787
58 88 -5390.407182
61 88 -5019.209334
62 88 -3245.381151
63 88 -6484.356057
81 88 -106673.680592
82 88 0.000000
83 88 42678.095493
86 88 8701.076009
87 88 -0.000000
88 88 127250.138285
91 88 94541.416357
92 88 0.000000
93 88 42534.028437
111 88 12421.497791
112 88 4889.725997
113 88 -7023.795292
116 88 -5686.694344
117 88 -7482.364787
118 88 -5390.407182
121 88 -5019.209334
122 88 3245.381151
123 88 -6484.356057
54 89 -2020989.935100
55 89 812212.873149
59 89 3586306.357990
60 89 -202131.427020
64 89 -2076804.048230
65 89 -523594.208264
84 89 -7313312.679900
85 89 0.000000
89 89 15908371.696900
90 89 -0.000000
94 89 -7560900.777050
95 89 0.000000
114 89 -2020989.935100
115 89 -812212.873149
119 89 3586306.357990
120 89 202131.427020
124 89 -2076804.048230
125 89 523594.208264
54 90 527072.841136
55 90 -1238175.544430
59 90 202131.427020
60 90 1034439.207760
64 90 -815691.506022
65 90 -1261883.342640
84 90 0.000000
85 90 -1504885.532400
89 90 -0.000000
90 90 6023480.413880
94 90 0.000000
95 90 -1583434.054670
114 90 -527072.841136
115 90 -1238175.544430
119 90 -202131.427020
120 90 1034439.207760
124 90 815691.506022
125 90 -1261883.342640
56 91 57136.425758
57 91 -59906.955271
58 91 -5019.209334
61 91 -113455.386667
62 91 124976.876631
63 91 -5679.395534
66 91 53742.076519
67 91 -61197.388864
68 91 10083.951931
86 91 -275231.185905
87 91 0.000000
88 91 94541.416357
91 91 553917.569203
92 91 -0.000000
93 91 8686.478390
96 91 -273532.614517
97 91 0.000000
98 91 -107343.214229
116 91 57136.425758
117 91 59906.955271
118 91 -5019.209334
121 91 -113455.386667
122 91 -124976.876631
123 91 -5679.395534
126 91 53742.076519
127 91 61197.388864
128 91 10083.951931
56 92 61136.943446
57 92 -87637.825923
58 92 3245.381151
61 92 -124976.876631
62 92 181938.130328
63 92 -7783.105118
66 92 59928.523179
67 92 -90450.891046
68 92 5089.715400
86 92 -0.000000
87 92 -180826.069958
88 92 0.000000
91 92 -0.000000
92 92 383222.200421
93 92 -0.000000
96 92 0.000000
97 92 -186708.337240
98 92 0.000000
116 92 -61136.943446
117 92 -87637.825923
118 92 -3245.381151
121 92 124976.876631
122 92 181938.130328
123 92 7783.105118
126 92 -59928.523179
127 92 -90450.891046
128 92 -5089.715400
56 93 11229.526699
57 93 -4989.242758
58 93 -6484.356057
61 93 -5679.395534
62 93 7783.105118
63 93 -4015.533184
66 93 -3912.451668
67 93 -3345.853793
68 93 -5968.106024
86 93 -106962.051087
87 93 0.000000
88 93 42534.028437
91 93 8686.478390
92 93 -0.000000
93 93 128242.142200
96 93 95000.213704
97 93 0.000000
98 93 42436.344725
116 93 11229.526699
117 93 4989.242758
118 93 -6484.356057
121 93 -5679.395534
122 93 -7783.105118
123 93 -4015.533184
126 93 -3912.451668
127 93 3345.853793
128 93 -5968.106024
59 94 -2076804.048230
60 94 815691.506022
64 94 3713621.519870
65 94 -211730.964998
69 94 -2132855.251920
70 94 -520085.411600
89 94 -7560900.777050
90 94 0.000000
94 94 16371832.828600
95 94 -0.000000
99 94 -7808011.239580
100 94 0.000000
119 94 -2076804.048230
120 94 -815691.506022
124 94 3713621.519870
125 94 211730.964998
129 94 -2132855.251920
130 94 520085.411600
59 95 523594.208264
60 95 -1261883.342640
64 95 211730.964998
65 95 1126570.488200
69 95 -819200.302685
70 95 -1286043.597710
89 95 0.000000
90 95 -1583434.054670
94 95 -0.000000
95 95 6091025.825340
99 95 0.000000
100 95 -1661075.848800
119 95 -523594.208264
120 95 -1261883.342640
124 95 -211730.964998
125 95 1126570.488200
129 95 819200.302685
130 95 -1286043.597710
61 96 53742.076519
62 96 -59928.523179
63 96 -3912.451668
66 96 -106589.946974
67 96 124823.698164
68 96 -5672.745708
71 96 50496.801949
72 96 -61254.230508
73 96 8980.579610
91 96 -273532.614517
92 96 0.000000
93 96 95000.213704
96 96 550366.943997
97 96 -0.000000
98 96 8673.178737
101 96 -272132.192467
102 96 0.000000
103 96 -107808.782266
121 96 53742.076519
122 96 59928.523179
123 96 -3912.451668
126 96 -106589.946974
127 96 -124823.698164
128 96 -5672.745708
131 96 50496.801949
132 96 61254.230508
133 96 8980.579610
61 97 61197.388864
62 97 -90450.891046
63 97 3345.853793
66 97 -124823.698164
67 97 187443.246279
68 97 -8082.051610
71 97 59946.485651
72 97 -93262.737815
73 97 5191.058627
91 97 0.000000
92 97 -186708.337240
93 97 0.000000
96 97 -0.000000
97 97 394522.146034
98 97 -0.000000
101 97 0.000000
102 97 -192585.806807
103 97 0.000000
121 97 -61197.388864
122 97 -90450.891046
123 97 -3345.853793
126 97 124823.698164
127 97 187443.246280
128 97 8082.051610
131 97 -59946.485651
132 97 -93262.737815
133 97 -5191.058627
61 98 10083.951931
62 98 -5089.715400
63 98 -5968.106024
66 98 -5672.745708
67 98 8082.051610
68 98 -2686.701043
71 98 -2844.484677
72 98 -3447.197020
73 98 -5472.976037
91 98 -107343.214229
92 98 0.000000
93 98 42436.344725
96 98 8673.178737
97 98 -0.000000
98 98 129326.248689
101 98 95536.592401
102 98 0.000000
103 98 42380.905608
121 98 10083.951931
122 98 5089.715400
123 98 -5968.106024
126 98 -5672.745708
127 98 -8082.051610
128 98 -2686.701043
131 98 -2844.484677
132 98 3447.197020
133 98 -5472.976037
64 99 -2132855.251920
65 99 819200.302685
69 99 3840484.142990
70 99 -221235.034192
74 99 -2189123.002080
75 99 -516549.065365
94 99 -7808011.239580
95 99 0.000000
99 99 16836212.235000
100 99 -0.000000
104 99 -8054685.455030
105 99 0.000000
124 99 -2132855.251920
125 99 -819200.302685
129 99 3840484.142990
130 99 221235.034192
134 99 -2189123.002090
135 99 516549.065365
64 100 520085.411600
65 100 -1286043.597710
69 100 221235.034192
70 100 1216971.881050
74 100 -822736.648921
75 100 -1310617.092420
94 100 0.000000
95 100 -1661075.848800
99 100 -0.000000
100 100 6162034.487810
104 100 0.000000
105 100 -1737889.506460
124 100 -520085.411600
125 100 -1286043.597710
129 100 -221235.034192
130 100 1216971.881050
134 100 822736.648921
135 100 -1310617.092420
66 101 50496.801949
67 101 -59946.485651
68 101 -2844.484677
71 101 -100035.700205
72 101 124683.796071
73 101 -5666.670200
76 101 47387.947258
77 101 -61307.878689
78 101 7915.706458
96 101 -272132.192467
97 101 0.000000
98 101 95536.592401
101 101 547438.704640
102 101 -0.000000
103 101 8661.027721
106 101 -271004.610176
107 101 -0.000000
108 101 -108351.348641
126 101 50496.801949
127 101 59946.485651
128 101 -2844.484677
131 101 -100035.700205
132 101 -124683.796071
133 101 -5666.670200
136 101 47387.947258
137 101 61307.878689
138 101 7915.706458
66 102 61254.230508
67 102 -93262.737815
68 102 3447.197020
71 102 -124683.796071
72 102 192952.953605
73 102 -8379.362109
76 102 59961.253232
77 102 -96073.471787
78 102 5293.197002
96 102 0.000000
97 102 -192585.806807
98 102 0.000000
101 102 -0.000000
102 102 405840.296771
103 102 -0.000000
106 102 -0.000000
107 102 -198458.894415
108 102 0.000000
126 102 -61254.230508
127 102 -93262.737815
128 102 -3447.197020
131 102 124683.796071
132 102 192952.953605
133 102 8379.362109
136 102 -59961.253232
137 102 -96073.471787
138 102 -5293.197002
66 103 8980.579610
67 103 -5191.058627
68 103 -5472.976037
71 103 -5666.670200
72 103 8379.362109
73 103 -1399.859273
76 103 -1811.993506
77 103 -3549.335395
78 103 -4997.136005
96 103 -107808.782266
97 103 0.000000
98 103 42380.905608
101 103 8661.027721
102 103 -0.000000
103 103 130494.353116
106 103 96143.922736
107 103 0.000000
108 103 42364.050510
126 103 8980.579610
127 103 5191.058627
128 103 -5472.976037
131 103 -5666.670200
132 103 -8379.362109
133 103 -1399.859273
136 103 -1811.993506
137 103 3549.335395
138 103 -4997.136005
69 104 -2189123.002080
70 104 822736.648921
74 104 3966932.914860
75 104 -230651.792558
99 104 -8054685.455030
100 104 0.000000
104 104 17301431.413600
105 104 -0.000000
129 104 -2189123.002090
130 104 -822736.648921
134 104 3966932.914860
135 104 230651.792558
69 105 516549.065365
70 105 -1310617.092420
74 105 230651.792558
75 105 1305791.190470
99 105 0.000000
100 105 -1737889.506460
104 105 -0.000000
105 105 6236210.495820
129 105 -516549.065365
130 105 -1310617.092420
134 105 -230651.792558
135 105 1305791.190470
71 106 47387.947258
72 106 -59961.253232
73 106 -1811.993506
76 106 -93765.166143
77 106 124555.679086
78 106 -5661.104774
101 106 -271004.610176
102 106 -0.000000
103 106 96143.922736
106 106 545077.890695
107 106 0.000000
108 106 8649.896869
131 106 47387.947258
132 106 59961.253232
133 106 -1811.993506
136 106 -93765.166143
137 106 -124555.679086
138 106 -5661.104774
71 107 61307.878689
72 107 -96073.471787
73 107 3549.335395
76 107 -124555.679086
77 107 198466.859680
78 107 -8675.176462
101 107 -0.000000
102 107 -198458.894415
103 107 0.000000
106 107 0.000000
107 107 417175.096499
108 107 -0.000000
131 107 -61307.878689
132 107 -96073.471787
133 107 -3549.335395
136 107 124555.679086
137 107 198466.859680
138 107 8675.176462
71 108 7915.706458
72 108 -5293.197002
73 108 -4997.136005
76 108 -5661.104774
77 108 8675.176462
78 108 -151.418278
101 108 -108351.348641
102 108 0.000000
103 108 42364.050510
106 108 8649.896869
107 108 -0.000000
108 108 131739.274824
131 108 7915.706458
132 108 5293.197002
133 108 -4997.136005
136 108 -5661.104774
137 108 -8675.176462
138 108 -151.418278
79 109 1671794.847600
80 109 -40963.253366
84 109 -1965436.140230
85 109 -530518.354418
109 109 7550632.144000
110 109 -0.000000
114 109 -7065200.154260
115 109 0.000000
139 109 1671794.847600
140 109 40963.253366
144 109 -1965436.140230
145 109 530518.354418
79 110 40963.253366
80 110 446674.043148
84 110 -808767.359868
85 110 -1214964.545250
109 110 -0.000000
110 110 3089912.343830
114 110 0.000000
115 110 -1425341.419880
139 110 -40963.253366
140 110 446674.043148
144 110 808767.359868
145 110 -1214964.545250
81 111 -65561.078729
82 111 64074.541545
83 111 6957.463628
86 111 60694.108211
87 111 -61072.415860
88 111 12421.497791
111 111 286990.364758
112 111 -0.000000
113 111 -95745.612267
116 111 -277256.423722
117 111 0.000000
118 111 -106673.680592
141 111 -65561.078729
142 111 -64074.541545
143 111 6957.463628
146 111 60694.108211
147 111 61072.415860
148 111 12421.497791
81 112 -64074.541545
82 112 86790.404313
83 112 -3594.272394
86 112 59881.303255
87 112 -84823.423104
88 112 4889.725997
111 112 -0.000000
112 112 183426.276981
113 112 -0.000000
116 112 0.000000
117 112 -174938.534891
118 112 0.000000
141 112 64074.541545
142 112 86790.404313
143 112 3594.272394
146 112 -59881.303255
147 112 -84823.423104
148 112 -4889.725997
81 113 6957.463628
82 113 3594.272394
