588 588 21418
1 1 36487.027150
2 1 0.000016
3 1 -2885.379909
4 1 32.610066
19 1 -4001.049368
20 1 1300.019683
22 1 -937.515284
23 1 -2885.375494
24 1 -32.610065
25 1 -31039.306520
26 1 -0.001643
28 1 -0.001102
29 1 25873.021880
30 1 -0.000001
31 1 4001.053396
32 1 1300.020585
34 1 1708.246786
35 1 -5257.444910
36 1 -424.610386
37 1 4001.049368
38 1 -1300.019683
40 1 -1708.246121
41 1 -5257.441214
42 1 424.610369
1 2 0.000016
2 2 171387.714500
3 2 -32.610066
4 2 83120.338380
19 2 25749.227920
20 2 -8366.430916
22 2 10.595652
23 2 32.610065
24 2 83120.364710
25 2 -0.000897
26 2 16466.143900
28 2 21.191304
29 2 0.000001
30 2 -167831.473300
31 2 25338.791750
32 2 8233.069545
34 2 137.964229
35 2 -424.610390
36 2 -82231.277950
37 2 -25338.791080
38 2 8233.071908
40 2 137.964268
41 2 424.610378
42 2 -82231.304560
1 3 -2885.379909
2 3 -32.610066
3 3 36487.027120
4 3 -0.000034
5 3 -2885.371213
6 3 32.610064
25 3 4001.053396
26 3 -1300.020737
28 3 -1708.246987
29 3 -5257.444910
30 3 424.610390
31 3 -31039.305850
32 3 0.003433
34 3 0.002335
35 3 25873.020530
36 3 0.000003
43 3 4001.045462
44 3 1300.018911
46 3 1708.245608
47 3 -5257.437629
48 3 -424.610356
1 4 32.610066
2 4 83120.338380
3 4 -0.000034
4 4 171387.740400
5 4 -32.610064
6 4 83120.390210
25 4 -25338.791460
26 4 8233.070420
28 4 137.964244
29 4 424.610386
30 4 -82231.277950
31 4 0.001883
32 4 16466.145470
34 4 21.191306
35 4 -0.000003
36 4 -167831.499800
43 4 25338.790240
44 4 8233.074779
46 4 137.964316
47 4 -424.610362
48 4 -82231.330340
3 5 -2885.371213
4 5 -32.610064
5 5 36487.027240
6 5 0.000015
7 5 -2885.375462
8 5 32.610065
31 5 4001.045462
32 5 -1300.019111
34 5 -1708.245872
35 5 -5257.437629
36 5 424.610362
43 5 -31039.305280
44 5 -0.001480
46 5 -0.000976
47 5 25873.019220
48 5 -0.000001
49 5 4001.049337
50 5 1300.019952
52 5 1708.246477
53 5 -5257.441184
54 5 -424.610377
3 6 32.610064
4 6 83120.390210
5 6 0.000015
6 6 171387.767300
7 6 -32.610065
8 6 83120.364870
31 6 -25338.789860
32 6 8233.075928
34 6 137.964335
35 6 424.610356
36 6 -82231.330340
43 6 -0.000803
44 6 16466.146800
46 6 21.191308
47 6 0.000001
48 6 -167831.527300
49 6 25338.790560
50 6 8233.073504
52 6 137.964295
53 6 -424.610369
54 6 -82231.304720
5 7 -2885.375462
6 7 -32.610065
7 7 36487.027210
8 7 0.000019
9 7 -2885.381017
10 7 32.610066
43 7 4001.049337
44 7 -1300.019693
46 7 -1708.246137
47 7 -5257.441184
48 7 424.610369
49 7 -31039.306730
50 7 -0.001940
52 7 -0.001280
53 7 25873.022260
54 7 -0.000001
55 7 4001.054404
56 7 1300.020794
58 7 1708.246930
59 7 -5257.445832
60 7 -424.610388
5 8 32.610065
6 8 83120.364870
7 8 0.000019
8 8 171387.707900
9 8 -32.610066
10 8 83120.331740
43 8 -25338.791040
44 8 8233.072020
46 8 137.964270
47 8 424.610377
48 8 -82231.304720
49 8 -0.001052
50 8 16466.143390
52 8 21.191303
53 8 0.000001
54 8 -167831.466600
55 8 25338.791940
56 8 8233.068858
58 8 137.964218
59 8 -424.610394
60 8 -82231.271230
7 9 -2885.381017
8 9 -32.610066
9 9 36487.028960
10 9 -0.000009
11 9 -2885.376323
12 9 32.610066
49 9 4001.054404
50 9 -1300.020974
52 9 -1708.247167
53 9 -5257.445832
54 9 424.610394
55 9 -31039.308340
56 9 0.000865
58 9 0.000436
59 9 25873.023760
60 9 0.000001
61 9 4001.050127
62 9 1300.020247
64 9 1708.246764
65 9 -5257.441914
66 9 -424.610385
7 10 32.610066
8 10 83120.331740
9 10 -0.000009
10 10 171387.702700
11 10 -32.610064
12 10 83120.359800
49 10 -25338.791610
50 10 8233.069888
52 10 137.964235
53 10 424.610388
54 10 -82231.271230
55 10 0.000430
56 10 16466.139360
58 10 21.191298
59 10 -0.000001
60 10 -167831.461300
61 10 25338.790470
62 10 8233.073716
64 10 137.964299
65 10 -424.610368
66 10 -82231.299600
9 11 -2885.376323
10 11 -32.610064
11 11 36487.026300
12 11 -0.000004
13 11 -2885.372290
14 11 32.610064
55 11 4001.050127
56 11 -1300.019685
58 11 -1708.246027
59 11 -5257.441914
60 11 424.610368
61 11 -31039.304770
62 11 0.000352
64 11 0.000048
65 11 25873.019150
66 11 0.000000
67 11 4001.046455
68 11 1300.019163
70 11 1708.245817
71 11 -5257.438554
72 11 -424.610364
9 12 32.610066
10 12 83120.359800
11 12 -0.000004
12 12 171387.755800
13 12 -32.610064
14 12 83120.383930
55 12 -25338.791510
56 12 8233.070499
58 12 137.964245
59 12 424.610385
60 12 -82231.299600
61 12 0.000137
62 12 16466.148130
64 12 21.191309
65 12 -0.000000
66 12 -167831.515500
67 12 25338.790350
68 12 8233.074369
70 12 137.964309
71 12 -424.610364
72 12 -82231.323990
11 13 -2885.372290
12 13 -32.610064
13 13 36487.027510
14 13 0.000021
15 13 -2885.378127
16 13 32.610066
61 13 4001.046455
62 13 -1300.019171
64 13 -1708.245826
65 13 -5257.438554
66 13 424.610364
67 13 -31039.306070
68 13 -0.002055
70 13 -0.001359
71 13 25873.020570
72 13 -0.000002
73 13 4001.051779
74 13 1300.020331
76 13 1708.246665
77 13 -5257.443437
78 13 -424.610385
11 14 32.610064
12 14 83120.383930
13 14 0.000021
14 14 171387.744900
15 14 -32.610066
16 14 83120.349120
61 14 -25338.790330
62 14 8233.074413
64 14 137.964310
65 14 424.610364
66 14 -82231.323990
67 14 -0.001116
68 14 16466.144910
70 14 21.191305
71 14 0.000002
72 14 -167831.504400
73 14 25338.791280
74 14 8233.071115
76 14 137.964255
77 14 -424.610382
78 14 -82231.288800
13 15 -2885.378127
14 15 -32.610066
15 15 36487.026460
16 15 -0.000021
17 15 -2885.375043
18 15 32.610064
67 15 4001.051779
68 15 -1300.020231
70 15 -1708.246534
71 15 -5257.443437
72 15 424.610382
73 15 -31039.305590
74 15 0.002143
76 15 0.001600
77 15 25873.020680
78 15 0.000002
79 15 4001.048960
80 15 1300.019341
82 15 1708.245724
83 15 -5257.440844
84 15 -424.610360
13 16 32.610066
14 16 83120.349120
15 16 -0.000021
16 16 171387.728200
17 16 -32.610066
18 16 83120.367430
67 16 -25338.791460
68 16 8233.070540
70 16 137.964246
71 16 424.610385
72 16 -82231.288800
73 16 0.001217
74 16 16466.146180
76 16 21.191307
77 16 -0.000002
78 16 -167831.487300
79 16 25338.791480
80 16 8233.070706
82 16 137.964248
83 16 -424.610384
84 16 -82231.307310
15 17 -2885.375043
16 17 -32.610066
17 17 36487.028400
18 17 -0.000007
19 17 -4001.050275
20 17 -1300.020084
22 17 937.515685
23 17 -2885.376493
24 17 32.610065
37 17 4001.050275
38 17 1300.020084
40 17 1708.246528
41 17 -5257.442042
42 17 -424.610378
73 17 4001.048960
74 17 -1300.020102
76 17 -1708.246725
77 17 -5257.440844
78 17 424.610384
79 17 -31039.307000
80 17 0.000660
82 17 0.000639
83 17 25873.021560
84 17 0.000000
15 18 32.610064
16 18 83120.367430
17 18 -0.000007
18 18 171387.737900
19 18 -25749.227760
20 18 -8366.431543
22 18 10.595653
23 18 -32.610065
24 18 83120.358690
37 18 25338.790860
38 18 8233.072505
40 18 137.964278
41 18 -424.610374
42 18 -82231.298480
73 18 -25338.790060
74 18 8233.075068
76 18 137.964321
77 18 424.610360
78 18 -82231.307310
79 18 0.000417
80 18 16466.142600
82 18 21.191302
83 18 -0.000000
84 18 -167831.497200
1 19 -4001.049368
2 19 25749.227920
17 19 -4001.050275
18 19 -25749.227760
19 19 285041.577300
20 19 -0.011802
21 19 -331114.246300
22 19 -0.000335
23 19 31039.306280
24 19 0.000159
25 19 113896.341600
26 19 -310387.735700
27 19 165557.117100
28 19 1300.019958
29 19 -4001.049368
30 19 -25338.791080
37 19 -182911.711200
38 19 -0.009979
39 19 -25429.564920
40 19 -0.000335
41 19 31039.306280
42 19 -0.000216
79 19 113896.326100
80 19 310387.750000
81 19 165557.129200
82 19 -1300.019976
83 19 -4001.050275
84 19 25338.790860
1 20 1300.019683
2 20 -8366.430916
17 20 -1300.020084
18 20 -8366.431543
19 20 -0.011802
20 20 2260764.754000
21 20 -0.003947
22 20 -3276.906708
23 20 0.000335
24 20 -16732.862460
25 20 310387.802800
26 20 -968320.508200
27 20 509532.437800
28 20 -422.402070
29 20 1300.019683
30 20 8233.071908
37 20 -0.009979
38 20 -1295743.123000
39 20 -0.000303
40 20 -3276.906708
41 20 0.000335
42 20 16466.144410
79 20 -310387.723800
80 20 -968320.473000
81 20 -509532.433900
82 20 -422.402110
83 20 -1300.020084
84 20 8233.072505
19 21 -331114.246300
20 21 -0.003947
21 21 6978504.335000
25 21 -165557.148600
26 21 509532.427600
27 21 -1791298.333000
37 21 25429.564920
38 21 0.000303
39 21 -6605126.816000
79 21 -165557.116800
80 21 -509532.437900
81 21 -1791298.215000
1 22 -937.515284
2 22 10.595652
17 22 937.515685
18 22 10.595653
19 22 -0.000335
20 22 -3276.906708
22 22 3852.037929
23 22 -0.000336
24 22 275.928547
25 22 1300.019683
26 22 422.402070
28 22 555.042901
29 22 -1708.246121
30 22 -137.964268
37 22 0.000335
38 22 3276.906708
40 22 2731.487471
41 22 -0.000340
42 22 -21.191305
79 22 -1300.020084
80 22 422.402110
82 22 555.042916
83 22 1708.246528
84 22 -137.964278
1 23 -2885.375494
2 23 32.610065
17 23 -2885.376493
18 23 -32.610065
19 23 31039.306280
20 23 0.000335
22 23 -0.000336
23 23 36487.027480
24 23 0.000003
25 23 4001.049368
26 23 1300.019958
28 23 1708.246481
29 23 -5257.441214
30 23 -424.610378
37 23 -31039.306280
38 23 -0.000335
40 23 -0.000340
41 23 25873.021050
42 23 -0.000000
79 23 4001.050275
80 23 -1300.019976
82 23 -1708.246387
83 23 -5257.442042
84 23 424.610374
1 24 -32.610065
2 24 83120.364710
17 24 32.610065
18 24 83120.358690
19 24 0.000159
20 24 -16732.862460
22 24 275.928547
23 24 0.000003
24 24 171387.735100
25 24 25338.790560
26 24 8233.073478
28 24 137.964295
29 24 -424.610369
30 24 -82231.304560
37 24 -0.000216
38 24 16466.144410
40 24 21.191305
41 24 0.000000
42 24 -167831.494400
79 24 -25338.791060
80 24 8233.071890
82 24 137.964268
83 24 424.610378
84 24 -82231.298480
1 25 -31039.306520
2 25 -0.000897
3 25 4001.053396
4 25 -25338.791460
19 25 113896.341600
20 25 310387.802800
21 25 -165557.148600
22 25 1300.019683
23 25 4001.049368
24 25 25338.790560
25 25 570083.105300
26 25 -0.339159
30 25 0.002353
31 25 -126167.958000
32 25 307147.269100
33 25 -0.000000
36 25 51498.457150
37 25 -126168.086900
38 25 -307147.613300
42 25 -51498.454800
85 25 -182911.680000
86 25 0.168317
87 25 -25429.564160
88 25 -0.001643
89 25 31039.306520
90 25 -0.000897
91 25 113896.260300
92 25 -310387.628100
93 25 165557.087700
94 25 1300.020585
95 25 -4001.053396
96 25 -25338.791460
97 25 113896.341600
98 25 310387.802800
99 25 165557.148600
100 25 -1300.019683
101 25 -4001.049368
102 25 25338.790560
1 26 -0.001643
2 26 16466.143900
3 26 -1300.020737
4 26 8233.070420
19 26 -310387.735700
20 26 -968320.508200
21 26 509532.427600
22 26 422.402070
23 26 1300.019958
24 26 8233.073478
25 26 -0.339159
26 26 4521529.296000
30 26 -33465.724000
31 26 -307147.231200
32 26 971672.117900
33 26 -0.000000
36 26 -16732.858980
37 26 307147.545200
38 26 971672.776400
42 26 -16732.865020
85 26 0.168317
86 26 -1295742.891000
87 26 -0.001520
88 26 -3276.906516
89 26 0.001643
90 26 16466.143900
91 26 310387.590700
92 26 -968320.367200
93 26 509532.447400
94 26 -422.402191
95 26 1300.020737
96 26 8233.070420
97 26 -310387.735700
98 26 -968320.508200
99 26 -509532.427600
100 26 -422.402070
101 26 -1300.019958
102 26 8233.073478
19 27 165557.117100
20 27 509532.437800
21 27 -1791298.333000
27 27 13957007.030000
31 27 0.000000
32 27 -0.000000
33 27 3209218.009000
37 27 0.000000
38 27 0.000000
39 27 3209219.160000
85 27 25429.564160
86 27 0.001520
87 27 -6605125.951000
91 27 -165557.070100
92 27 509532.453100
93 27 -1791297.817000
97 27 -165557.117100
98 27 -509532.437800
99 27 -1791298.333000
1 28 -0.001102
2 28 21.191304
3 28 -1708.246987
4 28 137.964244
19 28 1300.019958
20 28 -422.402070
22 28 555.042901
23 28 1708.246481
24 28 137.964295
28 28 7704.075280
29 28 -0.004369
30 28 -0.000000
34 28 609.234956
35 28 -1875.033070
36 28 -0.000000
40 28 609.234462
41 28 1875.030964
42 28 0.000000
85 28 0.001643
86 28 3276.906516
88 28 2731.487378
89 28 -0.001102
90 28 -21.191304
91 28 1300.020737
92 28 422.402191
94 28 555.042892
95 28 -1708.246987
96 28 -137.964244
97 28 -1300.019958
98 28 422.402070
100 28 555.042901
101 28 1708.246481
102 28 -137.964295
1 29 25873.021880
2 29 0.000001
3 29 -5257.444910
4 29 424.610386
19 29 -4001.049368
20 29 1300.019683
22 29 -1708.246121
23 29 -5257.441214
24 29 -424.610369
28 29 -0.004369
29 29 72974.054310
30 29 -0.000000
34 29 1875.032850
35 29 -5770.759817
36 29 -0.000000
40 29 -1875.030569
41 29 -5770.750987
42 29 -0.000000
85 29 -31039.306520
86 29 -0.001643
88 29 -0.001102
89 29 25873.021880
90 29 -0.000001
91 29 4001.053396
92 29 1300.020585
94 29 1708.246786
95 29 -5257.444910
96 29 -424.610386
97 29 4001.049368
98 29 -1300.019683
100 29 -1708.246121
101 29 -5257.441214
102 29 424.610369
1 30 -0.000001
2 30 -167831.473300
3 30 424.610390
4 30 -82231.277950
19 30 -25338.791080
20 30 8233.071908
22 30 -137.964268
23 30 -424.610378
24 30 -82231.304560
25 30 0.002353
26 30 -33465.724000
28 30 -0.000000
29 30 -0.000000
30 30 342775.428900
31 30 -51498.457730
32 30 -16732.857200
34 30 -0.000000
35 30 0.000000
36 30 166240.676800
37 30 51498.455840
38 30 -16732.861830
40 30 -0.000000
41 30 -0.000000
42 30 166240.729400
85 30 -0.000897
86 30 16466.143900
88 30 21.191304
89 30 0.000001
90 30 -167831.473300
91 30 25338.791750
92 30 8233.069545
94 30 137.964229
95 30 -424.610390
96 30 -82231.277950
97 30 -25338.791080
98 30 8233.071908
100 30 137.964268
101 30 424.610378
102 30 -82231.304560
1 31 4001.053396
2 31 25338.791750
3 31 -31039.305850
4 31 0.001883
5 31 4001.045462
6 31 -25338.789860
25 31 -126167.958000
26 31 -307147.231200
27 31 0.000000
30 31 -51498.457730
31 31 570083.219700
32 31 0.695917
36 31 -0.004870
43 31 -126168.212500
44 31 307147.924200
45 31 0.000000
48 31 51498.452860
85 31 113896.260300
86 31 310387.590700
87 31 165557.070100
88 31 -1300.020737
89 31 -4001.053396
90 31 25338.791750
91 31 -182911.734000
92 31 -0.339325
93 31 -25429.566550
94 31 0.003433
95 31 31039.305850
96 31 0.001883
103 31 113896.421300
104 31 -310387.949800
105 31 165557.197300
106 31 1300.018911
107 31 -4001.045462
108 31 -25338.789860
1 32 1300.020585
2 32 8233.069545
3 32 0.003433
4 32 16466.145470
5 32 -1300.019111
6 32 8233.075928
25 32 307147.269100
26 32 971672.117900
27 32 -0.000000
30 32 -16732.857200
31 32 0.695917
32 32 4521529.509000
36 32 -33465.727040
43 32 -307147.874400
44 32 971673.413500
45 32 0.000000
48 32 -16732.869840
85 32 -310387.628100
86 32 -968320.367200
87 32 -509532.453100
88 32 -422.402191
89 32 -1300.020585
90 32 8233.069545
91 32 -0.339325
92 32 -1295743.167000
93 32 0.003175
94 32 -3276.907127
95 32 -0.003433
96 32 16466.145470
103 32 310387.900700
104 32 -968320.644000
105 32 509532.411800
106 32 -422.401956
107 32 1300.019111
108 32 8233.075928
25 33 -0.000000
26 33 -0.000000
27 33 3209218.009000
33 33 13957009.090000
45 33 3209220.275000
85 33 -165557.087700
86 33 -509532.447400
87 33 -1791297.817000
91 33 25429.566550
92 33 -0.003175
93 33 -6605127.037000
103 33 -165557.174200
104 33 509532.419300
105 33 -1791298.832000
1 34 1708.246786
2 34 137.964229
3 34 0.002335
4 34 21.191306
5 34 -1708.245872
6 34 137.964335
28 34 609.234956
29 34 1875.032850
30 34 -0.000000
34 34 7704.076875
35 34 0.009067
36 34 0.000000
46 34 609.233989
47 34 -1875.028792
48 34 -0.000000
85 34 -1300.020585
86 34 422.402191
88 34 555.042892
89 34 1708.246786
90 34 -137.964229
91 34 -0.003433
92 34 3276.907127
94 34 2731.487803
95 34 0.002335
96 34 -21.191306
103 34 1300.019111
104 34 422.401956
106 34 555.042915
107 34 -1708.245872
108 34 -137.964335
1 35 -5257.444910
2 35 -424.610390
3 35 25873.020530
4 35 -0.000003
5 35 -5257.437629
6 35 424.610356
28 35 -1875.033070
29 35 -5770.759817
30 35 0.000000
34 35 0.009067
35 35 72974.054250
36 35 -0.000000
46 35 1875.028503
47 35 -5770.742426
48 35 -0.000000
85 35 4001.053396
86 35 -1300.020737
88 35 -1708.246987
89 35 -5257.444910
90 35 424.610390
91 35 -31039.305850
92 35 0.003433
94 35 0.002335
95 35 25873.020530
96 35 0.000003
103 35 4001.045462
104 35 1300.018911
106 35 1708.245608
107 35 -5257.437629
108 35 -424.610356
1 36 -424.610386
2 36 -82231.277950
3 36 0.000003
4 36 -167831.499800
5 36 424.610362
6 36 -82231.330340
25 36 51498.457150
26 36 -16732.858980
28 36 -0.000000
29 36 -0.000000
30 36 166240.676800
31 36 -0.004870
32 36 -33465.727040
34 36 0.000000
35 36 -0.000000
36 36 342775.480800
43 36 -51498.453620
44 36 -16732.867500
46 36 -0.000000
47 36 0.000000
48 36 166240.780400
85 36 -25338.791460
86 36 8233.070420
88 36 137.964244
89 36 424.610386
90 36 -82231.277950
91 36 0.001883
92 36 16466.145470
94 36 21.191306
95 36 -0.000003
96 36 -167831.499800
103 36 25338.790240
104 36 8233.074779
106 36 137.964316
107 36 -424.610362
108 36 -82231.330340
1 37 4001.049368
2 37 -25338.791080
17 37 4001.050275
18 37 25338.790860
19 37 -182911.711200
20 37 -0.009979
21 37 25429.564920
22 37 0.000335
23 37 -31039.306280
24 37 -0.000216
25 37 -126168.086900
26 37 307147.545200
27 37 0.000000
30 37 51498.455840
37 37 570083.154500
38 37 -0.023605
42 37 0.000319
79 37 -126168.060400
80 37 -307147.521500
81 37 -0.000000
84 37 -51498.455520
85 37 113896.341600
86 37 -310387.735700
87 37 165557.117100
88 37 1300.019958
89 37 -4001.049368
90 37 -25338.791080
97 37 -182911.711200
98 37 -0.009979
99 37 -25429.564920
100 37 -0.000335
101 37 31039.306280
102 37 -0.000216
109 37 113896.326100
110 37 310387.750000
111 37 165557.129200
112 37 -1300.019976
113 37 -4001.050275
114 37 25338.790860
1 38 -1300.019683
2 38 8233.071908
17 38 1300.020084
18 38 8233.072505
19 38 -0.009979
20 38 -1295743.123000
21 38 0.000303
22 38 3276.906708
23 38 -0.000335
24 38 16466.144410
25 38 -307147.613300
26 38 971672.776400
27 38 0.000000
30 38 -16732.861830
37 38 -0.023605
38 38 4521529.508000
42 38 -33465.724920
79 38 307147.494900
80 38 971672.623000
81 38 0.000000
84 38 -16732.863090
85 38 310387.802800
86 38 -968320.508200
87 38 509532.437800
88 38 -422.402070
89 38 1300.019683
90 38 8233.071908
97 38 -0.009979
98 38 -1295743.123000
99 38 -0.000303
100 38 -3276.906708
101 38 0.000335
102 38 16466.144410
109 38 -310387.723800
110 38 -968320.473000
111 38 -509532.433900
112 38 -422.402110
113 38 -1300.020084
114 38 8233.072505
19 39 -25429.564920
20 39 -0.000303
21 39 -6605126.816000
27 39 3209219.160000
39 39 13957008.670000
79 39 0.000000
80 39 0.000000
81 39 3209218.897000
85 39 -165557.148600
86 39 509532.427600
87 39 -1791298.333000
97 39 25429.564920
98 39 0.000303
99 39 -6605126.816000
109 39 -165557.116800
110 39 -509532.437900
111 39 -1791298.215000
1 40 -1708.246121
2 40 137.964268
17 40 1708.246528
18 40 137.964278
19 40 -0.000335
20 40 -3276.906708
22 40 2731.487471
23 40 -0.000340
24 40 21.191305
28 40 609.234462
29 40 -1875.030569
30 40 -0.000000
40 40 7704.075858
41 40 -0.000672
42 40 0.000000
82 40 609.234593
83 40 1875.031370
84 40 0.000000
85 40 1300.019683
86 40 422.402070
88 40 555.042901
89 40 -1708.246121
90 40 -137.964268
97 40 0.000335
98 40 3276.906708
100 40 2731.487471
101 40 -0.000340
102 40 -21.191305
109 40 -1300.020084
110 40 422.402110
112 40 555.042916
113 40 1708.246528
114 40 -137.964278
1 41 -5257.441214
2 41 424.610378
17 41 -5257.442042
18 41 -424.610374
19 41 31039.306280
20 41 0.000335
22 41 -0.000340
23 41 25873.021050
24 41 0.000000
28 41 1875.030964
29 41 -5770.750987
30 41 -0.000000
40 41 -0.000672
41 41 72974.054950
42 41 -0.000000
82 41 -1875.031215
83 41 -5770.752985
84 41 -0.000000
85 41 4001.049368
86 41 1300.019958
88 41 1708.246481
89 41 -5257.441214
90 41 -424.610378
97 41 -31039.306280
98 41 -0.000335
100 41 -0.000340
101 41 25873.021050
102 41 -0.000000
109 41 4001.050275
110 41 -1300.019976
112 41 -1708.246387
113 41 -5257.442042
114 41 424.610374
1 42 424.610369
2 42 -82231.304560
17 42 -424.610378
18 42 -82231.298480
19 42 -0.000216
20 42 16466.144410
22 42 -21.191305
23 42 -0.000000
24 42 -167831.494400
25 42 -51498.454800
26 42 -16732.865020
28 42 0.000000
29 42 -0.000000
30 42 166240.729400
37 42 0.000319
38 42 -33465.724920
40 42 0.000000
41 42 -0.000000
42 42 342775.470200
79 42 51498.455930
80 42 -16732.861840
82 42 -0.000000
83 42 -0.000000
84 42 166240.717400
85 42 25338.790560
86 42 8233.073478
88 42 137.964295
89 42 -424.610369
90 42 -82231.304560
97 42 -0.000216
98 42 16466.144410
100 42 21.191305
101 42 0.000000
102 42 -167831.494400
109 42 -25338.791060
110 42 8233.071890
112 42 137.964268
113 42 424.610378
114 42 -82231.298480
3 43 4001.045462
4 43 25338.790240
5 43 -31039.305280
6 43 -0.000803
7 43 4001.049337
8 43 -25338.791040
31 43 -126168.212500
32 43 -307147.874400
36 43 -51498.453620
43 43 570083.321000
44 43 -0.312006
48 43 0.002142
49 43 -126168.088900
50 43 307147.550900
51 43 -0.000000
54 43 51498.455760
91 43 113896.421300
92 43 310387.900700
93 43 165557.174200
94 43 -1300.019111
95 43 -4001.045462
96 43 25338.790240
103 43 -182911.785200
104 43 0.157949
105 43 -25429.568550
106 43 -0.001480
107 43 31039.305280
108 43 -0.000803
115 43 113896.343400
116 43 -310387.740300
117 43 165557.119300
118 43 1300.019952
119 43 -4001.049337
120 43 -25338.791040
3 44 1300.018911
4 44 8233.074779
5 44 -0.001480
6 44 16466.146800
7 44 -1300.019693
8 44 8233.072020
31 44 307147.924200
32 44 971673.413500
36 44 -16732.867500
43 44 -0.312006
44 44 4521529.748000
48 44 -33465.729560
49 44 -307147.615200
50 44 971672.779200
51 44 -0.000000
54 44 -16732.862060
91 44 -310387.949800
92 44 -968320.644000
93 44 -509532.419300
94 44 -422.401956
95 44 -1300.018911
96 44 8233.074779
103 44 0.157949
104 44 -1295743.459000
105 44 -0.001370
106 44 -3276.907638
107 44 0.001480
108 44 16466.146800
115 44 310387.803700
116 44 -968320.507800
117 44 509532.437100
118 44 -422.402074
119 44 1300.019693
120 44 8233.072020
31 45 0.000000
32 45 0.000000
33 45 3209220.275000
45 45 13957011.220000
51 45 3209219.167000
91 45 -165557.197300
92 45 -509532.411800
93 45 -1791298.832000
103 45 25429.568550
104 45 0.001370
105 45 -6605128.165000
115 45 -165557.149100
116 45 509532.427400
117 45 -1791298.336000
3 46 1708.245608
4 46 137.964316
5 46 -0.000976
6 46 21.191308
7 46 -1708.246137
8 46 137.964270
34 46 609.233989
35 46 1875.028503
36 46 -0.000000
46 46 7704.078241
47 46 -0.003967
48 46 -0.000000
52 46 609.234467
53 46 -1875.030576
54 46 -0.000000
91 46 -1300.018911
92 46 422.401956
94 46 555.042915
95 46 1708.245608
96 46 -137.964316
103 46 0.001480
104 46 3276.907638
106 46 2731.488141
107 46 -0.000976
108 46 -21.191308
115 46 1300.019693
116 46 422.402074
118 46 555.042908
119 46 -1708.246137
120 46 -137.964270
3 47 -5257.437629
4 47 -424.610362
5 47 25873.019220
6 47 0.000001
7 47 -5257.441184
8 47 424.610377
34 47 -1875.028792
35 47 -5770.742426
36 47 0.000000
46 47 -0.003967
47 47 72974.054480
52 47 1875.030950
53 47 -5770.750924
54 47 -0.000000
91 47 4001.045462
92 47 -1300.019111
94 47 -1708.245872
95 47 -5257.437629
96 47 424.610362
103 47 -31039.305280
104 47 -0.001480
106 47 -0.000976
107 47 25873.019220
108 47 -0.000001
115 47 4001.049337
116 47 1300.019952
118 47 1708.246477
119 47 -5257.441184
120 47 -424.610377
3 48 -424.610356
4 48 -82231.330340
5 48 -0.000001
6 48 -167831.527300
7 48 424.610369
8 48 -82231.304720
31 48 51498.452860
32 48 -16732.869840
34 48 -0.000000
35 48 -0.000000
36 48 166240.780400
43 48 0.002142
44 48 -33465.729560
46 48 -0.000000
48 48 342775.534700
49 48 -51498.454780
50 48 -16732.865070
52 48 -0.000000
53 48 0.000000
54 48 166240.729700
91 48 -25338.789860
92 48 8233.075928
94 48 137.964335
95 48 424.610356
96 48 -82231.330340
103 48 -0.000803
104 48 16466.146800
106 48 21.191308
107 48 0.000001
108 48 -167831.527300
115 48 25338.790560
116 48 8233.073504
118 48 137.964295
119 48 -424.610369
120 48 -82231.304720
5 49 4001.049337
6 49 25338.790560
7 49 -31039.306730
8 49 -0.001052
9 49 4001.054404
10 49 -25338.791610
43 49 -126168.088900
44 49 -307147.615200
48 49 -51498.454780
49 49 570083.070300
50 49 -0.408602
54 49 0.002806
55 49 -126167.927300
56 49 307147.191900
57 49 0.000000
60 49 51498.457590
103 49 113896.343400
104 49 310387.803700
105 49 165557.149100
106 49 -1300.019693
107 49 -4001.049337
108 49 25338.790560
115 49 -182911.664600
116 49 0.206695
117 49 -25429.563380
118 49 -0.001940
119 49 31039.306730
120 49 -0.001052
121 49 113896.241600
122 49 -310387.593600
123 49 165557.077200
124 49 1300.020794
125 49 -4001.054404
126 49 -25338.791610
5 50 1300.019952
6 50 8233.073504
7 50 -0.001940
8 50 16466.143390
9 50 -1300.020974
10 50 8233.069888
43 50 307147.550900
44 50 971672.779200
48 50 -16732.865070
49 50 -0.408602
50 50 4521529.247000
54 50 -33465.723020
55 50 -307147.147300
56 50 971671.950000
57 50 0.000000
60 50 -16732.857940
103 50 -310387.740300
104 50 -968320.507800
105 50 -509532.427400
106 50 -422.402074
107 50 -1300.019952
108 50 8233.073504
115 50 0.206695
116 50 -1295742.823000
117 50 -0.001796
118 50 -3276.906319
119 50 0.001940
120 50 16466.143390
121 50 310387.549600
122 50 -968320.329800
123 50 509532.450800
124 50 -422.402229
125 50 1300.020974
126 50 8233.069888
43 51 -0.000000
44 51 -0.000000
45 51 3209219.167000
51 51 13957006.510000
55 51 -0.000000
56 51 0.000000
57 51 3209217.718000
103 51 -165557.119300
104 51 -509532.437100
105 51 -1791298.336000
115 51 25429.563380
116 51 0.001796
117 51 -6605125.675000
121 51 -165557.056400
122 51 509532.457500
123 51 -1791297.687000
5 52 1708.246477
6 52 137.964295
7 52 -0.001280
8 52 21.191303
9 52 -1708.247167
10 52 137.964235
46 52 609.234467
47 52 1875.030950
48 52 -0.000000
52 52 7704.074776
53 52 -0.005197
54 52 -0.000000
58 52 609.235091
59 52 -1875.033659
103 52 -1300.019952
104 52 422.402074
106 52 555.042908
107 52 1708.246477
108 52 -137.964295
115 52 0.001940
116 52 3276.906319
118 52 2731.487235
119 52 -0.001280
120 52 -21.191303
121 52 1300.020974
122 52 422.402229
124 52 555.042899
125 52 -1708.247167
126 52 -137.964235
5 53 -5257.441184
6 53 -424.610369
7 53 25873.022260
8 53 0.000001
9 53 -5257.445832
10 53 424.610388
46 53 -1875.030576
47 53 -5770.750924
48 53 0.000000
52 53 -0.005197
53 53 72974.054420
54 53 -0.000000
58 53 1875.033399
59 53 -5770.762034
103 53 4001.049337
104 53 -1300.019693
106 53 -1708.246137
107 53 -5257.441184
108 53 424.610369
115 53 -31039.306730
116 53 -0.001940
118 53 -0.001280
119 53 25873.022260
120 53 -0.000001
121 53 4001.054404
122 53 1300.020794
124 53 1708.246930
125 53 -5257.445832
126 53 -424.610388
5 54 -424.610377
6 54 -82231.304720
7 54 -0.000001
8 54 -167831.466600
9 54 424.610394
10 54 -82231.271230
43 54 51498.455760
44 54 -16732.862060
46 54 -0.000000
47 54 -0.000000
48 54 166240.729700
49 54 0.002806
50 54 -33465.723020
52 54 -0.000000
53 54 -0.000000
54 54 342775.415800
55 54 -51498.458270
56 54 -16732.855850
60 54 166240.663500
103 54 -25338.791040
104 54 8233.072020
106 54 137.964270
107 54 424.610377
108 54 -82231.304720
115 54 -0.001052
116 54 16466.143390
118 54 21.191303
119 54 0.000001
120 54 -167831.466600
121 54 25338.791940
122 54 8233.068858
124 54 137.964218
125 54 -424.610394
126 54 -82231.271230
7 55 4001.054404
8 55 25338.791940
9 55 -31039.308340
10 55 0.000430
11 55 4001.050127
12 55 -25338.791510
49 55 -126167.927300
50 55 -307147.147300
51 55 -0.000000
54 55 -51498.458270
55 55 570082.836700
56 55 0.235288
60 55 -0.001439
61 55 -126168.060900
62 55 307147.445600
63 55 0.000000
66 55 51498.456830
115 55 113896.241600
116 55 310387.549600
117 55 165557.056400
118 55 -1300.020974
119 55 -4001.054404
120 55 25338.791940
121 55 -182911.594500
122 55 -0.143855
123 55 -25429.557160
124 55 0.000865
125 55 31039.308340
126 55 0.000430
127 55 113896.324500
128 55 -310387.668000
129 55 165557.088800
130 55 1300.020247
131 55 -4001.050127
132 55 -25338.791510
7 56 1300.020794
8 56 8233.068858
9 56 0.000865
10 56 16466.139360
11 56 -1300.019685
12 56 8233.070499
49 56 307147.191900
50 56 971671.950000
51 56 0.000000
54 56 -16732.855850
55 56 0.235288
56 56 4521529.416000
60 56 -33465.714850
61 56 -307147.584900
62 56 971672.655500
63 56 0.000000
66 56 -16732.859000
115 56 -310387.593600
116 56 -968320.329800
117 56 -509532.457500
118 56 -422.402229
119 56 -1300.020794
120 56 8233.068858
121 56 -0.143855
122 56 -1295742.827000
123 56 0.000808
124 56 -3276.904716
125 56 -0.000865
126 56 16466.139360
127 56 310387.805400
128 56 -968320.483900
129 56 509532.447000
130 56 -422.402084
131 56 1300.019685
132 56 8233.070499
49 57 0.000000
50 57 0.000000
51 57 3209217.718000
57 57 13957006.100000
61 57 0.000000
62 57 -0.000000
63 57 3209218.945000
115 57 -165557.077200
116 57 -509532.450800
117 57 -1791297.687000
121 57 25429.557160
122 57 -0.000808
123 57 -6605125.459000
127 57 -165557.153500
128 57 509532.426000
129 57 -1791298.236000
7 58 1708.246930
8 58 137.964218
9 58 0.000436
10 58 21.191298
11 58 -1708.246027
12 58 137.964245
52 58 609.235091
53 58 1875.033399
58 58 7704.070976
59 58 0.002572
60 58 -0.000000
64 58 609.234542
65 58 -1875.030754
66 58 -0.000000
115 58 -1300.020794
116 58 422.402229
118 58 555.042899
119 58 1708.246930
120 58 -137.964218
121 58 -0.000865
122 58 3276.904716
124 58 2731.485916
125 58 0.000436
126 58 -21.191298
127 58 1300.019685
128 58 422.402084
130 58 555.042889
131 58 -1708.246027
132 58 -137.964245
7 59 -5257.445832
8 59 -424.610394
9 59 25873.023760
10 59 -0.000001
11 59 -5257.441914
12 59 424.610385
52 59 -1875.033659
53 59 -5770.762034
58 59 0.002572
59 59 72974.057910
60 59 -0.000000
64 59 1875.031564
65 59 -5770.752645
66 59 -0.000000
115 59 4001.054404
116 59 -1300.020974
118 59 -1708.247167
119 59 -5257.445832
120 59 424.610394
121 59 -31039.308340
122 59 0.000865
124 59 0.000436
125 59 25873.023760
126 59 0.000001
127 59 4001.050127
128 59 1300.020247
130 59 1708.246764
131 59 -5257.441914
132 59 -424.610385
7 60 -424.610388
8 60 -82231.271230
9 60 0.000001
10 60 -167831.461300
11 60 424.610368
12 60 -82231.299600
49 60 51498.457590
50 60 -16732.857940
54 60 166240.663500
55 60 -0.001439
56 60 -33465.714850
58 60 -0.000000
59 60 -0.000000
60 60 342775.405400
61 60 -51498.454710
62 60 -16732.865540
64 60 0.000000
65 60 -0.000000
66 60 166240.719600
115 60 -25338.791610
116 60 8233.069888
118 60 137.964235
119 60 424.610388
120 60 -82231.271230
121 60 0.000430
122 60 16466.139360
124 60 21.191298
125 60 -0.000001
126 60 -167831.461300
127 60 25338.790470
128 60 8233.073716
130 60 137.964299
131 60 -424.610368
132 60 -82231.299600
9 61 4001.050127
10 61 25338.790470
11 61 -31039.304770
12 61 0.000137
13 61 4001.046455
14 61 -25338.790330
55 61 -126168.060900
56 61 -307147.584900
57 61 0.000000
60 61 -51498.454710
61 61 570083.385000
62 61 0.146639
66 61 -0.000765
67 61 -126168.174100
68 61 307147.811100
69 61 0.000000
72 61 51498.453940
121 61 113896.324500
122 61 310387.805400
123 61 165557.153500
124 61 -1300.019685
125 61 -4001.050127
126 61 25338.790470
127 61 -182911.793500
128 61 -0.108033
129 61 -25429.570620
130 61 0.000352
131 61 31039.304770
132 61 0.000137
133 61 113896.394200
134 61 -310387.877400
135 61 165557.167000
136 61 1300.019163
137 61 -4001.046455
138 61 -25338.790330
9 62 1300.020247
10 62 8233.073716
11 62 0.000352
12 62 16466.148130
13 62 -1300.019171
14 62 8233.074413
55 62 307147.445600
56 62 971672.655500
57 62 -0.000000
60 62 -16732.865540
61 62 0.146639
62 62 4521529.538000
66 62 -33465.732340
67 62 -307147.809300
68 62 971673.264000
69 62 0.000000
72 62 -16732.866800
121 62 -310387.668000
122 62 -968320.483900
123 62 -509532.426000
124 62 -422.402084
125 62 -1300.020247
126 62 8233.073716
127 62 -0.108033
128 62 -1295743.303000
129 62 0.000337
130 62 -3276.908174
131 62 -0.000352
132 62 16466.148130
133 62 310387.875500
134 62 -968320.618100
135 62 509532.421600
136 62 -422.401952
137 62 1300.019171
138 62 8233.074413
55 63 0.000000
56 63 0.000000
57 63 3209218.945000
63 63 13957010.310000
69 63 3209220.000000
121 63 -165557.088800
122 63 -509532.447000
123 63 -1791298.236000
127 63 25429.570620
128 63 -0.000337
129 63 -6605127.682000
133 63 -165557.166100
134 63 509532.421900
135 63 -1791298.709000
9 64 1708.246764
10 64 137.964299
11 64 0.000048
12 64 21.191309
13 64 -1708.245826
14 64 137.964310
58 64 609.234542
59 64 1875.031564
60 64 0.000000
64 64 7704.079431
65 64 0.001292
66 64 0.000000
70 64 609.234060
71 64 -1875.029112
72 64 -0.000000
121 64 -1300.020247
122 64 422.402084
124 64 555.042889
125 64 1708.246764
126 64 -137.964299
127 64 -0.000352
128 64 3276.908174
130 64 2731.488626
131 64 0.000048
132 64 -21.191309
133 64 1300.019171
134 64 422.401952
136 64 555.042871
137 64 -1708.245826
138 64 -137.964310
9 65 -5257.441914
10 65 -424.610368
11 65 25873.019150
12 65 -0.000000
13 65 -5257.438554
14 65 424.610364
58 65 -1875.030754
59 65 -5770.752645
60 65 -0.000000
64 65 0.001292
65 65 72974.052600
66 65 -0.000000
70 65 1875.029102
71 65 -5770.744580
72 65 -0.000000
121 65 4001.050127
122 65 -1300.019685
124 65 -1708.246027
125 65 -5257.441914
126 65 424.610368
127 65 -31039.304770
128 65 0.000352
130 65 0.000048
131 65 25873.019150
132 65 0.000000
133 65 4001.046455
134 65 1300.019163
136 65 1708.245817
137 65 -5257.438554
138 65 -424.610364
9 66 -424.610385
10 66 -82231.299600
11 66 0.000000
12 66 -167831.515500
13 66 424.610364
14 66 -82231.323990
55 66 51498.456830
56 66 -16732.859000
58 66 -0.000000
59 66 -0.000000
60 66 166240.719600
61 66 -0.000765
62 66 -33465.732340
64 66 0.000000
65 66 -0.000000
66 66 342775.511600
67 66 -51498.453970
68 66 -16732.866710
70 66 -0.000000
71 66 0.000000
72 66 166240.767900
121 66 -25338.791510
122 66 8233.070499
124 66 137.964245
125 66 424.610385
126 66 -82231.299600
127 66 0.000137
128 66 16466.148130
130 66 21.191309
131 66 -0.000000
132 66 -167831.515500
133 66 25338.790350
134 66 8233.074369
136 66 137.964309
137 66 -424.610364
138 66 -82231.323990
11 67 4001.046455
12 67 25338.790350
13 67 -31039.306070
14 67 -0.001116
15 67 4001.051779
16 67 -25338.791460
61 67 -126168.174100
62 67 -307147.809300
66 67 -51498.453970
67 67 570083.192200
68 67 -0.431669
72 67 0.002969
73 67 -126168.004300
74 67 307147.363300
75 67 -0.000000
78 67 51498.456940
127 67 113896.394200
128 67 310387.875500
129 67 165557.166100
130 67 -1300.019171
131 67 -4001.046455
132 67 25338.790350
133 67 -182911.730100
134 67 0.217828
135 67 -25429.565670
136 67 -0.002055
137 67 31039.306070
138 67 -0.001116
139 67 113896.287100
140 67 -310387.653500
141 67 165557.089900
142 67 1300.020331
143 67 -4001.051779
144 67 -25338.791460
11 68 1300.019163
12 68 8233.074369
13 68 -0.002055
14 68 16466.144910
15 68 -1300.020231
16 68 8233.070540
61 68 307147.811100
62 68 971673.264000
66 68 -16732.866710
67 68 -0.431669
68 68 4521529.594000
72 68 -33465.725860
73 68 -307147.388200
74 68 971672.392900
75 68 -0.000000
78 68 -16732.859160
127 68 -310387.877400
128 68 -968320.618100
129 68 -509532.421900
130 68 -422.401952
131 68 -1300.019163
132 68 8233.074369
133 68 0.217828
134 68 -1295743.229000
135 68 -0.001902
136 68 -3276.906900
137 68 0.002055
138 68 16466.144910
139 68 310387.678100
140 68 -968320.431200
141 68 509532.446700
142 68 -422.402114
143 68 1300.020231
144 68 8233.070540
61 69 0.000000
62 69 0.000000
63 69 3209220.000000
69 69 13957009.450000
75 69 3209218.478000
127 69 -165557.167000
128 69 -509532.421600
129 69 -1791298.709000
133 69 25429.565670
134 69 0.001902
135 69 -6605127.227000
139 69 -165557.101500
140 69 509532.442900
141 69 -1791298.027000
11 70 1708.245817
12 70 137.964309
13 70 -0.001359
14 70 21.191305
15 70 -1708.246534
16 70 137.964246
64 70 609.234060
65 70 1875.029102
66 70 -0.000000
70 70 7704.076369
71 70 -0.005500
72 70 0.000000
76 70 609.234716
77 70 -1875.031940
78 70 0.000000
127 70 -1300.019163
128 70 422.401952
130 70 555.042871
131 70 1708.245817
132 70 -137.964309
133 70 0.002055
134 70 3276.906900
136 70 2731.487599
137 70 -0.001359
138 70 -21.191305
139 70 1300.020231
140 70 422.402114
142 70 555.042861
143 70 -1708.246534
144 70 -137.964246
11 71 -5257.438554
12 71 -424.610364
13 71 25873.020570
14 71 0.000002
15 71 -5257.443437
16 71 424.610385
64 71 -1875.029112
65 71 -5770.744580
66 71 0.000000
70 71 -0.005500
71 71 72974.055020
72 71 0.000000
76 71 1875.032084
77 71 -5770.756253
78 71 0.000000
127 71 4001.046455
128 71 -1300.019171
130 71 -1708.245826
131 71 -5257.438554
132 71 424.610364
133 71 -31039.306070
134 71 -0.002055
136 71 -0.001359
137 71 25873.020570
138 71 -0.000002
139 71 4001.051779
140 71 1300.020331
142 71 1708.246665
143 71 -5257.443437
144 71 -424.610385
11 72 -424.610364
12 72 -82231.323990
13 72 -0.000002
14 72 -167831.504400
15 72 424.610382
16 72 -82231.288800
61 72 51498.453940
62 72 -16732.866800
64 72 -0.000000
65 72 -0.000000
66 72 166240.767900
67 72 0.002969
68 72 -33465.725860
70 72 0.000000
71 72 0.000000
72 72 342775.489900
73 72 -51498.456560
74 72 -16732.860320
76 72 0.000000
77 72 -0.000000
78 72 166240.698200
127 72 -25338.790330
128 72 8233.074413
130 72 137.964310
131 72 424.610364
132 72 -82231.323990
133 72 -0.001116
134 72 16466.144910
136 72 21.191305
137 72 0.000002
138 72 -167831.504400
139 72 25338.791280
140 72 8233.071115
142 72 137.964255
143 72 -424.610382
144 72 -82231.288800
13 73 4001.051779
14 73 25338.791280
15 73 -31039.305590
16 73 0.001217
17 73 4001.048960
18 73 -25338.790060
67 73 -126168.004300
68 73 -307147.388200
72 73 -51498.456560
73 73 570083.248000
74 73 0.378245
75 73 -0.000000
78 73 -0.002842
79 73 -126168.098100
80 73 307147.704900
84 73 51498.453720
109 73 113896.347900
110 73 -310387.876000
111 73 165557.180500
112 73 1300.019341
113 73 -4001.048960
114 73 -25338.790060
133 73 113896.287100
134 73 310387.678100
135 73 165557.101500
136 73 -1300.020231
137 73 -4001.051779
138 73 25338.791280
139 73 -182911.731700
140 73 -0.157149
141 73 -25429.567660
142 73 0.002143
143 73 31039.305590
144 73 0.001217
13 74 1300.020331
14 74 8233.071115
15 74 0.002143
16 74 16466.146180
17 74 -1300.020102
18 74 8233.075068
67 74 307147.363300
68 74 971672.392900
72 74 -16732.860320
73 74 0.378245
74 74 4521529.326000
75 74 0.000000
78 74 -33465.728560
79 74 -307147.515900
80 74 971672.846500
84 74 -16732.868240
109 74 310387.689700
110 74 -968320.524900
111 74 509532.417200
112 74 -422.402048
113 74 1300.020102
114 74 8233.075068
133 74 -310387.653500
134 74 -968320.431200
135 74 -509532.442900
136 74 -422.402114
137 74 -1300.020331
138 74 8233.071115
139 74 -0.157149
140 74 -1295743.014000
141 74 0.001974
142 74 -3276.907417
143 74 -0.002143
144 74 16466.146180
67 75 -0.000000
68 75 -0.000000
69 75 3209218.478000
73 75 -0.000000
74 75 0.000000
75 75 13957008.120000
81 75 3209219.279000
109 75 -165557.092800
110 75 509532.445700
111 75 -1791298.386000
133 75 -165557.089900
134 75 -509532.446700
135 75 -1791298.027000
139 75 25429.567660
140 75 -0.001974
141 75 -6605126.524000
13 76 1708.246665
14 76 137.964255
15 76 0.001600
16 76 21.191307
17 76 -1708.246725
18 76 137.964321
70 76 609.234716
71 76 1875.032084
72 76 0.000000
76 76 7704.077482
77 76 0.005390
78 76 0.000000
82 76 609.234398
83 76 -1875.031071
84 76 -0.000000
109 76 1300.020102
110 76 422.402048
112 76 555.042891
113 76 -1708.246725
114 76 -137.964321
133 76 -1300.020331
134 76 422.402114
136 76 555.042861
137 76 1708.246665
138 76 -137.964255
139 76 -0.002143
140 76 3276.907417
142 76 2731.488085
143 76 0.001600
144 76 -21.191307
13 77 -5257.443437
14 77 -424.610382
15 77 25873.020680
16 77 -0.000002
17 77 -5257.440844
18 77 424.610360
70 77 -1875.031940
71 77 -5770.756253
72 77 -0.000000
76 77 0.005390
77 77 72974.052910
78 77 -0.000000
82 77 1875.029973
83 77 -5770.750087
84 77 -0.000000
109 77 4001.048960
110 77 1300.019341
112 77 1708.245724
113 77 -5257.440844
114 77 -424.610360
133 77 4001.051779
134 77 -1300.020231
136 77 -1708.246534
137 77 -5257.443437
138 77 424.610382
139 77 -31039.305590
140 77 0.002143
142 77 0.001600
143 77 25873.020680
144 77 0.000002
13 78 -424.610385
14 78 -82231.288800
15 78 0.000002
16 78 -167831.487300
17 78 424.610384
18 78 -82231.307310
67 78 51498.456940
68 78 -16732.859160
70 78 0.000000
71 78 0.000000
72 78 166240.698200
73 78 -0.002842
74 78 -33465.728560
76 78 0.000000
77 78 -0.000000
78 78 342775.456300
79 78 -51498.456600
80 78 -16732.859370
82 78 0.000000
83 78 -0.000000
84 78 166240.734900
109 78 25338.791480
110 78 8233.070706
112 78 137.964248
113 78 -424.610384
114 78 -82231.307310
133 78 -25338.791460
134 78 8233.070540
136 78 137.964246
137 78 424.610385
138 78 -82231.288800
139 78 0.001217
140 78 16466.146180
142 78 21.191307
143 78 -0.000002
144 78 -167831.487300
15 79 4001.048960
16 79 25338.791480
17 79 -31039.307000
18 79 0.000417
