2003 2003 83883
1 1 277281165.183000
2 1 3101923.800920
3 1 -51131286.883900
4 1 -1312271.279880
5 1 -61260263.866900
6 1 1023498082.500000
7 1 -47543152.194400
8 1 -1322042.419970
9 1 3741313.674440
10 1 1240267.528240
11 1 84564.540744
12 1 -37798021.876100
37 1 -203602411.838000
41 1 60932462.177400
42 1 1061296104.380000
157 1 -15930371.585400
158 1 -1115853.262230
159 1 51131286.883900
160 1 1240267.528240
161 1 84564.540744
162 1 264.817735
163 1 -11650935.864000
164 1 -664028.118722
165 1 -3741313.674440
166 1 -1312271.279880
167 1 -61260263.866900
168 1 26864.520116
169 1 1445706.299010
173 1 60932462.177400
174 1 26599.702381
1 2 3101923.800920
2 2 127878987.610000
3 2 44013741.032000
4 2 19246452.973600
5 2 1312271.279880
6 2 554365443.862000
7 2 -1322042.419970
8 2 -28243530.756400
9 2 255092.119607
10 2 -18190408.510100
11 2 -1240267.528240
12 2 554365443.862000
38 2 -93082589.285700
39 2 -3750000.000000
157 2 -1115853.262230
158 2 359230.938651
159 2 3486258.967960
160 2 -18190408.510100
161 2 -1240267.528240
162 2 -3883.954614
163 2 -664028.118722
164 2 7291026.492920
165 2 3494907.880390
166 2 19246452.973600
167 2 1312271.279880
168 2 -3883.954614
170 2 -14203125.000000
171 2 -47500000.000000
1 3 -51131286.883900
2 3 44013741.032000
3 3 2606613608.480000
4 3 -60880441.147400
5 3 -64909343.330100
7 3 -3741313.674440
8 3 -255092.119607
9 3 889752960.235000
10 3 4425681.301600
11 3 -64909343.330100
38 3 3750000.000000
39 3 -3897594.752170
40 3 -65306122.449000
157 3 51131286.883900
158 3 3486258.967960
159 3 -1008230888.570000
163 3 3741313.674440
164 3 -3494907.880390
165 3 -2065696418.720000
170 3 -47500000.000000
171 3 -418541666.667000
1 4 -1312271.279880
2 4 19246452.973600
3 4 -60880441.147400
4 4 1343678049.380000
5 4 -58120631.448500
6 4 266308.785854
7 4 1240267.528240
8 4 -18190408.510100
9 4 -4425681.301600
10 4 -815326541.667000
11 4 -114874410.524000
12 4 19486.008721
39 4 65306122.449000
40 4 228571428.571000
157 4 -1240267.528240
158 4 18190408.510100
160 4 -768825799.607000
161 4 -52420465.081700
162 4 -266308.785854
163 4 1312271.279880
164 4 -19246452.973600
166 4 798395044.586000
167 4 54436570.127500
168 4 -19486.008721
1 5 -61260263.866900
2 5 1312271.279880
3 5 -64909343.330100
4 5 -58120631.448500
5 5 4346251312.170000
6 5 -229238.234542
7 5 84564.540744
8 5 -1240267.528240
9 5 64909343.330100
10 5 -114874410.524000
11 5 861648873.443000
12 5 1328.604790
37 5 60932462.177400
41 5 -2597905172.080000
42 5 -19531.250000
157 5 -84564.540744
158 5 1240267.528240
160 5 -52420465.081700
161 5 -3574158.360430
162 5 -18157.598792
163 5 61260263.866900
164 5 -1312271.279880
166 5 54436570.127500
167 5 2570304503.380000
168 5 18202.645210
169 5 -60932462.177400
173 5 -2559919704.850000
174 5 247395.833333
1 6 1023498082.500000
2 6 554365443.862000
4 6 266308.785854
5 6 -229238.234542
6 6 22281022277.099998
7 6 37798021.876100
8 6 -554365443.862000
10 6 -19486.008721
11 6 -1328.604790
12 6 7425919663.240000
37 6 -1061296104.380000
41 6 19531.250000
42 6 3714541546.530000
157 6 -264.817735
158 6 3883.954614
160 6 -266308.785854
161 6 -18157.598792
162 6 -70256.865273
163 6 26864.520116
164 6 -3883.954614
166 6 19486.008721
167 6 -18202.645210
168 6 -64535.753456
169 6 -26599.702381
173 6 247395.833333
174 6 87917.751736
1 7 -47543152.194400
2 7 -1322042.419970
3 7 -3741313.674440
4 7 1240267.528240
5 7 84564.540744
6 7 37798021.876100
7 7 151303864.252000
8 7 5973284.888390
9 7 -4.923779
10 7 -2723421.683150
11 7 -185687.696604
12 7 -6376921.482820
13 7 -53460600.875800
14 7 -1225004.913930
15 7 3741314.034710
16 7 1344548.312660
17 7 91672.757523
18 7 -44174943.359000
151 7 -15182835.018000
152 7 -1067356.899320
153 7 51131291.807700
154 7 1344548.312660
155 7 91672.757523
156 7 239.039330
157 7 -19186904.578700
158 7 -1243027.392950
159 7 -0.360277
160 7 -2723421.683150
161 7 -185687.696604
162 7 -25.778405
163 7 -15930371.585400
164 7 -1115853.262230
165 7 -51131286.883900
166 7 1240267.528240
167 7 84564.540744
168 7 -264.817735
1 8 -1322042.419970
2 8 -28243530.756400
3 8 -255092.119607
4 8 -18190408.510100
5 8 -1240267.528240
6 8 -554365443.862000
7 8 5973284.888390
8 8 64102954.972500
9 8 72.215441
10 8 39943549.307500
11 8 2723421.683150
12 8 93540729.793500
13 8 -1225004.913930
14 8 -35577190.060400
15 8 255086.835550
16 8 -19720255.110900
17 8 -1344548.312660
18 8 647906173.656000
151 8 -1067356.899320
152 8 399128.531709
153 8 3486186.752520
154 8 -19720255.110900
155 8 -1344548.312660
156 8 -3505.948080
157 8 -1243027.392950
158 8 -1040593.626010
159 8 5.284057
160 8 39943549.307500
161 8 2723421.683150
162 8 378.006534
163 8 -1115853.262230
164 8 359230.938651
165 8 -3486258.967960
166 8 -18190408.510100
167 8 -1240267.528240
168 8 3883.954614
1 9 3741313.674440
2 9 255092.119607
3 9 889752960.235000
4 9 -4425681.301600
5 9 64909343.330100
7 9 -4.923779
8 9 72.215441
9 9 3787116429.260000
10 9 746666.957293
11 9 -10952584.596000
13 9 -3741314.034710
14 9 -255086.835550
15 9 812930006.362000
16 9 5172348.258890
17 9 -75861927.926100
151 9 51131291.807700
152 9 3486186.752520
153 9 -941606296.811000
157 9 0.360277
158 9 -5.284057
159 9 -3539962210.470000
163 9 -51131286.883900
164 9 -3486258.967960
165 9 -1008230888.570000
1 10 1240267.528240
2 10 -18190408.510100
3 10 4425681.301600
4 10 -815326541.667000
5 10 -114874410.524000
6 10 -19486.008721
7 10 -2723421.683150
8 10 39943549.307500
9 10 746666.957293
10 10 1838797922.660000
11 10 -121372016.760000
12 10 0.025645
13 10 1344548.312660
14 10 -19720255.110900
15 10 -5172348.258890
16 10 -884511338.987000
17 10 -124395783.193000
18 10 19486.010597
151 10 -1344548.312660
152 10 19720255.110900
154 10 -832701668.825000
155 10 -56774499.998500
156 10 -266308.811499
157 10 2723421.683150
158 10 -39943549.307500
160 10 1658448267.650000
161 10 113075928.663000
162 10 -0.001876
163 10 -1240267.528240
164 10 18190408.510100
166 10 -768825799.607000
167 10 -52420465.081700
168 10 266308.785854
1 11 84564.540744
2 11 -1240267.528240
3 11 -64909343.330100
4 11 -114874410.524000
5 11 861648873.443000
6 11 -1328.604790
7 11 -185687.696604
8 11 2723421.683150
9 11 -10952584.596000
10 11 -121372016.760000
11 11 3610646982.240000
12 11 -0.376122
13 11 91672.757523
14 11 -1344548.312660
15 11 75861927.926100
16 11 -124395783.193000
17 11 931498433.092000
18 11 1328.577268
151 11 -91672.757523
152 11 1344548.312660
154 11 -56774499.998500
155 11 -3870946.787740
156 11 -18157.222669
157 11 185687.696604
158 11 -2723421.683150
160 11 113075928.663000
161 11 7709716.301600
162 11 0.027521
163 11 -84564.540744
164 11 1240267.528240
166 11 -52420465.081700
167 11 -3574158.360430
168 11 18157.598792
1 12 -37798021.876100
2 12 554365443.862000
4 12 19486.008721
5 12 1328.604790
6 12 7425919663.240000
7 12 -6376921.482820
8 12 93540729.793500
10 12 0.025645
11 12 -0.376122
12 12 30908010006.599998
13 12 44174943.359000
14 12 -647906173.656000
16 12 -19486.010597
17 12 -1328.577268
18 12 8028006381.100000
151 12 -239.039330
152 12 3505.948080
154 12 -266308.811499
155 12 -18157.222669
156 12 -60303.836469
157 12 -25.778405
158 12 378.006534
160 12 0.001876
161 12 -0.027521
162 12 -419039.273135
163 12 264.817735
164 12 -3883.954614
166 12 266308.785854
167 12 18157.598792
168 12 -70256.865273
7 13 -53460600.875800
8 13 -1225004.913930
9 13 -3741314.034710
10 13 1344548.312660
11 13 91672.757523
12 13 44174943.359000
13 13 155261494.809000
14 13 5743062.418890
15 13 28.137236
16 13 -2822466.339810
17 13 -192450.249465
18 13 -5180.357530
19 13 -53460538.203500
20 13 -1225150.278950
21 13 3741311.975890
22 13 1344705.962230
23 13 91694.409262
24 13 -44180123.716500
145 13 -15182822.734300
146 13 -1067482.973720
147 13 51131263.670500
148 13 1344705.962230
149 13 91694.409262
150 13 239.067822
151 13 -17974697.976900
152 13 -1158067.352980
153 13 2.058822
154 13 -2822466.339810
155 13 -192450.249465
156 13 0.028492
157 13 -15182835.018000
158 13 -1067356.899320
159 13 -51131291.807700
160 13 1344548.312660
161 13 91672.757523
162 13 -239.039330
7 14 -1225004.913930
8 14 -35577190.060400
9 14 -255086.835550
10 14 -19720255.110900
11 14 -1344548.312660
12 14 -647906173.656000
13 14 5743062.418890
14 14 71425601.705500
15 14 -412.659387
16 14 41394159.215900
17 14 2822466.339810
18 14 -1069.609034
19 14 -1225150.278950
20 14 -35577151.820300
21 14 255117.030140
22 14 -19720222.196800
23 14 -1344705.962230
24 14 647905104.047000
145 14 -1067482.973720
146 14 399111.012451
147 14 3486599.411910
148 14 -19720222.196800
149 14 -1344705.962230
150 14 -3505.949032
151 14 -1158067.352980
152 14 -1069499.368930
153 14 -30.194589
154 14 41394159.215900
155 14 2822466.339810
156 14 -0.000952
157 14 -1067356.899320
158 14 399128.531709
159 14 -3486186.752520
160 14 -19720255.110900
161 14 -1344548.312660
162 14 3505.948080
7 15 3741314.034710
8 15 255086.835550
9 15 812930006.362000
10 15 -5172348.258890
11 15 75861927.926100
13 15 28.137236
14 15 -412.659387
15 15 3650051757.770000
16 15 606.556768
17 15 125.238990
19 15 -3741311.975890
20 15 -255117.030140
21 15 812930531.292000
22 15 5172954.815660
23 15 -75861802.687100
145 15 51131263.670500
146 15 3486599.411910
147 15 -941606746.418000
151 15 -2.058823
152 15 30.194589
153 15 -3392699252.200000
157 15 -51131291.807700
158 15 -3486186.752520
159 15 -941606296.811000
7 16 1344548.312660
8 16 -19720255.110900
9 16 5172348.258890
10 16 -884511338.987000
11 16 -124395783.193000
12 16 -19486.010597
13 16 -2822466.339810
14 16 41394159.215900
15 16 606.556768
16 16 1904525997.960000
17 16 -126510185.321000
18 16 -0.146548
19 16 1344705.962230
20 16 -19720222.196800
21 16 -5172954.815660
22 16 -884508824.166000
23 16 -124410369.609000
24 16 19485.999874
145 16 -1344705.962230
146 16 19720222.196800
148 16 -832700284.099000
149 16 -56781157.210300
150 16 -266308.664950
151 16 2822466.339810
152 16 -41394159.215900
154 16 1720105046.350000
155 16 117285595.027000
156 16 0.010723
157 16 -1344548.312660
158 16 19720255.110900
160 16 -832701668.825000
161 16 -56774499.998500
162 16 266308.811499
7 17 91672.757523
8 17 -1344548.312660
9 17 -75861927.926100
10 17 -124395783.193000
11 17 931498433.092000
12 17 -1328.577268
13 17 -192450.249465
14 17 2822466.339810
15 17 125.238990
16 17 -126510185.321000
17 17 3751292339.650000
18 17 2.149268
19 17 91694.409262
20 17 -1344705.962230
21 17 75861802.687100
22 17 -124410369.609000
23 17 931495912.577000
24 17 1328.734532
145 17 -91694.409262
146 17 1344705.962230
148 17 -56781157.210300
149 17 -3871861.071400
150 17 -18159.371937
151 17 192450.249465
152 17 -2822466.339810
154 17 117285595.027000
155 17 7997134.174170
156 17 -0.157263
157 17 -91672.757523
158 17 1344548.312660
160 17 -56774499.998500
161 17 -3870946.787740
162 17 18157.222669
7 18 -44174943.359000
8 18 647906173.656000
10 18 19486.010597
11 18 1328.577268
12 18 8028006381.100000
13 18 -5180.357530
14 18 -1069.609034
16 18 -0.146548
17 18 2.149268
18 18 32112168454.299999
19 18 44180123.716500
20 18 -647905104.047000
22 18 -19485.999874
23 18 -1328.734532
24 18 8028001963.430000
145 18 -239.067822
146 18 3505.949032
148 18 -266308.664950
149 18 -18159.371937
150 18 -60303.905359
151 18 0.028492
152 18 -0.000952
154 18 -0.010723
155 18 0.157263
156 18 -392980.743201
157 18 239.039330
158 18 -3505.948080
160 18 266308.811499
161 18 18157.222669
162 18 -60303.836469
13 19 -53460538.203500
14 19 -1225150.278950
15 19 -3741311.975890
16 19 1344705.962230
17 19 91694.409262
18 19 44180123.716500
19 19 219316900.158000
20 19 -8272451.232150
21 19 -78.150842
22 19 -4241754.879250
23 19 -289178.077331
24 19 -142432386.411000
25 19 -129927711.112000
26 19 11944914.049600
27 19 3741317.694240
28 19 2798044.744000
29 19 190733.383383
30 19 -186612510.127000
139 19 -12246875.394200
140 19 -901720.943131
141 19 51131341.821300
142 19 2798044.744000
143 19 190733.383383
144 19 -336.652503
145 19 -8498952.713970
146 19 -478108.621669
147 19 -5.718355
148 19 -4241754.879250
149 19 -289178.077331
150 19 -575.720325
151 19 -15182822.734300
152 19 -1067482.973720
153 19 -51131263.670500
154 19 1344705.962230
155 19 91694.409262
156 19 -239.067822
13 20 -1225150.278950
14 20 -35577151.820300
15 20 -255117.030140
16 20 -19720222.196800
17 20 -1344705.962230
18 20 -647905104.047000
19 20 -8272451.232150
20 20 340123226.740000
21 20 1146.277754
22 20 62219394.560200
23 20 4241754.879250
24 20 2089686731.560000
25 20 11944914.049600
26 20 -304344479.090000
27 20 255033.156158
28 20 -41047111.158900
29 20 -2798044.744000
30 20 2737591835.610000
139 20 -901720.943131
140 20 919837.389689
141 20 3485453.134160
142 20 -41047111.158900
143 20 -2798044.744000
144 20 4938.667528
145 20 -478108.621669
146 20 -1520544.231550
147 20 83.873982
148 20 62219394.560200
149 20 4241754.879250
150 20 8444.616560
151 20 -1067482.973720
152 20 399111.012451
153 20 -3486599.411910
154 20 -19720222.196800
155 20 -1344705.962230
156 20 3505.949032
13 21 3741311.975890
14 21 255117.030140
15 21 812930531.292000
16 21 -5172954.815660
17 21 75861802.687100
19 21 -78.150842
20 21 1146.277754
21 21 2844230487.430000
22 21 16677256.702300
23 21 -244679197.577000
25 21 -3741317.694240
26 21 -255033.156158
27 21 264124264.243000
28 21 21850211.518000
29 21 -320541000.264000
139 21 51131341.821300
140 21 3485453.134160
141 21 -555812342.012000
145 21 5.718355
146 21 -83.873982
147 21 -2423866194.540000
151 21 -51131263.670500
152 21 -3486599.411910
153 21 -941606746.418000
13 22 1344705.962230
14 22 -19720222.196800
15 22 5172954.815660
16 22 -884508824.166000
17 22 -124410369.609000
18 22 -19485.999874
19 22 -4241754.879250
20 22 62219394.560200
21 22 16677256.702300
22 22 2852468224.590000
23 22 -197149075.397000
24 22 0.407036
25 22 2798044.744000
26 22 -41047111.158900
27 22 -21850211.518000
28 22 -1846782398.440000
29 22 -257599456.807000
30 22 19486.029657
139 22 -2798044.744000
140 22 41047111.158900
142 22 -1725975107.460000
143 22 -117653969.826000
144 22 -266309.071986
145 22 4241754.879250
146 22 -62219394.560200
148 22 2599333105.290000
149 22 177207243.880000
150 22 -0.029783
151 22 -1344705.962230
152 22 19720222.196800
154 22 -832700284.099000
155 22 -56781157.210300
156 22 266308.664950
13 23 91694.409262
14 23 -1344705.962230
15 23 -75861802.687100
16 23 -124410369.609000
17 23 931495912.577000
18 23 -1328.734532
19 23 -289178.077331
20 23 4241754.879250
21 23 -244679197.577000
22 23 -197149075.397000
23 23 5730883765.750000
24 23 -5.970197
25 23 190733.383383
26 23 -2798044.744000
27 23 320541000.264000
28 23 -257599456.807000
29 23 1914623041.790000
30 23 1328.297688
139 23 -190733.383383
140 23 2798044.744000
142 23 -117653969.826000
143 23 -8020078.943100
144 23 -18153.401740
145 23 289178.077331
146 23 -4241754.879250
148 23 177207243.880000
149 23 12080947.985700
150 23 0.436844
151 23 -91694.409262
152 23 1344705.962230
154 23 -56781157.210300
155 23 -3871861.071400
156 23 18159.371937
13 24 -44180123.716500
14 24 647905104.047000
16 24 19485.999874
17 24 1328.734532
18 24 8028001963.430000
19 24 -142432386.411000
20 24 2089686731.560000
22 24 0.407036
23 24 -5.970197
24 24 49059884192.900002
25 24 186612510.127000
26 24 -2737591835.610000
28 24 -19486.029657
29 24 -1328.297688
30 24 16501883733.799999
139 24 336.652503
140 24 -4938.667528
142 24 -266309.071986
143 24 -18153.401740
144 24 21566.178778
145 24 -575.720325
146 24 8444.616560
148 24 0.029783
149 24 -0.436844
150 24 -190273.931490
151 24 239.067822
152 24 -3505.949032
154 24 266308.664950
155 24 18159.371937
156 24 -60303.905359
19 25 -129927711.112000
20 25 11944914.049600
21 25 -3741317.694240
22 25 2798044.744000
23 25 190733.383383
24 25 186612510.127000
25 25 382669770.070000
26 25 -11144152.563600
27 25 51131341.821300
28 25 -2830438.942720
29 25 -50249232.333200
30 25 1985050731.850000
31 25 -240974128.483000
35 25 49659354.627100
36 25 1798438221.730000
133 25 1181045.149850
137 25 49659354.627100
138 25 9903.273810
139 25 -702100.230973
140 25 100959.457081
141 25 3741317.694240
142 25 -2830438.942720
143 25 -50249232.333200
144 25 10239.926313
145 25 -12246875.394200
146 25 -901720.943131
147 25 -51131341.821300
148 25 2798044.744000
149 25 190733.383383
150 25 336.652503
19 26 11944914.049600
20 26 -304344479.090000
21 26 -255033.156158
22 26 -41047111.158900
23 26 -2798044.744000
24 26 -2737591835.610000
25 26 -11144152.563600
26 26 420721145.968000
27 26 54735453.134200
28 26 41522331.678100
29 26 2830438.942720
30 26 -2737591835.610000
32 26 -106489285.714000
33 26 -3750000.000000
134 26 -12610714.285700
135 26 -51250000.000000
139 26 100959.457081
140 26 1803495.732730
141 26 4005033.156160
142 26 41522331.678100
143 26 2830438.942720
144 26 -4938.667528
145 26 -901720.943131
146 26 919837.389689
147 26 -3485453.134160
148 26 -41047111.158900
149 26 -2798044.744000
150 26 -4938.667528
19 27 3741317.694240
20 27 255033.156158
21 27 264124264.243000
22 27 -21850211.518000
23 27 320541000.264000
25 27 51131341.821300
26 27 54735453.134200
27 27 1915767002.330000
28 27 -256250211.518000
29 27 320541000.264000
32 27 3750000.000000
33 27 170401428.571000
34 27 -234400000.000000
134 27 -51250000.000000
135 27 -509654761.905000
139 27 -3741317.694240
140 27 -4005033.156160
141 27 -1284825591.220000
145 27 -51131341.821300
146 27 -3485453.134160
147 27 -555812342.012000
19 28 2798044.744000
20 28 -41047111.158900
21 28 21850211.518000
22 28 -1846782398.440000
23 28 -257599456.807000
24 28 -19486.029657
25 28 -2830438.942720
26 28 41522331.678100
27 28 -256250211.518000
28 28 4244204957.050000
29 28 -133890275.388000
30 28 -266309.071986
33 28 234400000.000000
34 28 1172000000.000000
139 28 2830438.942720
140 28 -41522331.678100
142 28 1739281282.000000
143 28 118561007.390000
144 28 19486.029657
145 28 -2798044.744000
146 28 41047111.158900
148 28 -1725975107.460000
149 28 -117653969.826000
150 28 266309.071986
19 29 190733.383383
20 29 -2798044.744000
21 29 -320541000.264000
22 29 -257599456.807000
23 29 1914623041.790000
24 29 -1328.297688
25 29 -50249232.333200
26 29 2830438.942720
27 29 320541000.264000
28 29 -133890275.388000
29 29 5983179098.600000
30 29 -285080.485074
31 29 49659354.627100
35 29 -2105712053.560000
36 29 -19531.250000
133 29 -49659354.627100
137 29 -2087277901.780000
138 29 266927.083333
139 29 50249232.333200
140 29 -2830438.942720
142 29 118561007.390000
143 29 2106474021.760000
144 29 20859.547688
145 29 -190733.383383
146 29 2798044.744000
148 29 -117653969.826000
149 29 -8020078.943100
150 29 18153.401740
19 30 -186612510.127000
20 30 2737591835.610000
22 30 19486.029657
23 30 1328.297688
24 30 16501883733.799999
25 30 1985050731.850000
26 30 -2737591835.610000
28 30 -266309.071986
29 30 -285080.485074
30 30 50988230933.500000
31 30 -1798438221.730000
35 30 19531.250000
36 30 8992197929.070000
133 30 -9903.273810
137 30 266927.083333
138 30 42695.932540
139 30 10239.926313
140 30 -4938.667528
142 30 -19486.029657
143 30 -20859.547688
144 30 60916.430673
145 30 -336.652503
146 30 4938.667528
148 30 266309.071986
149 30 18153.401740
150 30 21566.178778
25 31 -240974128.483000
29 31 49659354.627100
30 31 -1798438221.730000
31 31 481967158.686000
35 31 -100112581.490000
103 31 -240974128.483000
107 31 49659354.627100
108 31 1798438221.730000
127 31 1181045.149850
131 31 49659354.627100
132 31 9903.273810
133 31 -2380992.019620
137 31 -100112581.490000
139 31 1181045.149850
143 31 49659354.627100
144 31 -9903.273810
26 32 -106489285.714000
27 32 3750000.000000
32 32 232621428.571000
104 32 -106489285.714000
105 32 -3750000.000000
128 32 -12610714.285700
129 32 -51250000.000000
134 32 5578571.428570
135 32 -0.000000
140 32 -12610714.285700
141 32 51250000.000000
26 33 -3750000.000000
27 33 170401428.571000
28 33 234400000.000000
33 33 1793125714.290000
104 33 3750000.000000
105 33 170401428.571000
106 33 -234400000.000000
128 33 -51250000.000000
129 33 -509654761.905000
134 33 -0.000000
135 33 -1114619047.620000
140 33 51250000.000000
141 33 -509654761.905000
27 34 -234400000.000000
28 34 1172000000.000000
34 34 4688000000.000000
105 34 234400000.000000
106 34 1172000000.000000
25 35 49659354.627100
29 35 -2105712053.560000
30 35 19531.250000
31 35 -100112581.490000
35 35 4255880952.360000
36 35 0.000000
103 35 49659354.627100
107 35 -2105712053.560000
108 35 -19531.250000
127 35 -49659354.627100
131 35 -2087277901.780000
132 35 266927.083333
133 35 100112581.490000
137 35 4196784226.170000
138 35 -0.000000
139 35 -49659354.627100
143 35 -2087277901.780000
144 35 -266927.083333
25 36 1798438221.730000
29 36 -19531.250000
30 36 8992197929.070000
35 36 0.000000
36 36 35968853100.199997
103 36 -1798438221.730000
107 36 19531.250000
108 36 8992197929.070000
127 36 -9903.273810
131 36 266927.083333
132 36 42695.932540
137 36 0.000000
138 36 109399.801587
139 36 9903.273810
143 36 -266927.083333
144 36 42695.932540
1 37 -203602411.838000
5 37 60932462.177400
6 37 -1061296104.380000
37 37 407216172.617000
41 37 -122341579.861000
42 37 0.000191
43 37 -203602411.838000
47 37 60932462.177400
48 37 1061296104.380000
163 37 1445706.299010
167 37 60932462.177400
168 37 -26599.702381
169 37 -2902761.538640
173 37 -122341579.861000
174 37 0.000000
175 37 1445706.299010
179 37 60932462.177400
180 37 26599.702381
2 38 -93082589.285700
3 38 3750000.000000
38 38 198977678.571000
44 38 -93082589.285700
45 38 -3750000.000000
164 38 -14203125.000000
165 38 47500000.000000
170 38 15593750.000000
171 38 -0.000000
176 38 -14203125.000000
177 38 -47500000.000000
2 39 -3750000.000000
3 39 -3897594.752170
4 39 65306122.449000
39 39 1289045189.500000
40 39 -0.000011
44 39 3750000.000000
45 39 -3897594.752210
46 39 -65306122.449000
164 39 47500000.000000
165 39 -418541666.667000
170 39 -0.000000
171 39 -444166666.667000
176 39 -47500000.000000
177 39 -418541666.667000
3 40 -65306122.449000
4 40 228571428.571000
39 40 -0.000011
40 40 914285714.286000
45 40 65306122.449000
46 40 228571428.571000
1 41 60932462.177400
5 41 -2597905172.080000
6 41 19531.250000
37 41 -122341579.861000
41 41 5222503052.490000
42 41 -0.000000
43 41 60932462.177400
47 41 -2597905172.080000
48 41 -19531.250000
163 41 -60932462.177400
167 41 -2559919704.850000
168 41 -247395.833333
169 41 122341579.861000
173 41 5133185763.880000
174 41 0.000000
175 41 -60932462.177400
179 41 -2559919704.850000
180 41 247395.833333
1 42 1061296104.380000
5 42 -19531.250000
6 42 3714541546.530000
37 42 0.000191
41 42 -0.000000
42 42 14858201830.700001
43 42 -1061296104.380000
47 42 19531.250000
48 42 3714541546.530000
163 42 26599.702381
167 42 -247395.833333
168 42 87917.751736
169 42 0.000000
173 42 0.000000
174 42 316026.475694
175 42 -26599.702381
179 42 247395.833333
180 42 87917.751736
37 43 -203602411.838000
41 43 60932462.177400
42 43 -1061296104.380000
43 43 407216172.617000
47 43 -122341579.861000
48 43 -0.000099
49 43 -203602411.838000
53 43 60932462.177300
54 43 1061296104.380000
169 43 1445706.299010
173 43 60932462.177400
174 43 -26599.702381
175 43 -2902761.538630
179 43 -122341579.861000
180 43 -0.000000
181 43 1445706.299010
185 43 60932462.177300
186 43 26599.702381
38 44 -93082589.285700
39 44 3750000.000000
44 44 198977678.571000
45 44 -0.000000
50 44 -93082589.285700
51 44 -3750000.000000
170 44 -14203125.000000
171 44 47500000.000000
176 44 15593750.000000
177 44 -0.000000
182 44 -14203125.000000
183 44 -47500000.000000
38 45 -3750000.000000
39 45 -3897594.752210
40 45 65306122.449000
44 45 -0.000000
45 45 1289045189.500000
46 45 0.000005
50 45 3750000.000000
51 45 -3897594.752190
52 45 -65306122.449000
170 45 47500000.000000
171 45 -418541666.667000
176 45 0.000000
177 45 -444166666.667000
182 45 -47500000.000000
183 45 -418541666.667000
39 46 -65306122.449000
40 46 228571428.571000
45 46 0.000005
46 46 914285714.286000
51 46 65306122.449000
52 46 228571428.571000
37 47 60932462.177400
41 47 -2597905172.080000
42 47 19531.250000
43 47 -122341579.861000
47 47 5222503052.480000
48 47 -0.000000
49 47 60932462.177300
53 47 -2597905172.070000
54 47 -19531.250000
169 47 -60932462.177400
173 47 -2559919704.850000
174 47 -247395.833333
175 47 122341579.861000
179 47 5133185763.870000
180 47 0.000000
181 47 -60932462.177300
185 47 -2559919704.850000
186 47 247395.833333
37 48 1061296104.380000
41 48 -19531.250000
42 48 3714541546.530000
43 48 -0.000099
47 48 -0.000000
48 48 14858201830.700001
49 48 -1061296104.380000
53 48 19531.250000
54 48 3714541546.530000
169 48 26599.702381
173 48 -247395.833333
174 48 87917.751736
175 48 -0.000000
180 48 316026.475694
181 48 -26599.702381
185 48 247395.833333
186 48 87917.751736
43 49 -203602411.838000
47 49 60932462.177300
48 49 -1061296104.380000
49 49 407216172.617000
53 49 -122341579.861000
54 49 0.000053
55 49 -203602411.838000
59 49 60932462.177500
60 49 1061296104.380000
175 49 1445706.299010
179 49 60932462.177300
180 49 -26599.702381
181 49 -2902761.538640
185 49 -122341579.861000
186 49 0.000000
187 49 1445706.299010
191 49 60932462.177500
192 49 26599.702381
44 50 -93082589.285700
45 50 3750000.000000
50 50 198977678.571000
56 50 -93082589.285700
57 50 -3750000.000000
176 50 -14203125.000000
177 50 47500000.000000
182 50 15593750.000000
183 50 -0.000000
188 50 -14203125.000000
189 50 -47500000.000000
44 51 -3750000.000000
45 51 -3897594.752190
46 51 65306122.449000
51 51 1289045189.500000
52 51 -0.000003
56 51 3750000.000000
57 51 -3897594.752200
58 51 -65306122.449000
176 51 47500000.000000
177 51 -418541666.667000
182 51 -0.000000
183 51 -444166666.667000
188 51 -47500000.000000
189 51 -418541666.667000
45 52 -65306122.449000
46 52 228571428.571000
51 52 -0.000003
52 52 914285714.286000
57 52 65306122.449000
58 52 228571428.571000
43 53 60932462.177300
47 53 -2597905172.070000
48 53 19531.250000
49 53 -122341579.861000
53 53 5222503052.490000
54 53 0.000000
55 53 60932462.177500
59 53 -2597905172.080000
60 53 -19531.250000
175 53 -60932462.177300
179 53 -2559919704.850000
180 53 -247395.833333
181 53 122341579.861000
185 53 5133185763.880000
186 53 -0.000000
187 53 -60932462.177500
191 53 -2559919704.860000
192 53 247395.833333
43 54 1061296104.380000
47 54 -19531.250000
48 54 3714541546.530000
49 54 0.000053
53 54 0.000000
54 54 14858201830.700001
55 54 -1061296104.380000
59 54 19531.250000
60 54 3714541546.530000
175 54 26599.702381
179 54 -247395.833333
180 54 87917.751736
181 54 0.000000
185 54 0.000000
186 54 316026.475694
187 54 -26599.702381
191 54 247395.833333
192 54 87917.751736
49 55 -203602411.838000
53 55 60932462.177500
54 55 -1061296104.380000
55 55 277300786.596000
56 55 -3101923.800920
57 55 -51131286.883900
58 55 1312271.279880
59 55 -61260263.867000
60 55 -1022997736.480000
61 55 -47543152.194400
62 55 1322042.419970
63 55 3741313.674440
64 55 -1240267.528240
65 55 84564.540744
66 55 37798021.876100
79 55 -15930371.585400
80 55 1115853.262230
81 55 51131286.883900
82 55 -1240267.528240
83 55 84564.540744
84 55 -264.817735
181 55 1445706.299010
185 55 60932462.177500
186 55 -26599.702381
187 55 -11650935.864000
188 55 664028.118722
189 55 -3741313.674440
190 55 1312271.279880
191 55 -61260263.867000
192 55 -26864.520116
325 55 -19621.412579
330 55 500346.020761
50 56 -93082589.285700
51 56 3750000.000000
55 56 -3101923.800920
56 56 129743693.493000
57 56 -44013741.032000
58 56 19246452.973600
59 56 -1312271.279880
60 56 554365443.862000
61 56 1322042.419970
62 56 -28243530.756400
63 56 -255092.119607
64 56 -18190408.510100
65 56 1240267.528240
66 56 554365443.862000
79 56 1115853.262230
80 56 359230.938651
81 56 -3486258.967960
82 56 -18190408.510100
83 56 1240267.528240
84 56 -3883.954614
182 56 -14203125.000000
183 56 47500000.000000
187 56 664028.118722
188 56 7291026.492920
189 56 -3494907.880390
190 56 19246452.973600
191 56 -1312271.279880
192 56 -3883.954614
326 56 -1864705.882350
50 57 -3750000.000000
51 57 -3897594.752200
52 57 65306122.449000
55 57 -51131286.883900
56 57 -44013741.032000
57 57 2606633229.890000
58 57 60380095.126600
59 57 -64909343.330100
61 57 -3741313.674440
62 57 255092.119607
63 57 889752960.235000
64 57 -4425681.301600
65 57 -64909343.330100
79 57 51131286.883900
80 57 -3486258.967960
81 57 -1008230888.570000
182 57 47500000.000000
183 57 -418541666.667000
187 57 3741313.674440
188 57 3494907.880390
189 57 -2065696418.720000
327 57 -19621.412579
328 57 -500346.020761
51 58 -65306122.449000
52 58 228571428.571000
55 58 1312271.279880
56 58 19246452.973600
57 58 60380095.126600
58 58 1360689814.090000
59 58 58120631.448500
60 58 266308.785854
61 58 -1240267.528240
62 58 -18190408.510100
63 58 4425681.301600
64 58 -815326541.667000
65 58 114874410.524000
66 58 19486.008721
79 58 1240267.528240
80 58 18190408.510100
82 58 -768825799.607000
83 58 52420465.081700
84 58 -266308.785854
187 58 -1312271.279880
188 58 -19246452.973600
190 58 798395044.586000
191 58 -54436570.127500
192 58 -19486.008721
327 58 500346.020761
328 58 8505882.352940
49 59 60932462.177500
53 59 -2597905172.080000
54 59 19531.250000
55 59 -61260263.867000
56 59 -1312271.279880
57 59 -64909343.330100
58 59 58120631.448500
59 59 4346251312.170000
60 59 229238.234542
61 59 84564.540744
62 59 1240267.528240
63 59 64909343.330100
64 59 114874410.524000
65 59 861648873.443000
66 59 -1328.604790
79 59 -84564.540744
80 59 -1240267.528240
82 59 52420465.081700
83 59 -3574158.360430
84 59 18157.598792
181 59 -60932462.177500
185 59 -2559919704.860000
186 59 -247395.833333
187 59 61260263.867000
188 59 1312271.279880
190 59 -54436570.127500
191 59 2570304503.380000
192 59 -18202.645210
49 60 1061296104.380000
53 60 -19531.250000
54 60 3714541546.530000
55 60 -1022997736.480000
56 60 554365443.862000
58 60 266308.785854
59 60 229238.234542
60 60 22298034041.799999
61 60 -37798021.876100
62 60 -554365443.862000
64 60 -19486.008721
65 60 1328.604790
66 60 7425919663.240000
79 60 264.817735
80 60 3883.954614
82 60 -266308.785854
83 60 18157.598792
84 60 -70256.865273
181 60 26599.702381
185 60 -247395.833333
186 60 87917.751736
187 60 -26864.520116
188 60 -3883.954614
190 60 19486.008721
191 60 18202.645210
192 60 -64535.753456
325 60 -500346.020761
330 60 8505882.352940
55 61 -47543152.194400
56 61 1322042.419970
57 61 -3741313.674440
58 61 -1240267.528240
59 61 84564.540744
60 61 -37798021.876100
61 61 151303864.252000
62 61 -5973284.888390
63 61 -4.923778
64 61 2723421.683150
65 61 -185687.696604
66 61 6376921.482820
67 61 -53460600.875800
68 61 1225004.913930
69 61 3741314.034710
70 61 -1344548.312660
71 61 91672.757523
72 61 44174943.359000
73 61 -15182835.018000
74 61 1067356.899320
75 61 51131291.807700
76 61 -1344548.312660
77 61 91672.757523
78 61 -239.039330
79 61 -19186904.578700
80 61 1243027.392950
81 61 -0.360276
82 61 2723421.683150
83 61 -185687.696604
84 61 25.778405
187 61 -15930371.585400
188 61 1115853.262230
189 61 -51131286.883900
190 61 -1240267.528240
191 61 84564.540744
192 61 264.817735
55 62 1322042.419970
56 62 -28243530.756400
57 62 255092.119607
58 62 -18190408.510100
59 62 1240267.528240
60 62 -554365443.862000
61 62 -5973284.888390
62 62 64102954.972500
63 62 -72.215441
64 62 39943549.307500
65 62 -2723421.683150
66 62 93540729.793500
67 62 1225004.913930
68 62 -35577190.060400
69 62 -255086.835551
70 62 -19720255.110900
71 62 1344548.312660
72 62 647906173.656000
73 62 1067356.899320
74 62 399128.531709
75 62 -3486186.752520
76 62 -19720255.110900
77 62 1344548.312660
78 62 -3505.948080
79 62 1243027.392950
80 62 -1040593.626010
81 62 -5.284057
82 62 39943549.307500
83 62 -2723421.683150
84 62 378.006534
187 62 1115853.262230
188 62 359230.938651
189 62 3486258.967960
190 62 -18190408.510100
191 62 1240267.528240
192 62 3883.954614
55 63 3741313.674440
56 63 -255092.119607
57 63 889752960.235000
58 63 4425681.301600
59 63 64909343.330100
61 63 -4.923778
62 63 -72.215441
63 63 3787116429.260000
64 63 -746666.957293
65 63 -10952584.596000
67 63 -3741314.034710
68 63 255086.835551
69 63 812930006.362000
70 63 -5172348.258900
71 63 -75861927.926100
73 63 51131291.807700
74 63 -3486186.752520
75 63 -941606296.811000
79 63 0.360277
80 63 5.284057
81 63 -3539962210.470000
187 63 -51131286.883900
188 63 3486258.967960
189 63 -1008230888.570000
55 64 -1240267.528240
56 64 -18190408.510100
57 64 -4425681.301600
58 64 -815326541.667000
59 64 114874410.524000
60 64 -19486.008721
61 64 2723421.683150
62 64 39943549.307500
63 64 -746666.957293
64 64 1838797922.660000
65 64 121372016.760000
66 64 0.025645
67 64 -1344548.312660
68 64 -19720255.110900
69 64 5172348.258900
70 64 -884511338.987000
71 64 124395783.193000
72 64 19486.010597
73 64 1344548.312660
74 64 19720255.110900
76 64 -832701668.825000
77 64 56774499.998500
78 64 -266308.811499
79 64 -2723421.683150
80 64 -39943549.307500
82 64 1658448267.650000
83 64 -113075928.663000
84 64 -0.001876
187 64 1240267.528240
188 64 18190408.510100
190 64 -768825799.607000
191 64 52420465.081700
192 64 266308.785854
55 65 84564.540744
56 65 1240267.528240
57 65 -64909343.330100
58 65 114874410.524000
59 65 861648873.443000
60 65 1328.604790
61 65 -185687.696604
62 65 -2723421.683150
63 65 -10952584.596000
64 65 121372016.760000
65 65 3610646982.240000
66 65 0.376122
67 65 91672.757523
68 65 1344548.312660
69 65 75861927.926100
70 65 124395783.193000
71 65 931498433.092000
72 65 -1328.577268
73 65 -91672.757523
74 65 -1344548.312660
76 65 56774499.998500
77 65 -3870946.787740
78 65 18157.222669
79 65 185687.696604
80 65 2723421.683150
82 65 -113075928.663000
83 65 7709716.301600
84 65 -0.027521
187 65 -84564.540744
188 65 -1240267.528240
190 65 52420465.081700
191 65 -3574158.360430
192 65 -18157.598792
55 66 37798021.876100
56 66 554365443.862000
58 66 19486.008721
59 66 -1328.604790
60 66 7425919663.240000
61 66 6376921.482820
62 66 93540729.793500
64 66 0.025645
65 66 0.376122
66 66 30908010006.599998
67 66 -44174943.359000
68 66 -647906173.656000
70 66 -19486.010597
71 66 1328.577268
72 66 8028006381.100000
73 66 239.039330
74 66 3505.948080
76 66 -266308.811499
77 66 18157.222669
78 66 -60303.836469
79 66 25.778405
80 66 378.006534
82 66 0.001876
83 66 0.027521
84 66 -419039.273135
187 66 -264.817735
188 66 -3883.954614
190 66 266308.785854
191 66 -18157.598792
192 66 -70256.865273
61 67 -53460600.875800
62 67 1225004.913930
63 67 -3741314.034710
64 67 -1344548.312660
65 67 91672.757523
66 67 -44174943.359000
67 67 155261570.756000
68 67 -5742722.174940
70 67 2822300.806560
71 67 -192427.520127
72 67 -0.000004
73 67 -17974698.968100
74 67 1157998.548450
75 67 0.000000
76 67 2822300.806560
77 67 -192427.520127
78 67 0.000000
79 67 -15182835.018000
80 67 1067356.899320
81 67 -51131291.807700
82 67 -1344548.312660
83 67 91672.757523
84 67 239.039330
85 67 -53460600.875800
86 67 1225004.913930
87 67 3741314.034710
88 67 -1344548.312660
89 67 91672.757523
90 67 44174943.359000
109 67 -15182835.018000
110 67 1067356.899320
111 67 51131291.807700
112 67 -1344548.312660
113 67 91672.757523
114 67 -239.039330
61 68 1225004.913930
62 68 -35577190.060400
63 68 255086.835551
64 68 -19720255.110900
65 68 1344548.312660
66 68 -647906173.656000
67 68 -5742722.174940
68 68 71425613.295200
69 68 -0.000000
70 68 41394192.667600
71 68 -2822300.806560
73 68 1157998.548450
74 68 -1069490.237860
75 68 -0.000000
76 68 41394192.667600
77 68 -2822300.806560
79 68 1067356.899320
80 68 399128.531709
81 68 3486186.752520
82 68 -19720255.110900
83 68 1344548.312660
84 68 3505.948080
85 68 1225004.913930
86 68 -35577190.060400
87 68 -255086.835550
88 68 -19720255.110900
89 68 1344548.312660
90 68 647906173.656000
109 68 1067356.899320
110 68 399128.531709
111 68 -3486186.752520
112 68 -19720255.110900
113 68 1344548.312660
114 68 -3505.948080
61 69 3741314.034710
62 69 -255086.835551
63 69 812930006.362000
64 69 5172348.258900
65 69 75861927.926100
68 69 -0.000000
69 69 3650050831.050000
70 69 0.000000
73 69 0.000000
74 69 0.000000
75 69 -3392698250.160000
79 69 -51131291.807700
80 69 3486186.752520
81 69 -941606296.811000
85 69 -3741314.034710
86 69 255086.835550
87 69 812930006.362000
88 69 -5172348.258890
89 69 -75861927.926100
109 69 51131291.807700
110 69 -3486186.752520
111 69 -941606296.811000
61 70 -1344548.312660
62 70 -19720255.110900
63 70 -5172348.258900
64 70 -884511338.987000
65 70 124395783.193000
66 70 -19486.010597
67 70 2822300.806560
68 70 41394192.667600
69 70 0.000000
70 70 1904525460.840000
71 70 126502770.623000
72 70 0.000000
73 70 -2822300.806560
74 70 -41394192.667600
76 70 1720106446.130000
77 70 -117278717.072000
78 70 -0.000000
79 70 1344548.312660
80 70 19720255.110900
82 70 -832701668.825000
83 70 56774499.998500
84 70 266308.811499
85 70 -1344548.312660
86 70 -19720255.110900
87 70 5172348.258890
88 70 -884511338.987000
89 70 124395783.193000
90 70 19486.010597
109 70 1344548.312660
110 70 19720255.110900
112 70 -832701668.825000
113 70 56774499.998500
114 70 -266308.811499
61 71 91672.757523
62 71 1344548.312660
63 71 -75861927.926100
64 71 124395783.193000
65 71 931498433.092000
66 71 1328.577268
67 71 -192427.520127
68 71 -2822300.806560
70 71 126502770.623000
71 71 3751294392.630000
72 71 0.000000
73 71 192427.520127
74 71 2822300.806560
76 71 -117278717.072000
77 71 7996189.717750
78 71 0.000000
79 71 -91672.757523
80 71 -1344548.312660
82 71 56774499.998500
83 71 -3870946.787740
84 71 -18157.222669
85 71 91672.757523
86 71 1344548.312660
87 71 75861927.926100
88 71 124395783.193000
89 71 931498433.092000
90 71 -1328.577268
109 71 -91672.757523
110 71 -1344548.312660
112 71 56774499.998500
113 71 -3870946.787740
114 71 18157.222669
61 72 44174943.359000
62 72 647906173.656000
64 72 19486.010597
65 72 -1328.577268
66 72 8028006381.100000
67 72 -0.000004
70 72 0.000000
71 72 0.000000
72 72 32112177289.599998
73 72 0.000000
76 72 -0.000000
77 72 0.000000
78 72 -392980.563664
79 72 -239.039330
80 72 -3505.948080
82 72 266308.811499
83 72 -18157.222669
84 72 -60303.836469
85 72 -44174943.359000
86 72 -647906173.656000
88 72 -19486.010597
89 72 1328.577268
90 72 8028006381.100000
109 72 239.039330
110 72 3505.948080
112 72 -266308.811499
113 72 18157.222669
114 72 -60303.836469
61 73 -15182835.018000
62 73 1067356.899320
63 73 51131291.807700
64 73 1344548.312660
65 73 -91672.757523
66 73 239.039330
67 73 -17974698.968100
68 73 1157998.548450
69 73 0.000000
70 73 -2822300.806560
71 73 192427.520127
72 73 0.000000
73 73 191836155.982000
74 73 -8168823.180170
76 73 -0.000000
77 73 0.000000
78 73 -0.000004
79 73 -47577708.986800
80 73 791699.243002
81 73 0.000000
84 73 -44175717.938900
85 73 -15182835.018000
86 73 1067356.899320
87 73 -51131291.807700
88 73 1344548.312660
89 73 -91672.757523
90 73 -239.039330
109 73 -47577708.986800
110 73 791699.243002
111 73 -0.000000
112 73 -0.000000
113 73 0.000000
114 73 44175717.938900
928 73 -15182835.018000
929 73 1067356.899320
930 73 -51131291.807700
931 73 -1344548.312660
932 73 91672.757523
933 73 239.039330
1000 73 -15182835.018000
1001 73 1067356.899320
1002 73 51131291.807700
1003 73 -1344548.312660
1004 73 91672.757523
1005 73 -239.039330
1026 73 -17974698.968100
1027 73 1157998.548450
1028 73 0.000000
1029 73 2822300.806560
1030 73 -192427.520127
1031 73 0.000000
61 74 1067356.899320
62 74 399128.531709
63 74 -3486186.752520
64 74 19720255.110900
65 74 -1344548.312660
66 74 3505.948080
67 74 1157998.548450
68 74 -1069490.237860
69 74 0.000000
70 74 -41394192.667600
71 74 2822300.806560
73 74 -8168823.180170
74 74 72582413.284100
75 74 -0.000000
76 74 -0.000000
77 74 0.000000
79 74 791699.243002
80 74 -36019973.467600
81 74 -0.000000
84 74 -647917534.284000
85 74 1067356.899320
86 74 399128.531709
87 74 3486186.752520
88 74 19720255.110900
89 74 -1344548.312660
90 74 -3505.948080
109 74 791699.243002
110 74 -36019973.467600
111 74 0.000000
112 74 -0.000000
113 74 0.000000
114 74 647917534.284000
928 74 1067356.899320
929 74 399128.531709
930 74 3486186.752520
931 74 -19720255.110900
932 74 1344548.312660
933 74 3505.948080
1000 74 1067356.899320
1001 74 399128.531709
1002 74 -3486186.752520
1003 74 -19720255.110900
1004 74 1344548.312660
1005 74 -3505.948080
