1806 1806 63454
1 1 1931606.408315
3 1 -102165.654078
4 1 -35568.909942
5 1 -106958.799188
6 1 -165835.223452
7 1 -717.845253
11 1 -106958.799188
12 1 -5254.627255
13 1 -1828653.989475
14 1 -88998.505441
18 1 -124987.691969
19 1 -102234.573587
20 1 -166734.933283
21 1 102165.654078
22 1 -35568.909942
23 1 -0.000000
24 1 -35592.904227
2 2 1.000000
1 3 -102165.654078
3 3 1931468.615757
4 3 165787.251057
5 3 -106958.799188
6 3 35568.909942
8 3 88998.505441
9 3 -1828653.989475
10 3 124987.691969
15 3 -717.845253
16 3 5254.627255
17 3 -106958.799188
19 3 102165.654078
20 3 166622.532073
21 3 -102096.781029
22 3 35544.931833
23 3 -0.000000
24 3 35568.909942
1 4 -35568.909942
3 4 165787.251057
4 4 527926122.810900
5 4 816517.952960
6 4 12131131.189280
8 4 -2544144.959818
9 4 -124987.691969
10 4 246582267.097000
15 4 -5254.627255
16 4 -53433.972325
17 4 -525150.913362
19 4 35568.909942
20 4 -43494.371809
21 4 -35544.931833
22 4 5492559.269698
23 4 -1857243.859749
24 4 7768871.306122
1 5 -106958.799188
3 5 -106958.799188
4 5 816517.952960
5 5 45562353.360300
6 5 -815265.927039
7 5 106958.799188
11 5 10610299.564520
12 5 525150.913362
15 5 106958.799188
16 5 -525150.913362
17 5 10610299.564520
19 5 -0.000000
21 5 0.000000
22 5 -1857243.859749
23 5 -3035593.740356
24 5 1855991.833834
1 6 -165835.223452
3 6 35568.909942
4 6 12131131.189280
5 6 -815265.927039
6 6 527942484.274300
7 6 5254.627255
11 6 525150.913362
12 6 -53433.972325
13 6 124987.691969
14 6 -2544144.959818
18 6 246582267.097000
19 6 35592.904227
20 6 -43523.712499
21 6 -35568.909942
22 6 7768871.306122
23 6 1855991.833834
24 6 5503037.278758
1 7 -717.845253
5 7 106958.799188
6 7 5254.627255
7 7 290220.302081
8 7 456524.406872
9 7 22241.898533
10 7 -7285.461796
11 7 9458.201586
12 7 -32521.356251
19 7 -144672.753369
20 7 -225242.218551
21 7 -75273.582026
22 7 -19710.940061
23 7 32177.687869
24 7 -58319.788203
25 7 -717.802656
29 7 -106952.452149
30 7 -5297.383600
31 7 -144111.900803
32 7 -231282.188321
33 7 53031.683494
34 7 16068.209163
35 7 -22725.833321
36 7 -55351.887000
3 8 88998.505441
4 8 -2544144.959818
7 8 456524.406872
8 8 766320.699889
9 8 -146498.208726
10 8 -146.140434
12 8 0.000001
19 8 -225242.218551
20 8 -351466.241449
21 8 -117705.772253
22 8 -16088.843934
24 8 30787.673640
27 8 89722.699191
28 8 2543998.819384
31 8 -231282.188321
32 8 -371889.525877
33 8 85482.776347
34 8 11362.916661
36 8 30743.505807
3 9 -1828653.989475
4 9 -124987.691969
7 9 22241.898533
8 9 -146498.208726
9 9 3717395.014617
10 9 163403.401494
11 9 -123062.358894
12 9 7285.461796
19 9 -75273.582026
20 9 -117705.772253
21 9 -39964.969193
22 9 85738.290183
23 9 -61575.347281
24 9 19710.940061
27 9 -1828545.959062
28 9 126004.942872
31 9 53031.683494
32 9 85482.776347
33 9 -20230.096886
34 9 92887.160362
35 9 -61487.011613
36 9 -16068.209163
3 10 124987.691969
4 10 246582267.097000
7 10 -7285.461796
8 10 -146.140434
9 10 163403.401494
10 10 1063566126.065000
11 10 -20327729.166140
12 10 1546252.892762
19 10 39421.880122
20 10 0.000000
21 10 -75437.861441
22 10 6071984.832048
23 10 -8775718.494472
24 10 3173062.618379
27 10 -126004.942872
28 10 246578142.369600
31 10 -32136.418326
32 10 -0.000000
33 10 -86948.289150
34 10 7499906.957530
35 10 -9011044.525909
36 10 -2771994.132918
1 11 -106958.799188
5 11 10610299.564520
6 11 525150.913362
7 11 9458.201586
9 11 -123062.358894
10 11 -20327729.166140
11 11 69910533.383610
12 11 655122.633785
19 11 -32177.687869
20 11 0.000000
21 11 61575.347281
22 11 -8775718.494472
23 11 1205793.599996
24 11 -4585964.075084
25 11 106952.452149
29 11 10609667.356630
30 11 529424.037851
31 11 22725.833321
32 11 -0.000000
33 11 61487.011613
34 11 -9011044.525909
35 11 413612.542351
36 11 3330516.324900
1 12 -5254.627255
5 12 525150.913362
6 12 -53433.972325
7 12 -32521.356251
8 12 0.000001
9 12 7285.461796
10 12 1546252.892762
11 12 655122.633785
12 12 7600448.252390
19 12 20600.857482
20 12 -0.000000
21 12 -39421.880122
22 12 3173062.618379
23 12 -4585964.075084
24 12 1658160.660582
25 12 5297.383600
29 12 529424.037851
30 12 -53009.282817
31 12 11877.742424
32 12 -0.000001
33 12 32136.418326
34 12 -2771994.132918
35 12 3330516.324900
36 12 1024539.573150
1 13 -1828653.989475
6 13 124987.691969
13 13 3717282.198408
14 13 146550.201876
15 13 29516.444683
16 13 -6818.284056
17 13 -122641.321635
18 13 -163481.151663
19 13 -39896.509184
20 13 117651.615092
21 13 -75187.915005
22 13 -19720.377241
23 13 -61584.981184
24 13 -85819.532240
37 13 -1828501.602863
39 13 -7360.213172
40 13 486.052100
41 13 430.671162
42 13 -126000.031373
43 13 -20230.096886
44 13 -85482.776347
45 13 53031.683494
46 13 16068.209163
47 13 -61487.011613
48 13 -92887.160362
1 14 -88998.505441
6 14 -2544144.959818
13 14 146550.201876
14 14 766612.255841
15 14 -456198.319727
16 14 -10244.064115
17 14 -0.000000
18 14 -205.785570
19 14 117651.615092
20 14 -351758.304888
21 14 225277.422637
22 14 30792.490592
24 14 -16081.443975
37 14 -89720.535180
39 14 -361.291231
40 14 -10244.064116
42 14 2543939.174249
43 14 -85482.776347
44 14 -371889.525877
45 14 231282.188321
46 14 30743.505807
48 14 11362.916661
3 15 -717.845253
4 15 -5254.627255
5 15 106958.799188
13 15 29516.444683
14 15 -456198.319727
15 15 290175.241646
16 15 32520.345982
17 15 9445.992114
18 15 6818.284056
19 15 -75187.915005
20 15 225277.422637
21 15 -144598.071837
22 15 58358.279815
23 15 32162.887949
24 15 19720.377241
37 15 -7360.213172
39 15 -747.423752
40 15 5299.212553
41 15 -106949.861702
42 15 -486.052100
43 15 53031.683494
44 15 231282.188321
45 15 -144111.900803
46 15 55351.887000
47 15 -22725.833321
48 15 -16068.209163
3 16 5254.627255
4 16 -53433.972325
5 16 -525150.913362
13 16 -6818.284056
14 16 -10244.064115
15 16 32520.345982
16 16 7607422.905147
17 16 -657507.821588
18 16 -517633.857203
19 16 39440.754482
20 16 -0.000000
21 16 -20598.018260
22 16 1658639.612890
23 16 4583854.790515
24 16 3175936.486574
37 16 -486.052100
39 16 -5299.212553
40 16 -49010.114055
41 16 -529411.226012
42 16 -993124.026929
43 16 -32136.418326
44 16 -0.000001
45 16 -11877.742424
46 16 1024539.573150
47 16 -3330516.324900
48 16 -2771994.132918
3 17 -106958.799188
4 17 -525150.913362
5 17 10610299.564520
13 17 -122641.321635
14 17 -0.000000
15 17 9445.992114
16 17 -657507.821588
17 17 69905611.501280
18 17 20325073.490130
19 17 61584.981184
21 17 -32162.887949
22 17 4583854.790515
23 17 1198542.325260
24 17 8777091.518386
37 17 -430.671162
39 17 106949.861702
40 17 -529411.226012
41 17 10609582.652530
42 17 -2131.860148
43 17 61487.011613
44 17 0.000000
45 17 22725.833321
46 17 -3330516.324900
47 17 413612.542351
48 17 9011044.525909
1 18 -124987.691969
6 18 246582267.097000
13 18 -163481.151663
14 18 -205.785570
15 18 6818.284056
16 18 -517633.857203
17 18 20325073.490130
18 18 1063569959.549000
19 18 75520.523109
20 18 0.000000
21 18 -39440.754482
22 18 3175936.486574
23 18 8777091.518386
24 18 6081232.166631
37 18 126000.031373
39 18 486.052100
40 18 -993124.026929
41 18 -2131.860148
42 18 246572459.703300
43 18 86948.289150
44 18 -0.000000
45 18 32136.418326
46 18 -2771994.132918
47 18 9011044.525909
48 18 7499906.957530
1 19 -102234.573587
3 19 102165.654078
4 19 35568.909942
5 19 -0.000000
6 19 35592.904227
7 19 -144672.753369
8 19 -225242.218551
9 19 -75273.582026
10 19 39421.880122
11 19 -32177.687869
12 19 20600.857482
13 19 -39896.509184
14 19 117651.615092
15 19 -75187.915005
16 19 39440.754482
17 19 61584.981184
18 19 75520.523109
19 19 2206433.685994
20 19 388463.340285
21 19 -355027.792805
22 19 65016.534828
23 19 -81671.902067
24 19 84936.030344
31 19 -1183.333602
32 19 177.554750
33 19 -3627.712736
34 19 176.515952
35 19 -102507.703734
36 19 -5074.714661
43 19 -1509888.923219
44 19 -73897.079454
45 19 -2491.336166
46 19 121.392797
47 19 169.525893
48 19 -78599.231596
49 19 -408557.593034
50 19 -40418.278839
51 19 409442.684660
52 19 0.000000
53 19 -0.000000
54 19 0.000000
1 20 -166734.933283
3 20 166622.532073
4 20 -43494.371809
6 20 -43523.712499
7 20 -225242.218551
8 20 -351466.241449
9 20 -117705.772253
10 20 0.000000
11 20 0.000000
12 20 -0.000000
13 20 117651.615092
14 20 -351758.304888
15 20 225277.422637
16 20 -0.000000
18 20 0.000000
19 20 388463.340285
20 20 1026344.979553
21 20 -388374.610421
22 20 1740015.134555
24 20 1740497.780217
31 20 177.554750
32 20 -21807.578244
33 20 73786.681276
34 20 1584388.890228
36 20 -3812.554910
43 20 -73897.079454
44 20 -21855.101279
45 20 -122.026277
46 20 -2619.981068
48 20 1586616.868667
49 20 -40418.278839
50 20 -6491.354673
51 20 40515.772965
52 20 -0.000000
53 20 -0.000000
54 20 -0.000000
1 21 102165.654078
3 21 -102096.781029
4 21 -35544.931833
5 21 0.000000
6 21 -35568.909942
7 21 -75273.582026
8 21 -117705.772253
9 21 -39964.969193
10 21 -75437.861441
11 21 61575.347281
12 21 -39421.880122
13 21 -75187.915005
14 21 225277.422637
15 21 -144598.071837
16 21 -20598.018260
17 21 -32162.887949
18 21 -39440.754482
19 21 -355027.792805
20 21 -388374.610421
21 21 2207120.041557
22 21 -84954.458860
23 21 -81722.912703
24 21 -65016.534828
31 21 -3627.712736
32 21 73786.681276
33 21 -1508748.368322
34 21 78429.276240
35 21 246.666870
36 21 -176.515952
43 21 -2491.336166
44 21 -122.026277
45 21 -1181.377087
46 21 5085.977232
47 21 -102662.055096
48 21 -121.392797
49 21 409442.684660
50 21 40515.772965
51 21 -410530.474088
52 21 -0.000000
53 21 0.000000
54 21 -0.000000
1 22 -35568.909942
3 22 35544.931833
4 22 5492559.269698
5 22 -1857243.859749
6 22 7768871.306122
7 22 -19710.940061
8 22 -16088.843934
9 22 85738.290183
10 22 6071984.832048
11 22 -8775718.494472
12 22 3173062.618379
13 22 -19720.377241
14 22 30792.490592
15 22 58358.279815
16 22 1658639.612890
17 22 4583854.790515
18 22 3175936.486574
19 22 65016.534828
20 22 1740015.134555
21 22 -84954.458860
22 22 265709331.682700
23 22 -3598060.299396
24 22 29695735.406420
31 22 -176.515952
32 22 -1584388.890228
33 22 -78429.276240
34 22 88893208.182070
35 22 711.970013
36 22 -213938.470397
43 22 -121.392797
44 22 2619.981068
45 22 -5085.977232
46 22 -13253.210994
47 22 -296318.801203
48 22 -146898.682994
49 22 10281.601165
50 22 -216444.243862
51 22 -11171.789499
52 22 -0.000000
53 22 -0.000000
54 22 -0.000000
1 23 -0.000000
3 23 -0.000000
4 23 -1857243.859749
5 23 -3035593.740356
6 23 1855991.833834
7 23 32177.687869
9 23 -61575.347281
10 23 -8775718.494472
11 23 1205793.599996
12 23 -4585964.075084
13 23 -61584.981184
15 23 32162.887949
16 23 4583854.790515
17 23 1198542.325260
18 23 8777091.518386
19 23 -81671.902067
21 23 -81722.912703
22 23 -3598060.299396
23 23 56734797.698560
24 23 3598207.265313
31 23 102507.703734
33 23 -246.666870
34 23 711.970013
35 23 5948954.509281
36 23 295874.395517
43 23 -169.525893
45 23 102662.055096
46 23 -296318.801203
47 23 5953365.430272
48 23 -489.311355
49 23 8741.017541
51 23 8719.983810
52 23 -0.000000
1 24 -35592.904227
3 24 35568.909942
4 24 7768871.306122
5 24 1855991.833834
6 24 5503037.278758
7 24 -58319.788203
8 24 30787.673640
9 24 19710.940061
10 24 3173062.618379
11 24 -4585964.075084
12 24 1658160.660582
13 24 -85819.532240
14 24 -16081.443975
15 24 19720.377241
16 24 3175936.486574
17 24 8777091.518386
18 24 6081232.166631
19 24 84936.030344
20 24 1740497.780217
21 24 -65016.534828
22 24 29695735.406420
23 24 3598207.265313
24 24 265767702.154800
31 24 5074.714661
32 24 3812.554910
33 24 176.515952
34 24 -213938.470397
35 24 295874.395517
36 24 -12992.780663
43 24 78599.231596
44 24 -1586616.868667
45 24 121.392797
46 24 -146898.682994
47 24 -489.311355
48 24 88945898.324680
49 24 11122.248069
50 24 -215923.408624
51 24 -10281.601165
52 24 -0.000000
53 24 0.000000
54 24 -0.000000
7 25 -717.802656
11 25 106952.452149
12 25 5297.383600
25 25 1843484.703271
27 25 247327.402453
28 25 193895.259890
29 25 -302448.826053
30 25 -285192.158193
31 25 -211880.351125
32 25 -322826.240263
33 25 -244842.090522
34 25 193735.075310
35 25 0.000000
36 25 -167653.591318
55 25 -2748.566353
59 25 -409537.485966
60 25 -13522.946455
61 25 -1628137.983138
62 25 -79836.235057
63 25 -2485.311931
64 25 160.184579
65 25 136.207763
66 25 -109313.004020
26 26 1.000000
8 27 89722.699191
9 27 -1828545.959062
10 27 -126004.942872
25 27 247327.402453
27 27 5070026.570961
28 27 285454.692273
29 27 -89197.347403
30 27 -193895.259890
31 27 -244842.090522
32 27 -373047.576719
33 27 -282931.611984
34 27 223873.995841
35 27 -0.000000
36 27 -193735.075310
56 27 96442.132917
57 27 -2957944.641418
58 27 183171.254218
61 27 -2485.311931
62 27 -121.912986
63 27 -604.358497
64 27 4414.385086
65 27 -89197.347403
66 27 -160.184579
8 28 2543998.819384
9 28 126004.942872
10 28 246578142.369600
25 28 193895.259890
27 28 285454.692273
28 28 1737295106.196000
29 28 9327896.190664
30 28 -70112084.852260
31 28 -193735.075310
32 28 295377.265865
33 28 -223873.995842
34 28 37904988.643150
35 28 -10199951.411840
36 28 -46259770.146540
56 28 -5547274.420131
57 28 -183171.254218
58 28 526877052.475400
61 28 -160.184579
62 28 3373.094529
63 28 -4414.385086
64 28 -31432.573617
65 28 -439145.785677
66 28 -326551.013621
7 29 -106952.452149
11 29 10609667.356630
12 29 529424.037851
25 29 -302448.826053
27 29 -89197.347403
28 29 9327896.190664
29 29 136035663.252000
30 29 15517926.341630
31 29 0.000000
32 29 0.000000
33 29 0.000000
34 29 -10199951.411850
35 29 -15623516.838010
36 29 -11786734.417080
55 29 409537.485966
59 29 40567957.146330
60 29 1346519.431458
61 29 -136.207763
63 29 89197.347403
64 29 -439145.785677
65 29 8820256.851783
66 29 -670.592422
7 30 -5297.383600
11 30 529424.037851
12 30 -53009.282817
25 30 -285192.158193
27 30 -193895.259890
28 30 -70112084.852260
29 30 15517926.341630
30 30 520009456.848100
31 30 167653.591318
32 30 -255612.254708
33 30 193735.075310
34 30 -46259770.146540
35 30 -11786734.417080
36 30 24480764.936480
55 30 13522.946455
59 30 1346519.431458
60 30 -166429.073456
61 30 109313.004020
62 30 -2208912.892960
63 30 160.184579
64 30 -326551.013621
65 30 -670.592422
66 30 213814060.330400
7 31 -144111.900803
8 31 -231282.188321
9 31 53031.683494
10 31 -32136.418326
11 31 22725.833321
12 31 11877.742424
19 31 -1183.333602
20 31 177.554750
21 31 -3627.712736
22 31 -176.515952
23 31 102507.703734
24 31 5074.714661
25 31 -211880.351125
27 31 -244842.090522
28 31 -193735.075310
29 31 0.000000
30 31 167653.591318
31 31 2599807.649303
32 31 488232.789267
33 31 765910.081505
34 31 -240288.354940
35 31 32827.880340
36 31 297684.427881
49 31 -683051.168280
51 31 -680596.775839
53 31 35634.752730
61 31 -50819.461104
62 31 139485.400345
63 31 110124.814099
64 31 -60617.109031
65 31 -128040.409446
66 31 134360.829229
67 31 -1508761.434389
68 31 -73787.315779
72 31 -78430.348532
7 32 -231282.188321
8 32 -371889.525877
9 32 85482.776347
10 32 -0.000000
11 32 -0.000000
12 32 -0.000001
19 32 177.554750
20 32 -21807.578244
21 32 73786.681276
22 32 -1584388.890228
24 32 3812.554910
25 32 -322826.240263
27 32 -373047.576719
28 32 295377.265865
29 32 0.000000
30 32 -255612.254708
31 32 488232.789267
32 32 1321734.594412
33 32 522954.428484
34 32 -2038136.272718
36 32 2134452.870909
50 32 -18374.743587
52 32 -801781.936418
54 32 803711.284495
61 32 139485.400345
62 32 -390757.619182
63 32 -309176.309388
64 32 0.000001
65 32 -0.000000
66 32 0.000000
67 32 -73787.315779
68 32 -21807.759546
72 32 1584401.971392
7 33 53031.683494
8 33 85482.776347
9 33 -20230.096886
10 33 -86948.289150
11 33 61487.011613
12 33 32136.418326
19 33 -3627.712736
20 33 73786.681276
21 33 -1508748.368322
22 33 -78429.276240
23 33 -246.666870
24 33 176.515952
25 33 -244842.090522
27 33 -282931.611984
28 33 -223873.995842
29 33 0.000000
30 33 193735.075310
31 33 765910.081505
32 33 522954.428484
33 33 2738097.900504
34 33 -484644.021741
35 33 -134754.386998
36 33 240288.354940
49 33 -680596.775839
51 33 -679779.625406
53 33 -35720.501533
61 33 110124.814099
62 33 -309176.309388
63 33 -245233.583617
64 33 -27347.508408
65 33 -57765.641253
66 33 60617.109031
69 33 -1174.614288
70 33 5074.333726
71 33 -102508.588955
7 34 16068.209163
8 34 11362.916661
9 34 92887.160362
10 34 7499906.957530
11 34 -9011044.525909
12 34 -2771994.132918
19 34 176.515952
20 34 1584388.890228
21 34 78429.276240
22 34 88893208.182070
23 34 711.970013
24 34 -213938.470397
25 34 193735.075310
27 34 223873.995841
28 34 37904988.643150
29 34 -10199951.411850
30 34 -46259770.146540
31 34 -240288.354940
32 34 -2038136.272718
33 34 -484644.021741
34 34 392833520.303300
35 34 8080674.747101
36 34 -114792313.339000
50 34 801781.936418
52 34 23312544.311740
54 34 -23391226.377080
61 34 30308.554515
62 34 -64020.204723
63 34 94527.923024
64 34 1811206.039888
65 34 7671508.220912
66 34 -4014628.036830
69 34 -5074.333726
70 34 -13507.541236
71 34 -295876.946360
7 35 -22725.833321
9 35 -61487.011613
10 35 -9011044.525909
11 35 413612.542351
12 35 3330516.324900
19 35 -102507.703734
21 35 246.666870
22 35 711.970013
23 35 5948954.509281
24 35 295874.395517
25 35 0.000000
27 35 -0.000000
28 35 -10199951.411840
29 35 -15623516.838010
30 35 -11786734.417080
31 35 32827.880340
33 35 -134754.386998
34 35 8080674.747101
35 35 86192028.245440
36 35 -3250630.230912
49 35 -35634.752730
51 35 35720.501533
53 35 2078224.781611
61 35 128040.409446
63 35 57765.641253
64 35 7671508.220912
65 35 5438700.509610
66 35 -17004278.536050
69 35 102508.588955
70 35 -295876.946360
71 35 5948971.348894
7 36 -55351.887000
8 36 30743.505807
9 36 -16068.209163
10 36 -2771994.132918
11 36 3330516.324900
12 36 1024539.573150
19 36 -5074.714661
20 36 -3812.554910
21 36 -176.515952
22 36 -213938.470397
23 36 295874.395517
24 36 -12992.780663
25 36 -167653.591318
27 36 -193735.075310
28 36 -46259770.146540
29 36 -11786734.417080
30 36 24480764.936480
31 36 297684.427881
32 36 2134452.870909
33 36 240288.354940
34 36 -114792313.339000
35 36 -3250630.230912
36 36 369435717.929700
50 36 -803711.284495
52 36 -23391226.377080
54 36 23424982.987170
61 36 -148034.583434
62 36 -28882.820626
63 36 -30308.554515
64 36 -4014628.036830
65 36 -17004278.536050
66 36 8898622.199323
67 36 78430.348532
68 36 -1584401.971392
72 36 88893923.157300
13 37 -1828501.602863
14 37 -89720.535180
15 37 -7360.213172
16 37 -486.052100
17 37 -430.671162
18 37 126000.031373
37 37 5068784.004095
39 37 243297.234931
40 37 192127.469921
41 37 -90565.238010
42 37 -283348.578551
43 37 -281812.460251
44 37 371582.291822
45 37 -245371.387518
46 37 193138.952254
47 37 -0.000000
48 37 -221822.779972
73 37 -2957872.818162
74 37 -96439.808000
75 37 11899.797524
76 37 -683.119018
77 37 -1649.099891
78 37 -183164.297405
79 37 -597.122820
80 37 120.459344
81 37 -2465.431765
82 37 157.688786
83 37 -88485.466957
84 37 -4361.532549
38 38 1.000000
13 39 -7360.213172
14 39 -361.291231
15 39 -747.423752
16 39 -5299.212553
17 39 106949.861702
18 39 486.052100
37 39 243297.234931
39 39 1838820.665210
40 39 284433.298974
41 39 -302443.133595
42 39 -192127.469921
43 39 -245371.387518
44 39 323533.112909
45 39 -213642.497421
46 39 168164.220475
47 39 0.000000
48 39 -193138.952254
73 39 11899.797524
74 39 388.347178
75 39 -2796.418337
76 39 13525.369914
77 39 -409527.572329
78 39 683.119018
79 39 -2465.431765
80 39 79202.974815
81 39 -1621634.325699
82 39 108042.921140
83 39 134.577033
84 39 -157.688786
13 40 486.052100
14 40 -10244.064116
15 40 5299.212553
16 40 -49010.114055
17 40 -529411.226012
18 40 -993124.026929
37 40 192127.469921
39 40 284433.298974
40 40 518722759.790200
41 40 -15471473.291820
42 40 -67580830.789580
43 40 -193138.952253
44 40 -256170.169906
45 40 -168164.220475
46 40 24705498.975510
47 40 11740355.855220
48 40 -46259086.024560
73 40 683.119018
74 40 -22337.444904
75 40 -13525.369914
76 40 -157882.409500
77 40 -1346486.896011
78 40 2122269.893100
79 40 -157.688786
80 40 -2192067.848197
81 40 -108042.921140
82 40 213079925.950000
83 40 662.570647
84 40 -324120.653030
13 41 430.671162
15 41 -106949.861702
16 41 -529411.226012
17 41 10609582.652530
18 41 -2131.860148
37 41 -90565.238010
39 41 -302443.133595
40 41 -15471473.291820
41 41 135903038.842600
42 41 -9350543.338387
43 41 -0.000000
45 41 -0.000000
46 41 11740355.855220
47 41 -15562041.265850
48 41 10222214.459880
73 41 1649.099891
75 41 409527.572329
76 41 -1346486.896011
77 41 40567634.759470
78 41 5422.080327
79 41 88485.466957
81 41 -134.577033
82 41 662.570647
83 41 8785303.147819
84 41 435645.459079
13 42 -126000.031373
14 42 2543939.174249
15 42 -486.052100
16 42 -993124.026929
17 42 -2131.860148
18 42 246572459.703300
37 42 -283348.578551
39 42 -192127.469921
40 42 -67580830.789580
41 42 -9350543.338387
42 42 1736727198.074000
43 42 221822.779971
44 42 294215.012412
45 42 193138.952253
46 42 -46259086.024560
47 42 10222214.459880
48 42 37557364.902960
73 42 183164.297405
74 42 -5547147.042798
75 42 -683.119018
76 42 2122269.893100
77 42 5422.080327
78 42 526865343.194500
79 42 4361.532549
80 42 3333.903253
81 42 157.688786
82 42 -324120.653030
83 42 435645.459079
84 42 -31482.849790
13 43 -20230.096886
14 43 -85482.776347
15 43 53031.683494
16 43 -32136.418326
17 43 61487.011613
18 43 86948.289150
19 43 -1509888.923219
20 43 -73897.079454
21 43 -2491.336166
22 43 -121.392797
23 43 -169.525893
24 43 78599.231596
37 43 -281812.460251
39 43 -245371.387518
40 43 -193138.952253
41 43 -0.000000
42 43 221822.779971
43 43 2737512.049930
44 43 -521499.903040
45 43 767176.136910
46 43 -239516.832773
47 43 -134278.553175
48 43 482787.476156
49 43 -679174.054129
51 43 -679990.478146
53 43 -35656.773137
67 43 -1172.931828
68 43 121.157631
69 43 -2479.432671
70 43 120.275956
71 43 -102173.624505
72 43 -5049.618798
79 43 -245233.583617
80 43 309176.309388
81 43 110124.814099
82 43 -60617.109031
83 43 -57765.641253
84 43 27347.508408
13 44 -85482.776347
14 44 -371889.525877
15 44 231282.188321
16 44 -0.000001
17 44 0.000000
18 44 -0.000000
19 44 -73897.079454
20 44 -21855.101279
21 44 -122.026277
22 44 2619.981068
24 44 -1586616.868667
37 44 371582.291822
39 44 323533.112909
40 44 -256170.169906
42 44 294215.012412
43 44 -521499.903040
44 44 1319677.348436
45 44 -488755.605056
46 44 2126432.146285
48 44 -2042699.844674
50 44 -18325.621773
52 44 802277.395587
54 44 -800353.205301
67 44 121.157631
68 44 -21704.667676
69 44 73547.730447
70 44 1579565.624714
72 44 -2602.071178
79 44 309176.309388
80 44 -390757.619182
81 44 -139485.400345
82 44 0.000000
83 44 0.000000
84 44 0.000001
13 45 53031.683494
14 45 231282.188321
15 45 -144111.900803
16 45 -11877.742424
17 45 22725.833321
18 45 32136.418326
19 45 -2491.336166
20 45 -122.026277
21 45 -1181.377087
22 45 -5085.977232
23 45 102662.055096
24 45 121.392797
37 45 -245371.387518
39 45 -213642.497421
40 45 -168164.220475
41 45 -0.000000
42 45 193138.952253
43 45 767176.136910
44 45 -488755.605056
45 45 2598482.792246
46 45 -298574.730934
47 45 33087.046562
48 45 239516.832773
49 45 -679990.478146
51 45 -682439.767284
53 45 35571.253569
67 45 -2479.432671
68 45 73547.730447
69 45 -1506287.788546
70 45 78061.937207
71 45 168.314022
72 45 -120.275956
79 45 110124.814099
80 45 -139485.400345
81 45 -50819.461104
82 45 -134360.829229
83 45 -128040.409446
84 45 60617.109031
13 46 16068.209163
14 46 30743.505807
15 46 55351.887000
16 46 1024539.573150
17 46 -3330516.324900
18 46 -2771994.132918
19 46 121.392797
20 46 -2619.981068
21 46 5085.977232
22 46 -13253.210994
23 46 -296318.801203
24 46 -146898.682994
37 46 193138.952254
39 46 168164.220475
40 46 24705498.975510
41 46 11740355.855220
42 46 -46259086.024560
43 46 -239516.832773
44 46 2126432.146285
45 46 -298574.730934
46 46 369459711.546400
47 46 3297088.016623
48 46 -114866610.674300
50 46 -802277.395587
52 46 23404039.998100
54 46 -23370363.713700
67 46 -120.275956
68 46 -1579565.624714
69 46 -78061.937207
70 46 88779621.432700
71 46 485.819226
72 46 -146271.927177
79 46 30308.554515
80 46 -28882.820626
81 46 148034.583434
82 46 8898622.199323
83 46 17004278.536050
84 46 -4014628.036830
13 47 -61487.011613
15 47 -22725.833321
16 47 -3330516.324900
17 47 413612.542351
18 47 9011044.525909
19 47 169.525893
21 47 -102662.055096
22 47 -296318.801203
23 47 5953365.430272
24 47 -489.311355
37 47 -0.000000
39 47 0.000000
40 47 11740355.855220
41 47 -15562041.265850
42 47 10222214.459880
43 47 -134278.553175
45 47 33087.046562
46 47 3297088.016623
47 47 86116368.676270
48 47 -8104423.614867
49 47 35656.773137
51 47 -35571.253569
53 47 2076371.199696
67 47 102173.624505
69 47 -168.314022
70 47 485.819226
71 47 5939381.363024
72 47 294912.512634
79 47 57765.641253
81 47 128040.409446
82 47 17004278.536050
83 47 5438700.509610
84 47 -7671508.220912
13 48 -92887.160362
14 48 11362.916661
15 48 -16068.209163
16 48 -2771994.132918
17 48 9011044.525909
18 48 7499906.957530
19 48 -78599.231596
20 48 1586616.868667
21 48 -121.392797
22 48 -146898.682994
23 48 -489.311355
24 48 88945898.324680
37 48 -221822.779972
39 48 -193138.952254
40 48 -46259086.024560
41 48 10222214.459880
42 48 37557364.902960
43 48 482787.476156
44 48 -2042699.844674
45 48 239516.832773
46 48 -114866610.674300
47 48 -8104423.614867
48 48 392391859.672200
50 48 800353.205301
52 48 -23370363.713700
54 48 23291801.802620
67 48 5049.618798
68 48 2602.071178
69 48 120.275956
70 48 -146271.927177
71 48 294912.512634
72 48 -13292.068546
79 48 -94527.923024
80 48 -64020.204723
81 48 -30308.554515
82 48 -4014628.036830
83 48 -7671508.220912
84 48 1811206.039888
19 49 -408557.593034
20 49 -40418.278839
21 49 409442.684660
22 49 10281.601165
23 49 8741.017541
24 49 11122.248069
31 49 -683051.168280
33 49 -680596.775839
35 49 -35634.752730
43 49 -679174.054129
45 49 -679990.478146
47 49 35656.773137
49 49 2179340.408477
50 49 80836.557679
51 49 541701.884665
52 49 -0.000000
53 49 22.020407
54 49 -0.000000
67 49 -408557.593034
68 49 -40418.278839
69 49 409442.684660
70 49 -10281.601165
71 49 -8741.017541
72 49 -11122.248069
19 50 -40418.278839
20 50 -6491.354673
21 50 40515.772965
22 50 -216444.243862
24 50 -215923.408624
32 50 -18374.743587
34 50 801781.936418
36 50 -803711.284495
44 50 -18325.621773
46 50 -802277.395587
48 50 800353.205301
49 50 80836.557679
50 50 49683.074705
51 50 -81031.545929
52 50 -495.459170
53 50 -0.000000
54 50 -3358.079193
67 50 -40418.278839
68 50 -6491.354673
69 50 40515.772965
70 50 216444.243862
72 50 215923.408624
19 51 409442.684660
20 51 40515.772965
21 51 -410530.474088
22 51 -11171.789499
23 51 8719.983810
24 51 -10281.601165
31 51 -680596.775839
33 51 -679779.625406
35 51 35720.501533
43 51 -679990.478146
45 51 -682439.767284
47 51 -35571.253569
49 51 541701.884665
50 51 -81031.545929
51 51 2183280.340866
52 51 0.000000
53 51 149.247964
54 51 0.000000
67 51 409442.684660
68 51 40515.772965
69 51 -410530.474088
70 51 11171.789499
71 51 -8719.983810
72 51 10281.601165
19 52 0.000000
20 52 -0.000000
21 52 -0.000000
22 52 -0.000000
23 52 -0.000000
24 52 -0.000000
32 52 -801781.936418
34 52 23312544.311740
36 52 -23391226.377080
44 52 802277.395587
46 52 23404039.998100
48 52 -23370363.713700
49 52 -0.000000
50 52 -495.459170
51 52 0.000000
52 52 93500729.484200
53 52 0.000004
54 52 -93455619.656830
67 52 -0.000000
68 52 0.000000
69 52 0.000000
70 52 -0.000000
71 52 -0.000000
72 52 -0.000000
19 53 -0.000000
20 53 -0.000000
21 53 0.000000
22 53 -0.000000
24 53 0.000000
31 53 35634.752730
33 53 -35720.501533
35 53 2078224.781611
43 53 -35656.773137
45 53 35571.253569
47 53 2076371.199696
49 53 22.020407
50 53 -0.000000
51 53 149.247964
52 53 0.000004
53 53 8309191.962552
54 53 -0.000002
67 53 0.000000
68 53 0.000000
69 53 -0.000001
70 53 0.000000
71 53 0.000000
72 53 0.000000
19 54 0.000000
20 54 -0.000000
21 54 -0.000000
22 54 -0.000000
24 54 -0.000000
32 54 803711.284495
34 54 -23391226.377080
36 54 23424982.987170
44 54 -800353.205301
46 54 -23370363.713700
48 54 23291801.802620
49 54 -0.000000
50 54 -3358.079193
51 54 0.000000
52 54 -93455619.656830
53 54 -0.000002
54 54 93501130.154450
67 54 0.000000
68 54 0.000000
69 54 -0.000000
70 54 -0.000000
71 54 0.000000
72 54 -0.000000
25 55 -2748.566353
29 55 409537.485966
30 55 13522.946455
55 55 2118599.306125
56 55 101859.827600
57 55 74251.052902
58 55 -14532.993065
59 55 -3.274765
60 55 -25494.674439
61 55 -685115.647019
62 55 -11172.497984
63 55 -688364.949225
64 55 5486.235450
65 55 0.000001
66 55 -5460.338668
85 55 -2748.599399
89 55 -409540.760731
90 55 -13523.109043
97 55 -615452.683333
98 55 -50552.738348
99 55 614993.581038
100 55 -20019.228516
101 55 -0.000000
102 55 -20034.173182
103 55 -812533.810022
104 55 -40134.591268
105 55 -879.684715
106 55 -0.000000
107 55 0.000000
108 55 0.000000
27 56 96442.132917
28 56 -5547274.420131
55 56 101859.827600
56 56 94940.586309
57 56 -232131.122983
58 56 -188000.490806
59 56 0.000000
60 56 1156802.622157
61 56 -11172.497984
62 56 -4698.265296
63 56 -11225.485859
64 56 -673831.044345
65 56 0.000000
66 56 670650.346807
88 56 5547315.347849
97 56 -50552.738348
98 56 -7430.528957
99 56 50515.028092
100 56 485789.625821
102 56 486152.275349
103 56 -40134.591268
104 56 -1982.422634
105 56 -43.451468
106 56 -0.000000
107 56 0.000000
108 56 0.000000
27 57 -2957944.641418
28 57 -183171.254218
55 57 74251.052902
56 57 -232131.122983
57 57 7222066.591262
58 57 25518.639096
59 57 -0.000002
60 57 14532.993065
61 57 -688364.949225
62 57 -11225.485859
63 57 -691629.661917
64 57 5512.255053
65 57 -0.000001
66 57 -5486.235450
88 57 183173.343263
97 57 614993.581038
98 57 50515.028092
99 57 -614534.821214
100 57 20004.294998
101 57 -0.000000
102 57 20019.228516
103 57 -879.684715
104 57 -43.451468
105 57 -0.952385
106 57 -0.000000
107 57 0.000000
108 57 0.000000
27 58 183171.254218
28 58 526877052.475400
55 58 -14532.993065
56 58 -188000.490806
57 58 25518.639096
58 58 2486765678.579000
59 58 -0.000030
60 58 -36747864.795060
61 58 -5486.235450
62 58 673831.044345
63 58 -5512.255053
64 58 67044876.533680
65 58 -0.000000
66 58 -66728403.323500
88 58 526878623.577200
97 58 20019.228516
98 58 -485789.625821
99 58 -20004.294998
100 58 48318400.486820
102 58 48354470.925980
103 58 -0.000000
104 58 0.000000
105 58 -0.000000
107 58 0.000000
108 58 -0.000000
25 59 -409537.485966
29 59 40567957.146330
30 59 1346519.431458
55 59 -3.274765
56 59 0.000000
57 59 -0.000002
58 59 -0.000030
59 59 162949406.915400
60 59 5366680.347073
61 59 -0.000000
63 59 0.000000
64 59 -0.000000
65 59 0.000000
85 59 409540.760731
89 59 40568117.268100
90 59 1346530.168960
97 59 -0.000000
99 59 0.000002
100 59 -0.000000
102 59 0.000000
103 59 -0.000000
105 59 0.000000
107 59 -0.000000
25 60 -13522.946455
29 60 1346519.431458
30 60 -166429.073456
55 60 -25494.674439
56 60 1156802.622157
57 60 14532.993065
58 60 -36747864.795060
59 60 5366680.347073
60 60 230206976.168000
61 60 5460.338668
62 60 -670650.346807
63 60 5486.235450
64 60 -66728403.323500
65 60 -0.000000
66 60 66413423.967850
85 60 13523.109043
89 60 1346530.168960
90 60 -166429.388161
97 60 20034.173182
98 60 -486152.275349
99 60 -20019.228516
100 60 48354470.925980
102 60 48390568.292270
103 60 0.000000
104 60 -0.000000
105 60 0.000000
107 60 -0.000000
108 60 -0.000000
25 61 -1628137.983138
27 61 -2485.311931
28 61 -160.184579
29 61 -136.207763
30 61 109313.004020
31 61 -50819.461104
32 61 139485.400345
33 61 110124.814099
34 61 30308.554515
35 61 128040.409446
36 61 -148034.583434
55 61 -685115.647019
56 61 -11172.497984
57 61 -688364.949225
58 61 -5486.235450
59 61 -0.000000
60 61 5460.338668
61 61 4626067.904694
62 61 177039.040858
63 61 40929.666588
64 61 -10379.544736
65 61 247251.110514
66 61 -288310.474261
67 61 -24788.065067
68 61 -95770.109897
69 61 -73363.656770
70 61 -22729.141693
71 61 119302.334483
72 61 -147895.465372
91 61 -1622501.331637
92 61 -79287.008021
93 61 -816.160608
94 61 52.254869
95 61 44.574349
96 61 -108211.251074
103 61 -614705.416730
104 61 -50458.590244
105 61 613975.597846
106 61 -19944.205218
107 61 -0.000001
108 61 -19967.912443
25 62 -79836.235057
27 62 -121.912986
28 62 3373.094529
30 62 -2208912.892960
31 62 139485.400345
32 62 -390757.619182
33 62 -309176.309388
34 62 -64020.204723
36 62 -28882.820626
55 62 -11172.497984
56 62 -4698.265296
57 62 -11225.485859
58 62 673831.044345
60 62 -670650.346807
61 62 177039.040858
62 62 825884.300277
63 62 566258.319483
64 62 1160173.939498
65 62 0.000000
66 62 -200609.968920
67 62 -95770.109897
68 62 -385568.529024
69 62 -296093.395668
70 62 -59651.167242
72 62 19293.908361
91 62 -79287.008021
92 62 -18632.632023
93 62 -39.898054
94 62 -1104.196708
96 62 2194303.865721
103 62 -50458.590244
104 62 -7403.820095
105 62 50398.682472
106 62 484073.997333
107 62 0.000000
108 62 484649.405127
25 63 -2485.311931
27 63 -604.358497
28 63 -4414.385086
29 63 89197.347403
30 63 160.184579
31 63 110124.814099
32 63 -309176.309388
33 63 -245233.583617
34 63 94527.923024
35 63 57765.641253
36 63 -30308.554515
55 63 -688364.949225
56 63 -11225.485859
57 63 -691629.661917
58 63 -5512.255053
59 63 0.000000
60 63 5486.235450
61 63 40929.666588
62 63 566258.319483
63 63 1779187.039955
64 63 56412.989213
65 63 19795.243316
66 63 10379.544736
67 63 -73363.656770
68 63 -296093.395668
69 63 -227878.055121
70 63 84975.194441
71 63 -38587.816721
72 63 22729.141693
91 63 -816.160608
92 63 -39.898054
93 63 -594.735349
94 63 4368.312463
95 63 -88579.928619
96 63 -52.254869
103 63 613975.597846
104 63 50398.682472
105 63 -613246.645452
106 63 19920.526140
107 63 -0.000001
108 63 19944.205218
25 64 160.184579
27 64 4414.385086
28 64 -31432.573617
29 64 -439145.785677
30 64 -326551.013621
31 64 -60617.109031
32 64 0.000001
33 64 -27347.508408
34 64 1811206.039888
35 64 7671508.220912
36 64 -4014628.036830
55 64 5486.235450
56 64 -673831.044345
57 64 5512.255053
58 64 67044876.533680
59 64 -0.000000
60 64 -66728403.323500
61 64 -10379.544736
62 64 1160173.939498
63 64 56412.989213
64 64 239938380.715600
65 64 994850.597825
66 64 -40998888.660160
67 64 45458.283387
68 64 0.000001
69 64 -14703.282340
70 64 1062117.848186
71 64 -5280202.488877
72 64 3283760.252623
91 64 -52.254869
92 64 1104.196708
93 64 -4368.312463
94 64 -31916.014353
95 64 -436109.933191
96 64 -107289.458954
103 64 19944.205218
104 64 -484073.997333
105 64 -19920.526140
106 64 48216975.619100
107 64 0.000000
108 64 48274290.045650
25 65 136.207763
27 65 -89197.347403
28 65 -439145.785677
29 65 8820256.851783
30 65 -670.592422
31 65 -128040.409446
32 65 -0.000000
33 65 -57765.641253
34 65 7671508.220912
35 65 5438700.509610
36 65 -17004278.536050
55 65 0.000001
56 65 0.000000
57 65 -0.000001
58 65 -0.000000
59 65 0.000000
60 65 -0.000000
61 65 247251.110514
62 65 0.000000
63 65 19795.243316
64 65 994850.597825
65 65 90441009.648470
66 65 -38092204.909430
67 65 -119302.334483
68 65 -0.000000
69 65 38587.816721
70 65 -5280202.488877
71 65 3828709.885090
72 65 -16324854.241360
91 65 -44.574349
92 65 0.000000
93 65 88579.928619
94 65 -436109.933191
95 65 8789945.061854
96 65 -219.455090
103 65 0.000000
105 65 0.000000
106 65 -0.000000
108 65 0.000000
25 66 -109313.004020
27 66 -160.184579
28 66 -326551.013621
29 66 -670.592422
30 66 213814060.330400
31 66 134360.829229
32 66 0.000000
33 66 60617.109031
34 66 -4014628.036830
35 66 -17004278.536050
36 66 8898622.199323
55 66 -5460.338668
56 66 670650.346807
57 66 -5486.235450
58 66 -66728403.323500
60 66 66413423.967850
61 66 -288310.474261
62 66 -200609.968920
63 66 10379.544736
64 66 -40998888.660160
65 66 -38092204.909430
66 66 1176330531.380000
67 66 140543.824202
68 66 -0.000000
69 66 -45458.283387
70 66 3283760.252623
71 66 -16324854.241360
72 66 10152434.040280
91 66 108211.251075
92 66 -2194303.865721
93 66 52.254869
94 66 -107289.458954
95 66 -219.455090
96 66 213177934.405400
103 66 19967.912443
104 66 -484649.405127
105 66 -19944.205218
106 66 48274290.045640
107 66 0.000000
108 66 48331672.600550
31 67 -1508761.434389
32 67 -73787.315779
36 67 78430.348532
43 67 -1172.931828
44 67 121.157631
45 67 -2479.432671
46 67 -120.275956
47 67 102173.624505
48 67 5049.618798
49 67 -408557.593034
50 67 -40418.278839
51 67 409442.684660
52 67 -0.000000
53 67 0.000000
54 67 0.000000
61 67 -24788.065067
62 67 -95770.109897
63 67 -73363.656770
64 67 45458.283387
65 67 -119302.334483
66 67 140543.824202
67 67 2638177.169954
68 67 -307850.176159
69 67 -725813.985535
70 67 87374.043147
71 67 -87474.998755
72 67 349415.069091
79 67 -228046.425697
80 67 295934.582500
81 67 -73614.768392
82 67 45474.009042
83 67 38670.076583
84 67 14747.640886
91 67 -197419.514613
92 67 243875.730742
93 67 197170.533709
94 67 -31746.571724
95 67 -51333.427125
96 67 31743.188491
109 67 -269431.205325
110 67 -22105.590199
111 67 268658.624999
112 67 -0.000000
113 67 -117757.382899
114 67 -9689.234616
31 68 -73787.315779
32 68 -21807.759546
36 68 -1584401.971392
43 68 121.157631
44 68 -21704.667676
45 68 73547.730447
46 68 -1579565.624714
48 68 2602.071178
49 68 -40418.278839
50 68 -6491.354673
51 68 40515.772965
52 68 0.000000
53 68 0.000000
54 68 0.000000
61 68 -95770.109897
62 68 -385568.529024
63 68 -296093.395668
64 68 0.000001
65 68 -0.000000
66 68 -0.000000
67 68 -307850.176159
68 68 1124652.696931
69 68 307817.775624
70 68 -1586602.929602
71 68 -0.000000
72 68 -1588205.564615
79 68 295934.582500
80 68 -384869.812795
81 68 95974.316772
82 68 -0.000000
83 68 0.000000
84 68 0.000001
91 68 243875.730742
92 68 -301840.142381
93 68 -243849.740895
94 68 -0.000000
96 68 -0.000000
109 68 -22105.590199
110 68 -2370.430835
111 68 22087.540755
112 68 117757.382899
114 68 117853.611599
33 69 -1174.614288
34 69 -5074.333726
35 69 102508.588955
43 69 -2479.432671
44 69 73547.730447
45 69 -1506287.788546
46 69 -78061.937207
47 69 -168.314022
48 69 120.275956
49 69 409442.684660
50 69 40515.772965
51 69 -410530.474088
52 69 0.000000
53 69 -0.000001
54 69 -0.000000
61 69 -73363.656770
62 69 -296093.395668
63 69 -227878.055121
64 69 -14703.282340
65 69 38587.816721
66 69 -45458.283387
67 69 -725813.985535
68 69 307817.775624
69 69 2637171.661980
70 69 -348929.082654
71 69 -87443.821476
72 69 -87374.043147
79 69 -73614.768392
80 69 95974.316772
81 69 -24930.941565
82 69 -140218.053463
83 69 -119238.285341
84 69 -45474.009042
91 69 197170.533709
92 69 -243849.740895
93 69 -197377.487429
94 69 -31749.955318
95 69 -51338.898314
96 69 31746.571724
109 69 268658.624999
110 69 22087.540755
111 69 -268992.300942
112 69 9689.234616
113 69 -117853.611599
33 70 5074.333726
34 70 -13507.541236
35 70 -295876.946360
43 70 120.275956
44 70 1579565.624714
45 70 78061.937207
46 70 88779621.432700
47 70 485.819226
48 70 -146271.927177
49 70 -10281.601165
50 70 216444.243862
51 70 11171.789499
52 70 -0.000000
53 70 0.000000
54 70 -0.000000
61 70 -22729.141693
62 70 -59651.167242
63 70 84975.194441
64 70 1062117.848186
65 70 -5280202.488877
66 70 3283760.252623
67 70 87374.043147
68 70 -1586602.929602
69 70 -348929.082654
70 70 342798221.424100
71 70 5932782.427172
72 70 60766479.426690
79 70 -22737.004521
80 70 19335.038291
81 70 147591.873906
82 70 10117938.750520
83 70 16316090.012960
84 70 3281340.931910
91 70 -31746.571724
92 70 -51333.427125
93 70 31743.188491
94 70 -3083126.734890
95 70 3813042.655555
96 70 3082798.165941
109 70 -0.000000
110 70 -117757.382899
111 70 -9689.234616
112 70 10131775.520530
113 70 -1927142.256863
114 70 23421378.223150
33 71 -102508.588955
34 71 -295876.946360
35 71 5948971.348894
43 71 -102173.624505
45 71 168.314022
46 71 485.819226
47 71 5939381.363024
48 71 294912.512634
49 71 -8741.017541
51 71 -8719.983810
52 71 -0.000000
53 71 0.000000
54 71 0.000000
61 71 119302.334483
63 71 -38587.816721
64 71 -5280202.488877
65 71 3828709.885090
66 71 -16324854.241360
67 71 -87474.998755
68 71 -0.000000
69 71 -87443.821476
70 71 5932782.427172
71 71 148813398.895100
72 71 -5932918.753823
79 71 -38670.076583
81 71 119238.285341
82 71 16316090.012960
83 71 3852058.868936
84 71 5291458.599261
94 71 3813042.655555
95 71 -4715762.776972
96 71 -3812636.299435
109 71 117757.382900
111 71 117853.611599
112 71 -1927142.256863
113 71 33413854.805760
114 71 1925568.725161
31 72 -78430.348532
32 72 1584401.971392
36 72 88893923.157300
43 72 -5049.618798
44 72 -2602.071178
45 72 -120.275956
46 72 -146271.927177
