685 685 3249
1 1 26185.500000
4 1 -120.481900
5 1 -92.592590
10 1 -48.780490
2 2 539.291300
3 2 -303.030300
7 2 -151.515200
161 2 -84.745760
2 3 -303.030300
3 3 515.985000
6 3 -144.927500
9 3 -68.027210
1 4 -120.481900
4 4 512.638800
12 4 -294.117600
185 4 -98.039220
1 5 -92.592590
5 5 92.592590
3 6 -144.927500
6 6 144.927500
2 7 -151.515200
7 7 514.378100
10 7 -270.270300
217 7 -92.592590
8 8 229.591400
9 8 -52.083330
217 8 -42.372880
229 8 -135.135100
3 9 -68.027210
8 9 -52.083330
9 9 120.110500
1 10 -48.780490
7 10 -270.270300
10 10 389.972700
11 10 -70.921980
10 11 -70.921980
11 11 220.175700
186 11 -149.253700
4 12 -294.117600
12 12 549.852900
13 12 -28.818450
17 12 -40.322580
53 12 -144.927500
176 12 -41.666670
12 13 -28.818450
13 13 128.828100
15 13 -40.485830
176 13 -59.523810
14 14 197.154500
17 14 -100.000000
19 14 -30.487800
160 14 -66.666670
13 15 -40.485830
15 15 75.087910
22 15 -34.602080
16 16 70.668010
162 16 -27.932960
178 16 -42.735040
12 17 -40.322580
14 17 -100.000000
17 17 189.219100
18 17 -6.161429
19 17 -42.735040
17 18 -6.161429
18 18 58.793010
19 18 -52.631580
14 19 -30.487800
17 19 -42.735040
18 19 -52.631580
19 19 2284.584000
53 19 -2000.000000
55 19 -158.730200
20 20 226.224400
22 20 -97.087380
124 20 -81.967220
178 20 -47.169810
21 21 254.851000
22 21 -97.087380
23 21 -41.666670
137 21 -34.129690
178 21 -81.967220
15 22 -34.602080
20 22 -97.087380
21 22 -97.087380
22 22 228.776800
21 23 -41.666670
23 23 171.536800
125 23 -129.870100
24 24 251.989000
48 24 -70.422530
50 24 -25.316450
51 24 -156.250000
25 25 383.395700
27 25 -63.694270
28 25 -63.291140
163 25 -256.410300
26 26 234.947900
43 26 -44.247790
189 26 -75.757580
208 26 -114.942500
25 27 -63.694270
27 27 203.885100
43 27 -43.103450
182 27 -97.087380
25 28 -63.291140
28 28 196.514700
43 28 -22.624440
182 28 -95.238100
189 28 -15.360980
29 29 176.092200
30 29 -6.600660
46 29 -169.491500
29 30 -6.600660
30 30 207.807700
31 30 -112.359600
32 30 -4.101723
189 30 -84.745760
30 31 -112.359600
31 31 145.692900
35 31 -33.333340
30 32 -4.101723
32 32 116.461300
52 32 -112.359600
33 33 228.972700
35 33 -113.636400
47 33 -79.365080
183 33 -35.971230
34 34 232.782700
46 34 -63.291140
47 34 -169.491500
31 35 -33.333340
33 35 -113.636400
35 35 146.969700
36 36 377.507300
38 36 -32.679740
175 36 -344.827600
37 37 180.999200
38 37 -90.090100
211 37 -90.909090
36 38 -32.679740
37 38 -90.090100
38 38 334.522200
40 38 -15.673980
58 38 -196.078400
39 39 25.000000
40 39 -25.000000
38 40 -15.673980
39 40 -25.000000
40 40 157.340700
41 40 -16.666670
541 40 -100.000000
40 41 -16.666670
41 41 16.666670
42 42 2000.000000
173 42 -2000.000000
26 43 -44.247790
27 43 -43.103450
28 43 -22.624440
43 43 241.856200
46 43 -84.033620
189 43 -47.846890
44 44 326.247300
45 44 -20.283980
47 44 -39.062500
49 44 -149.253700
51 44 -117.647000
44 45 -20.283980
45 45 167.759700
46 45 -32.467530
47 45 -23.640660
52 45 -54.054050
182 45 -37.313430
29 46 -169.491500
34 46 -63.291140
43 46 -84.033620
45 46 -32.467530
46 46 503.130000
157 46 -153.846100
33 47 -79.365080
34 47 -169.491500
44 47 -39.062500
45 47 -23.640660
47 47 311.559800
24 48 -70.422530
48 48 158.866000
49 48 -51.813470
50 48 -36.630040
44 49 -149.253700
48 49 -51.813470
49 49 256.902700
50 49 -29.239770
182 49 -26.595750
24 50 -25.316450
48 50 -36.630040
49 50 -29.239770
50 50 91.186260
24 51 -156.250000
44 51 -117.647000
51 51 273.897100
32 52 -112.359600
45 52 -54.054050
52 52 166.413600
12 53 -144.927500
19 53 -2000.000000
53 53 2223.668000
54 53 -78.740160
53 54 -78.740160
54 54 246.503300
55 54 -105.263200
185 54 -62.500000
19 55 -158.730200
54 55 -105.263200
55 55 263.993300
56 56 222.417800
60 56 -93.457940
61 56 -105.263200
189 56 -23.696680
57 57 56.375440
61 57 -20.661160
190 57 -35.714280
38 58 -196.078400
58 58 446.078400
59 58 -250.000000
58 59 -250.000000
59 59 527.777800
61 59 -277.777800
56 60 -93.457940
60 60 166.450600
211 60 -72.992700
56 61 -105.263200
57 61 -20.661160
59 61 -277.777800
61 61 403.702100
62 62 206.563700
64 62 -71.428570
67 62 -135.135100
63 63 438.045200
64 63 -274.024000
65 63 -71.428570
66 63 -92.592590
62 64 -71.428570
63 64 -274.024000
64 64 468.507300
65 64 -57.803470
67 64 -20.408160
184 64 -44.843050
63 65 -71.428570
64 65 -57.803470
65 65 129.232000
63 66 -92.592590
66 66 268.031200
616 66 -175.438600
62 67 -135.135100
64 67 -20.408160
67 67 155.543300
68 68 9.202356
88 68 -1.841282
90 68 -4.595588
94 68 -2.765487
69 69 162.908800
70 69 -106.383000
71 69 -7.401924
74 69 -4.868549
91 69 -36.764710
103 69 -7.490637
69 70 -106.383000
70 70 406.071800
93 70 -81.967220
98 70 -35.211270
126 70 -27.548210
129 70 -28.169010
143 70 -85.470090
171 70 -24.875620
207 70 -16.447370
69 71 -7.401924
71 71 222.579900
91 71 -4.524887
96 71 -16.556290
97 71 -44.843050
106 71 -149.253700
72 72 30.158030
75 72 -10.706640
107 72 -15.432100
152 72 -4.019293
73 73 25.169920
81 73 -11.587490
83 73 -5.200208
89 73 -8.382230
69 74 -4.868549
74 74 32.779950
78 74 -21.598270
80 74 -6.313131
72 75 -10.706640
75 75 60.370280
103 75 -5.364807
107 75 -3.821169
123 75 -2.016129
127 75 -38.461540
76 76 41.669200
101 76 -3.810976
131 76 -4.524887
153 76 -33.333340
77 77 202.673800
95 77 -20.202020
117 77 -60.606060
132 77 -116.279100
158 77 -5.586592
74 78 -21.598270
78 78 58.103240
85 78 -8.912656
96 78 -5.861665
97 78 -12.224940
106 78 -9.505703
79 79 51.281530
81 79 -7.434945
84 79 -8.680555
88 79 -10.172940
117 79 -7.418397
151 79 -17.574690
74 80 -6.313131
80 80 29.328490
82 80 -6.447453
85 80 -6.949270
97 80 -6.849315
101 80 -2.769316
73 81 -11.587490
79 81 -7.434945
81 81 43.190140
83 81 -7.178751
148 81 -11.876480
151 81 -5.112474
80 82 -6.447453
82 82 15.574510
96 82 -5.583473
101 82 -3.543586
73 83 -5.200208
81 83 -7.178751
83 83 32.324270
103 83 -4.875670
127 83 -10.706640
149 83 -4.363002
79 84 -8.680555
84 84 158.498600
86 84 -39.215690
99 84 -90.090100
104 84 -5.913661
148 84 -14.598540
78 85 -8.912656
80 85 -6.949270
85 85 156.260500
97 85 -86.206890
106 85 -33.444820
146 85 -20.746890
84 86 -39.215690
86 86 66.784610
87 86 -20.242910
88 86 -7.326007
86 87 -20.242910
87 87 96.474590
99 87 -33.222590
102 87 -0.678656
105 87 -4.424779
110 87 -1.620483
111 87 -2.867795
148 87 -8.726004
149 87 -24.691360
68 88 -1.841282
79 88 -10.172940
86 88 -7.326007
88 88 54.840770
95 88 -18.018020
102 88 -17.482520
73 89 -8.382230
89 89 38.139820
92 89 -19.646360
96 89 -10.111220
68 90 -4.595588
90 90 18.275110
131 90 -5.760368
158 90 -4.201681
159 90 -3.717472
69 91 -36.764710
71 91 -4.524887
91 91 71.592620
144 91 -30.303030
89 92 -19.646360
92 92 39.289160
117 92 -2.836075
146 92 -16.806720
70 93 -81.967220
93 93 413.036000
98 93 -51.813470
177 93 -208.333300
193 93 -70.921980
68 94 -2.765487
94 94 49.022790
131 94 -5.934718
154 94 -40.322580
77 95 -20.202020
88 95 -18.018020
95 95 103.744400
104 95 -13.986010
105 95 -15.698590
117 95 -9.496676
151 95 -21.691970
159 95 -4.651163
71 96 -16.556290
78 96 -5.861665
82 96 -5.583473
89 96 -10.111220
96 96 94.609830
146 96 -56.497180
71 97 -44.843050
78 97 -12.224940
80 97 -6.849315
85 97 -86.206890
97 97 299.636200
98 97 -108.695600
106 97 -40.816330
70 98 -35.211270
93 98 -51.813470
97 98 -108.695600
98 98 390.875600
128 98 -54.310180
129 98 -140.845100
84 99 -90.090100
87 99 -33.222590
99 99 247.976700
100 99 -106.383000
102 99 -11.614400
105 99 -6.666667
99 100 -106.383000
100 100 333.767400
118 100 -53.918150
134 100 -36.101080
142 100 -74.074070
147 100 -63.291140
76 101 -3.810976
80 101 -2.769316
82 101 -3.543586
101 101 10.123880
87 102 -0.678656
88 102 -17.482520
99 102 -11.614400
102 102 32.192690
110 102 -0.893495
111 102 -1.002104
136 102 -0.521512
69 103 -7.490637
75 103 -5.364807
83 103 -4.875670
103 103 77.020770
144 103 -54.054050
152 103 -5.235602
84 104 -5.913661
95 104 -13.986010
104 104 31.433700
151 104 -11.534030
87 105 -4.424779
95 105 -15.698590
99 105 -6.666667
105 105 32.981980
132 105 -6.191950
71 106 -149.253700
78 106 -9.505703
85 106 -33.444820
97 106 -40.816330
106 106 233.020600
72 107 -15.432100
75 107 -3.821169
107 107 24.590700
108 107 -3.232062
115 107 -1.465416
123 107 -0.639959
107 108 -3.232062
108 108 481.772800
114 108 -47.393370
115 108 -202.439400
121 108 -112.359600
123 108 -3.988831
124 108 -112.359600
109 109 294.063900
111 109 -222.222200
115 109 -0.590912
116 109 -3.594536
123 109 -67.656190
87 110 -1.620483
102 110 -0.893495
110 110 20.474670
111 110 -5.184033
113 110 -5.646527
136 110 -3.974563
140 110 -3.155569
87 111 -2.867795
102 111 -1.002104
109 111 -222.222200
110 111 -5.184033
111 111 566.187400
112 111 -47.846890
113 111 -60.925540
116 111 -92.657780
120 111 -100.000000
138 111 -2.248707
140 111 -2.823264
141 111 -28.409090
111 112 -47.846890
112 112 312.855800
113 112 -45.248870
134 112 -141.019900
136 112 -78.740160
110 113 -5.646527
111 113 -60.925540
112 113 -45.248870
113 113 1123.899000
116 113 -2.626740
122 113 -555.555500
133 113 -250.000000
134 113 -119.047600
135 113 -68.493150
138 113 -10.718110
140 113 -5.636979
108 114 -47.393370
114 114 75.105100
115 114 -5.040322
122 114 -6.561680
135 114 -7.570023
139 114 -8.539710
107 115 -1.465416
108 115 -202.439400
109 115 -0.590912
114 115 -5.040322
115 115 514.633200
116 115 -107.669300
119 115 -66.225170
121 115 -57.471260
123 115 -16.260160
124 115 -57.471260
109 116 -3.594536
111 116 -92.657780
113 116 -2.626740
115 116 -107.669300
116 116 219.622700
123 116 -9.794319
138 116 -1.527184
140 116 -1.752848
77 117 -60.606060
79 117 -7.418397
92 117 -2.836075
95 117 -9.496676
117 117 427.148100
118 117 -108.695600
132 117 -238.095200
100 118 -53.918150
117 118 -108.695600
118 118 283.324900
145 118 -15.673980
150 118 -72.463770
155 118 -32.573290
115 119 -66.225170
119 119 500.056200
120 119 -33.557050
123 119 -103.092800
125 119 -41.493770
126 119 -46.296300
137 119 -61.349690
141 119 -125.000000
143 119 -23.041470
111 120 -100.000000
119 120 -33.557050
120 120 168.279300
150 120 -34.722220
108 121 -112.359600
115 121 -57.471260
121 121 328.561000
125 121 -158.730200
113 122 -555.555500
114 122 -6.561680
122 122 575.520900
135 122 -7.326007
139 122 -5.577245
140 122 -0.500425
75 123 -2.016129
107 123 -0.639959
108 123 -3.988831
109 123 -67.656190
115 123 -16.260160
116 123 -9.794319
119 123 -103.092800
123 123 203.448400
20 124 -81.967220
108 124 -112.359600
115 124 -57.471260
124 124 251.798000
23 125 -129.870100
119 125 -41.493770
121 125 -158.730200
125 125 330.094100
70 126 -27.548210
119 126 -46.296300
126 126 186.204100
127 126 -112.359600
75 127 -38.461540
83 127 -10.706640
126 127 -112.359600
127 127 176.364500
152 127 -14.836790
98 128 -54.310180
128 128 128.826600
129 128 -55.248620
153 128 -19.267820
70 129 -28.169010
98 129 -140.845100
128 129 -55.248620
129 129 290.207500
145 129 -51.282050
147 129 -14.662760
130 130 89.757480
131 130 -33.333340
153 130 -32.894740
155 130 -23.529410
76 131 -4.524887
90 131 -5.760368
94 131 -5.934718
130 131 -33.333340
131 131 59.894570
154 131 -10.341260
77 132 -116.279100
105 132 -6.191950
117 132 -238.095200
132 132 360.566300
113 133 -250.000000
133 133 528.034200
134 133 -227.272700
138 133 -50.761420
100 134 -36.101080
112 134 -141.019900
113 134 -119.047600
133 134 -227.272700
134 134 563.441300
140 134 -40.000000
113 135 -68.493150
114 135 -7.570023
122 135 -7.326007
135 135 301.272700
138 135 -144.927500
139 135 -72.955980
102 136 -0.521512
110 136 -3.974563
112 136 -78.740160
136 136 83.236240
21 137 -34.129690
119 137 -61.349690
137 137 95.479390
111 138 -2.248707
113 138 -10.718110
116 138 -1.527184
133 138 -50.761420
135 138 -144.927500
138 138 213.375800
140 138 -3.192848
114 139 -8.539710
122 139 -5.577245
135 139 -72.955980
139 139 87.516890
140 139 -0.443951
110 140 -3.155569
111 140 -2.823264
113 140 -5.636979
116 140 -1.752848
122 140 -0.500425
134 140 -40.000000
138 140 -3.192848
139 140 -0.443951
140 140 57.505890
111 141 -28.409090
119 141 -125.000000
141 141 153.409100
100 142 -74.074070
142 142 306.632200
150 142 -232.558100
70 143 -85.470090
119 143 -23.041470
143 143 162.565600
144 143 -54.054050
91 144 -30.303030
103 144 -54.054050
143 144 -54.054050
144 144 138.411100
118 145 -15.673980
129 145 -51.282050
145 145 121.010100
146 145 -54.054050
85 146 -20.746890
92 146 -16.806720
96 146 -56.497180
145 146 -54.054050
146 146 148.104800
100 147 -63.291140
129 147 -14.662760
147 147 133.509500
148 147 -55.555560
81 148 -11.876480
84 148 -14.598540
87 148 -8.726004
147 148 -55.555560
148 148 99.733250
149 148 -8.976661
83 149 -4.363002
87 149 -24.691360
148 149 -8.976661
149 149 38.031020
118 150 -72.463770
120 150 -34.722220
142 150 -232.558100
150 150 393.798200
151 150 -54.054050
79 151 -17.574690
81 151 -5.112474
95 151 -21.691970
104 151 -11.534030
150 151 -54.054050
151 151 109.967200
72 152 -4.019293
103 152 -5.235602
127 152 -14.836790
152 152 24.091690
76 153 -33.333340
128 153 -19.267820
130 153 -32.894740
153 153 85.495900
94 154 -40.322580
131 154 -10.341260
154 154 50.663840
118 155 -32.573290
130 155 -23.529410
155 155 91.816990
156 155 -35.714280
155 156 -35.714280
156 156 52.825050
158 156 -5.747127
159 156 -11.363640
46 157 -153.846100
157 157 153.846100
77 158 -5.586592
90 158 -4.201681
156 158 -5.747127
158 158 15.535400
90 159 -3.717472
95 159 -4.651163
156 159 -11.363640
159 159 19.732270
14 160 -66.666670
160 160 103.703700
185 160 -37.037040
2 161 -84.745760
161 161 312.018500
205 161 -227.272700
16 162 -27.932960
162 162 72.776020
188 162 -44.843050
25 163 -256.410300
163 163 372.160700
164 163 -25.510200
165 163 -23.923440
188 163 -62.500000
203 163 -3.816794
163 164 -25.510200
164 164 25.510200
163 165 -23.923440
165 165 107.957100
201 165 -84.033620
166 166 139.072300
167 166 -42.918460
219 166 -96.153850
166 167 -42.918460
167 167 217.021600
194 167 -93.457940
195 167 -80.645160
168 168 104.685400
178 168 -44.444440
183 168 -60.240960
169 169 190.748100
170 169 -61.634600
171 169 -22.471910
172 169 -19.685040
216 169 -86.956520
169 170 -61.634600
170 170 172.115600
189 170 -37.488320
211 170 -72.992700
70 171 -24.875620
169 171 -22.471910
171 171 408.826900
184 171 -194.174800
193 171 -54.945050
210 171 -112.359600
169 172 -19.685040
172 172 447.417400
173 172 -17.211700
174 172 -22.779040
184 172 -259.740300
193 172 -78.740160
628 172 -24.630540
631 172 -24.630540
42 173 -2000.000000
172 173 -17.211700
173 173 2141.630000
174 173 -70.422530
175 173 -37.735850
190 173 -16.260160
172 174 -22.779040
173 174 -70.422530
174 174 93.201580
36 175 -344.827600
173 175 -37.735850
175 175 577.801500
190 175 -28.571430
667 175 -166.666700
12 176 -41.666670
13 176 -59.523810
176 176 101.190500
93 177 -208.333300
177 177 310.374100
193 177 -102.040800
16 178 -42.735040
20 178 -47.169810
21 178 -81.967220
168 178 -44.444440
178 178 216.316500
179 179 219.540200
180 179 -133.333300
208 179 -86.206890
179 180 -133.333300
180 180 758.142300
184 180 -144.927500
192 180 -303.030300
212 180 -57.803470
626 180 -119.047600
181 181 66.357080
188 181 -32.573290
215 181 -33.783780
27 182 -97.087380
28 182 -95.238100
45 182 -37.313430
49 182 -26.595750
182 182 375.282300
204 182 -119.047600
33 183 -35.971230
168 183 -60.240960
183 183 122.458900
215 183 -26.246720
64 184 -44.843050
171 184 -194.174800
172 184 -259.740300
180 184 -144.927500
184 184 643.685700
4 185 -98.039220
54 185 -62.500000
160 185 -37.037040
185 185 323.006900
188 185 -19.047620
206 185 -106.383000
11 186 -149.253700
186 186 507.983900
205 186 -200.000000
213 186 -158.730200
187 187 28.011200
194 187 -28.011200
162 188 -44.843050
163 188 -62.500000
181 188 -32.573290
185 188 -19.047620
188 188 191.431500
191 188 -32.467530
26 189 -75.757580
28 189 -15.360980
30 189 -84.745760
43 189 -47.846890
56 189 -23.696680
170 189 -37.488320
189 189 284.896200
57 190 -35.714280
173 190 -16.260160
175 190 -28.571430
190 190 120.706500
518 190 -40.160640
188 191 -32.467530
191 191 216.834600
205 191 -93.457940
206 191 -90.909090
180 192 -303.030300
192 192 443.875400
193 192 -140.845100
93 193 -70.921980
171 193 -54.945050
172 193 -78.740160
177 193 -102.040800
192 193 -140.845100
193 193 550.088000
210 193 -55.865920
214 193 -46.728970
167 194 -93.457940
187 194 -28.011200
194 194 266.396700
196 194 -144.927500
167 195 -80.645160
195 195 93.384010
203 195 -12.738850
194 196 -144.927500
196 196 748.900700
197 196 -212.766000
198 196 -227.272700
685 196 -163.934400
196 197 -212.766000
197 197 251.981600
290 197 -39.215690
196 198 -227.272700
198 198 526.245600
199 198 -212.766000
200 198 -86.206890
198 199 -212.766000
199 199 299.722500
421 199 -86.956520
198 200 -86.206890
200 200 340.955200
201 200 -93.457940
204 200 -161.290300
165 201 -84.033620
200 201 -93.457940
201 201 177.491600
202 202 742.082900
203 202 -140.845100
209 202 -344.827600
213 202 -256.410300
163 203 -3.816794
195 203 -12.738850
202 203 -140.845100
203 203 157.400700
182 204 -119.047600
200 204 -161.290300
204 204 280.338000
161 205 -227.272700
186 205 -200.000000
191 205 -93.457940
205 205 592.159200
212 205 -71.428570
185 206 -106.383000
191 206 -90.909090
206 206 197.292100
70 207 -16.447370
207 207 120.839700
214 207 -31.250000
215 207 -14.662760
216 207 -58.479530
26 208 -114.942500
179 208 -86.206890
208 208 201.149400
202 209 -344.827600
209 209 344.827600
171 210 -112.359600
193 210 -55.865920
210 210 168.225500
37 211 -90.909090
60 211 -72.992700
170 211 -72.992700
211 211 236.894500
180 212 -57.803470
205 212 -71.428570
212 212 444.587200
213 212 -85.470090
215 212 -229.885100
186 213 -158.730200
202 213 -256.410300
212 213 -85.470090
213 213 500.610500
193 214 -46.728970
207 214 -31.250000
214 214 77.978970
181 215 -33.783780
183 215 -26.246720
207 215 -14.662760
212 215 -229.885100
215 215 304.578300
169 216 -86.956520
207 216 -58.479530
216 216 145.436100
7 217 -92.592590
8 217 -42.372880
217 217 223.605700
218 217 -50.761420
268 217 -37.878790
217 218 -50.761420
218 218 281.190700
219 218 -108.259900
220 218 -3.158560
237 218 -51.020410
671 218 -63.291140
672 218 -4.699248
166 219 -96.153850
218 219 -108.259900
219 219 205.965600
672 219 -1.551831
218 220 -3.158560
220 220 100.822100
267 220 -7.251632
670 220 -50.251260
671 220 -40.160640
221 221 395.804400
233 221 -112.359600
235 221 -250.000000
236 221 -33.444820
222 222 294.117600
256 222 -294.117600
223 223 325.314600
224 223 -133.333300
226 223 -184.720900
265 223 -0.562366
673 223 -6.697924
223 224 -133.333300
224 224 185.964900
225 224 -52.631580
224 225 -52.631580
225 225 162.430600
229 225 -43.859650
265 225 -24.570020
266 225 -8.474576
673 225 -32.894740
223 226 -184.720900
226 226 522.528900
227 226 -96.153850
228 226 -161.290300
230 226 -75.757580
673 226 -4.606173
226 227 -96.153850
227 227 821.574300
231 227 -312.500000
232 227 -303.030300
233 227 -109.890100
226 228 -161.290300
228 228 551.990200
236 228 -33.557050
266 228 -357.142900
8 229 -135.135100
225 229 -43.859650
229 229 579.770600
256 229 -227.272700
265 229 -33.670030
266 229 -11.627910
268 229 -128.205100
226 230 -75.757580
230 230 538.254900
231 230 -42.194090
232 230 -30.120480
234 230 -50.000000
235 230 -51.546390
236 230 -50.000000
256 230 -208.333300
265 230 -30.303030
227 231 -312.500000
230 231 -42.194090
231 231 354.694100
227 232 -303.030300
230 232 -30.120480
232 232 333.150800
221 233 -112.359600
227 233 -109.890100
233 233 287.609100
234 233 -65.359470
230 234 -50.000000
233 234 -65.359470
234 234 115.359500
221 235 -250.000000
230 235 -51.546390
235 235 301.546400
221 236 -33.444820
228 236 -33.557050
230 236 -50.000000
236 236 145.538300
253 236 -28.536390
218 237 -51.020410
237 237 450.809800
238 237 -73.529410
252 237 -172.413800
269 237 -153.846100
237 238 -73.529410
238 238 391.225100
239 238 -116.279100
240 238 -114.942500
253 238 -15.552100
261 238 -70.921980
238 239 -116.279100
239 239 195.685900
240 239 -4.923683
241 239 -2.436647
242 239 -67.567570
253 239 -1.318218
261 239 -2.561476
675 239 -0.599197
238 240 -114.942500
239 240 -4.923683
240 240 157.142700
241 240 -33.003300
261 240 -3.255208
262 240 -0.692377
675 240 -0.325659
239 241 -2.436647
240 241 -33.003300
241 241 339.544700
243 241 -120.481900
253 241 -0.414508
259 241 -52.356020
262 241 -71.471290
675 241 -43.828920
677 241 -15.552100
239 242 -67.567570
242 242 243.520600
264 242 -46.082950
674 242 -129.870100
241 243 -120.481900
243 243 161.199400
246 243 -25.113210
255 243 -5.527916
679 243 -4.048583
680 243 -6.027727
244 244 213.820400
245 244 -86.744670
676 244 -5.414185
678 244 -121.661500
244 245 -86.744670
245 245 180.208200
261 245 -13.869630
676 245 -57.565920
677 245 -19.607840
678 245 -2.420135
243 246 -25.113210
246 246 185.985500
247 246 -15.267180
254 246 -95.238100
255 246 -10.141990
676 246 -21.739130
679 246 -7.423905
680 246 -11.061950
246 247 -15.267180
247 247 296.297900
248 247 -68.493150
255 247 -66.662990
259 247 -0.713318
680 247 -80.645160
681 247 -64.516130
247 248 -68.493150
248 248 151.826500
254 248 -83.333340
249 249 56.788660
259 249 -5.506608
684 249 -51.282050
250 250 14.652630
251 250 -10.537410
255 250 -4.115226
250 251 -10.537410
251 251 15.708040
255 251 -5.170631
237 252 -172.413800
252 252 543.011700
256 252 -67.567570
260 252 -303.030300
236 253 -28.536390
238 253 -15.552100
239 253 -1.318218
241 253 -0.414508
253 253 46.549050
268 253 -0.390137
677 253 -0.337701
246 254 -95.238100
248 254 -83.333340
254 254 358.555300
258 254 -84.745760
269 254 -95.238100
243 255 -5.527916
246 255 -10.141990
247 255 -66.662990
250 255 -4.115226
251 255 -5.170631
255 255 139.960100
679 255 -11.682240
680 255 -17.391300
683 255 -19.267820
222 256 -294.117600
229 256 -227.272700
230 256 -208.333300
252 256 -67.567570
256 256 797.291300
257 257 86.206890
258 257 -86.206890
254 258 -84.745760
257 258 -86.206890
258 258 239.445800
259 258 -68.493150
241 259 -52.356020
247 259 -0.713318
249 259 -5.506608
258 259 -68.493150
259 259 136.218200
684 259 -9.149131
252 260 -303.030300
260 260 590.044600
263 260 -98.039220
268 260 -120.481900
669 260 -68.493150
238 261 -70.921980
239 261 -2.561476
240 261 -3.255208
245 261 -13.869630
261 261 193.701100
262 261 -103.092800
240 262 -0.692377
241 262 -71.471290
261 262 -103.092800
262 262 218.251700
264 262 -36.231880
675 262 -6.169031
677 262 -0.594318
260 263 -98.039220
263 263 166.532400
264 263 -68.493150
242 264 -46.082950
262 264 -36.231880
263 264 -68.493150
264 264 150.808000
223 265 -0.562366
225 265 -24.570020
229 265 -33.670030
230 265 -30.303030
265 265 95.615870
266 265 -6.510417
225 266 -8.474576
228 266 -357.142900
229 266 -11.627910
265 266 -6.510417
266 266 383.755800
220 267 -7.251632
267 267 7.251632
217 268 -37.878790
229 268 -128.205100
253 268 -0.390137
260 268 -120.481900
268 268 286.956000
237 269 -153.846100
254 269 -95.238100
269 269 249.084200
270 270 187.891100
271 270 -45.871560
273 270 -3.796507
276 270 -2.912904
277 270 -8.787347
278 270 -54.170160
280 270 -14.204550
283 270 -25.510200
287 270 -2.050020
297 270 -30.587790
270 271 -45.871560
271 271 231.658000
275 271 -56.818180
277 271 -59.523810
280 271 -69.444440
272 272 83.633920
274 272 -83.633920
270 273 -3.796507
273 273 25.395580
274 273 -3.625816
277 273 -10.298660
278 273 -3.582945
280 273 -4.091653
272 274 -83.633920
273 274 -3.625816
274 274 122.531700
277 274 -2.298851
278 274 -32.973150
271 275 -56.818180
275 275 356.137900
277 275 -204.081600
278 275 -95.238100
270 276 -2.912904
276 276 61.346760
280 276 -26.097130
281 276 -1.460280
283 276 -27.700830
284 276 -3.175611
270 277 -8.787347
271 277 -59.523810
273 277 -10.298660
274 277 -2.298851
275 277 -204.081600
277 277 292.270600
278 277 -4.914005
280 277 -2.366304
270 278 -54.170160
273 278 -3.582945
274 278 -32.973150
275 278 -95.238100
277 278 -4.914005
278 278 243.913500
279 278 -50.000000
287 278 -1.624959
297 278 -1.410238
278 279 -50.000000
279 279 98.780490
290 279 -48.780490
270 280 -14.204550
271 280 -69.444440
273 280 -4.091653
276 280 -26.097130
277 280 -2.366304
280 280 116.204100
276 281 -1.460280
281 281 239.185700
282 281 -45.943000
283 281 -53.860590
284 281 -87.673740
289 281 -5.434783
290 281 -8.183307
295 281 -36.630040
281 282 -45.943000
282 282 50.448880
296 282 -1.110741
301 282 -1.660302
310 282 -0.618200
311 282 -0.533077
312 282 -0.583567
270 283 -25.510200
276 283 -27.700830
281 283 -53.860590
283 283 253.933200
289 283 -9.746589
290 283 -15.455950
295 283 -64.516130
297 283 -57.142860
276 284 -3.175611
281 284 -87.673740
284 284 90.849360
285 285 110.413400
286 285 -38.461540
288 285 -4.852014
289 285 -6.939625
291 285 -14.005600
293 285 -1.455604
295 285 -10.183300
296 285 -6.983241
297 285 -2.901915
298 285 -24.630540
285 286 -38.461540
286 286 493.845600
295 286 -109.890100
297 286 -41.841000
298 286 -166.666700
315 286 -136.986300
270 287 -2.050020
278 287 -1.624959
287 287 16.081380
293 287 -9.551099
295 287 -0.382497
297 287 -2.472799
285 288 -4.852014
288 288 11.253210
291 288 -2.367424
293 288 -1.677571
298 288 -1.184694
307 288 -1.171509
281 289 -5.434783
283 289 -9.746589
285 289 -6.939625
289 289 153.722200
290 289 -10.537410
293 289 -58.139530
295 289 -46.948360
297 289 -5.449591
298 289 -10.526320
197 290 -39.215690
279 290 -48.780490
281 290 -8.183307
283 290 -15.455950
289 290 -10.537410
290 290 345.901300
292 290 -121.951200
295 290 -69.930070
309 290 -31.847140
285 291 -14.005600
288 291 -2.367424
291 291 363.760900
292 291 -50.000000
294 291 -23.980810
298 291 -3.136763
315 291 -270.270300
290 292 -121.951200
291 292 -50.000000
292 292 209.687100
309 292 -37.735850
285 293 -1.455604
287 293 -9.551099
288 293 -1.677571
289 293 -58.139530
293 293 98.756770
294 293 -27.932960
291 294 -23.980810
293 294 -27.932960
294 294 51.913780
281 295 -36.630040
283 295 -64.516130
285 295 -10.183300
286 295 -109.890100
287 295 -0.382497
289 295 -46.948360
290 295 -69.930070
295 295 398.546600
296 295 -34.129690
297 295 -7.898894
298 295 -6.788866
311 295 -11.248590
282 296 -1.110741
285 296 -6.983241
295 296 -34.129690
296 296 189.361100
301 296 -116.806000
310 296 -1.636126
311 296 -27.173910
312 296 -1.521375
270 297 -30.587790
278 297 -1.410238
283 297 -57.142860
285 297 -2.901915
286 297 -41.841000
287 297 -2.472799
289 297 -5.449591
295 297 -7.898894
297 297 152.067500
298 297 -2.362391
285 298 -24.630540
286 298 -166.666700
288 298 -1.184694
289 298 -10.526320
291 298 -3.136763
295 298 -6.788866
297 298 -2.362391
298 298 215.296200
299 299 216.416000
300 299 -53.763440
303 299 -26.809650
305 299 -15.360980
314 299 -120.481900
299 300 -53.763440
300 300 428.435700
305 300 -9.165903
306 300 -62.476050
308 300 -303.030300
282 301 -1.660302
296 301 -116.806000
301 301 181.191100
310 301 -58.349160
311 301 -2.103492
312 301 -2.272211
302 302 64.102570
313 302 -64.102570
299 303 -26.809650
303 303 32.183110
305 303 -5.373455
304 304 182.338800
308 304 -119.047600
313 304 -63.291140
299 305 -15.360980
300 305 -9.165903
303 305 -5.373455
305 305 48.673420
306 305 -12.690360
312 305 -6.082725
300 306 -62.476050
305 306 -12.690360
306 306 375.486800
308 306 -49.019610
312 306 -84.634140
313 306 -166.666700
288 307 -1.171509
307 307 1.945503
310 307 -0.773994
300 308 -303.030300
304 308 -119.047600
306 308 -49.019610
308 308 537.764200
309 308 -66.666670
290 309 -31.847140
292 309 -37.735850
308 309 -66.666670
309 309 136.249700
282 310 -0.618200
296 310 -1.636126
301 310 -58.349160
307 310 -0.773994
310 310 155.778600
311 310 -10.416670
312 310 -50.651150
315 310 -33.333340
282 311 -0.533077
295 311 -11.248590
296 311 -27.173910
301 311 -2.103492
310 311 -10.416670
311 311 168.739700
312 311 -117.263900
282 312 -0.583567
296 312 -1.521375
301 312 -2.272211
305 312 -6.082725
306 312 -84.634140
310 312 -50.651150
311 312 -117.263900
312 312 328.368500
313 312 -65.359470
302 313 -64.102570
304 313 -63.291140
306 313 -166.666700
312 313 -65.359470
313 313 359.419900
299 314 -120.481900
314 314 120.481900
286 315 -136.986300
291 315 -270.270300
310 315 -33.333340
315 315 440.589900
316 316 6.422607
408 316 -6.422607
317 317 120.600100
318 317 -11.764710
324 317 -10.952900
339 317 -64.935070
343 317 -4.764173
344 317 -2.631579
357 317 -4.376368
363 317 -1.936108
373 317 -2.604845
431 317 -0.827472
435 317 -4.962779
441 317 -5.558643
446 317 -5.285412
317 318 -11.764710
318 318 22.475170
435 318 -7.137759
446 318 -3.572704
319 319 192.428600
320 319 -182.360700
360 319 -1.607975
363 319 -7.112376
364 319 -1.347527
319 320 -182.360700
320 320 358.777500
321 320 -109.302700
322 320 -67.114100
320 321 -109.302700
321 321 379.322500
322 321 -185.185200
323 321 -6.365372
324 321 -13.513510
427 321 -41.493770
438 321 -8.333334
442 321 -15.128590
320 322 -67.114100
321 322 -185.185200
322 322 252.299300
321 323 -6.365372
323 323 47.899540
437 323 -16.806720
438 323 -0.420964
440 323 -17.271160
442 323 -0.757863
446 323 -6.277464
317 324 -10.952900
321 324 -13.513510
324 324 49.382090
427 324 -4.359198
442 324 -11.627910
446 324 -8.928571
325 325 270.720900
339 325 -77.519380
427 325 -79.365080
445 325 -47.169810
446 325 -66.666670
326 326 556.925200
328 326 -135.135100
339 326 -37.174720
445 326 -384.615400
327 327 18.056940
328 327 -10.405830
409 327 -7.651109
326 328 -135.135100
327 328 -10.405830
328 328 229.573400
330 328 -8.539710
409 328 -49.751240
430 328 -17.953320
436 328 -7.788162
329 329 5.351278
336 329 -0.479524
424 329 -2.253267
430 329 -2.618486
328 330 -8.539710
330 330 12.664920
331 330 -1.117693
336 330 -3.007519
330 331 -1.117693
331 331 25.115340
336 331 -10.502460
424 331 -0.691085
436 331 -12.804100
332 332 106.344800
333 332 -69.444440
347 332 -36.900370
332 333 -69.444440
333 333 109.581800
334 333 -32.077980
335 333 -1.372684
336 333 -4.387889
424 333 -2.298851
333 334 -32.077980
334 334 35.480500
336 334 -3.402518
333 335 -1.372684
335 335 17.369580
336 335 -13.109230
424 335 -2.887670
329 336 -0.479524
330 336 -3.007519
331 336 -10.502460
333 336 -4.387889
334 336 -3.402518
335 336 -13.109230
336 336 105.134900
337 336 -25.906730
338 336 -43.774650
344 336 -0.564398
336 337 -25.906730
337 337 277.294300
338 337 -223.673900
345 337 -20.120720
349 337 -7.593015
336 338 -43.774650
337 338 -223.673900
338 338 289.720200
345 338 -22.271720
317 339 -64.935070
325 339 -77.519380
326 339 -37.174720
339 339 388.131200
340 339 -131.578900
341 339 -76.923070
339 340 -131.578900
340 340 278.667800
341 340 -90.909090
427 340 -56.179780
339 341 -76.923070
340 341 -90.909090
341 341 515.384500
342 341 -156.250000
357 341 -21.598270
360 341 -17.094020
362 341 -46.728970
428 341 -101.010100
441 341 -4.870921
341 342 -156.250000
342 342 195.932500
347 342 -39.682540
317 343 -4.764173
343 343 16.439950
344 343 -0.613309
345 343 -6.618134
357 343 -2.352388
431 343 -0.879972
441 343 -1.211974
317 344 -2.631579
336 344 -0.564398
343 344 -0.613309
344 344 78.665650
345 344 -74.074070
373 344 -0.782289
337 345 -20.120720
338 345 -22.271720
343 345 -6.618134
344 345 -74.074070
345 345 181.443100
346 345 -50.251260
354 345 -6.901311
375 345 -1.205836
345 346 -50.251260
346 346 69.083650
348 346 -18.832390
332 347 -36.900370
342 347 -39.682540
347 347 1235.674000
352 347 -250.000000
443 347 -909.090900
346 348 -18.832390
348 348 180.122700
349 348 -161.290300
337 349 -7.593015
348 349 -161.290300
349 349 302.478000
353 349 -7.246377
354 349 -14.556040
433 349 -12.987010
434 349 -30.312070
443 349 -68.493150
350 350 79.326520
351 350 -19.841270
368 350 -10.905120
381 350 -13.386880
382 350 -15.060240
433 350 -16.051360
434 350 -4.081633
350 351 -19.841270
351 351 84.252750
353 351 -64.411480
347 352 -250.000000
352 352 411.463300
353 352 -66.225170
376 352 -95.238100
349 353 -7.246377
351 353 -64.411480
352 353 -66.225170
353 353 145.647000
381 353 -7.763975
345 354 -6.901311
349 354 -14.556040
354 354 25.457350
375 354 -4.000000
355 355 58.198600
356 355 -26.315790
366 355 -2.848191
367 355 -1.913509
370 355 -17.152660
373 355 -3.639010
429 355 -2.581311
431 355 -3.748126
355 356 -26.315790
356 356 42.523250
358 356 -16.207450
317 357 -4.376368
341 357 -21.598270
343 357 -2.352388
357 357 123.910800
358 357 -34.246570
360 357 -36.231880
429 357 -13.793100
441 357 -11.312220
356 358 -16.207450
357 358 -34.246570
358 358 152.568400
360 358 -43.103450
429 358 -59.010930
359 359 110.864000
360 359 -50.505050
361 359 -25.188920
363 359 -6.184292
366 359 -24.364660
429 359 -4.621072
319 360 -1.607975
341 360 -17.094020
357 360 -36.231880
358 360 -43.103450
359 360 -50.505050
360 360 156.931600
441 360 -8.389262
359 361 -25.188920
361 361 33.112850
363 361 -7.923930
341 362 -46.728970
362 362 46.728970
317 363 -1.936108
319 363 -7.112376
359 363 -6.184292
361 363 -7.923930
363 363 51.237930
364 363 -28.081230
319 364 -1.347527
363 364 -28.081230
364 364 77.737930
365 364 -48.309180
364 365 -48.309180
365 365 57.073420
399 365 -8.764242
355 366 -2.848191
359 366 -24.364660
366 366 63.105700
367 366 -13.586960
402 366 -3.957262
429 366 -18.348630
355 367 -1.913509
366 367 -13.586960
367 367 42.968720
369 367 -11.261260
402 367 -2.657454
404 367 -1.234263
429 367 -12.315270
350 368 -10.905120
368 368 10.905120
367 369 -11.261260
369 369 22.586290
372 369 -11.325030
355 370 -17.152660
370 370 29.229950
372 370 -12.077290
371 371 42.350200
372 371 -30.487800
431 371 -11.862400
369 372 -11.325030
370 372 -12.077290
371 372 -30.487800
372 372 61.732840
398 372 -7.037297
404 372 -0.805412
317 373 -2.604845
344 373 -0.782289
355 373 -3.639010
373 373 68.106190
375 373 -56.657220
431 373 -4.422822
374 374 81.967220
378 374 -81.967220
345 375 -1.205836
354 375 -4.000000
373 375 -56.657220
375 375 84.613660
377 375 -20.661160
398 375 -1.634521
411 375 -0.454918
352 376 -95.238100
376 376 426.945300
378 376 -65.359470
392 376 -90.909090
448 376 -175.438600
375 377 -20.661160
377 377 108.242700
380 377 -14.044940
381 377 -9.041591
384 377 -16.920480
385 377 -24.038460
390 377 -10.989010
447 377 -12.547050
374 378 -81.967220
376 378 -65.359470
378 378 291.427600
379 378 -84.745760
388 378 -9.310987
390 378 -22.870280
447 378 -27.173910
378 379 -84.745760
379 379 97.632350
387 379 -12.886600
377 380 -14.044940
380 380 57.334990
381 380 -43.290040
350 381 -13.386880
353 381 -7.763975
377 381 -9.041591
380 381 -43.290040
381 381 88.542730
383 381 -15.060240
350 382 -15.060240
382 382 24.620470
383 382 -9.560229
381 383 -15.060240
382 383 -9.560229
383 383 52.321300
384 383 -27.700830
377 384 -16.920480
383 384 -27.700830
384 384 44.621310
377 385 -24.038460
385 385 48.834820
390 385 -11.792450
447 385 -13.003900
386 386 16.051360
388 386 -16.051360
379 387 -12.886600
387 387 589.292000
388 387 -74.245380
393 387 -16.260160
447 387 -485.899800
378 388 -9.310987
386 388 -16.051360
387 388 -74.245380
388 388 167.850600
389 388 -33.003300
393 388 -35.239620
388 389 -33.003300
389 389 101.785800
390 389 -49.019610
393 389 -19.762850
377 390 -10.989010
378 390 -22.870280
385 390 -11.792450
389 390 -49.019610
390 390 151.489500
391 390 -56.818180
390 391 -56.818180
391 391 68.130400
394 391 -11.312220
376 392 -90.909090
392 392 212.220600
393 392 -66.666670
406 392 -54.644810
387 393 -16.260160
388 393 -35.239620
389 393 -19.762850
392 393 -66.666670
393 393 203.899300
394 393 -18.248170
395 393 -33.944860
398 393 -3.753754
403 393 -0.830565
404 393 -1.174398
411 393 -1.044714
431 393 -6.973501
391 394 -11.312220
393 394 -18.248170
394 394 91.061490
395 394 -34.602080
396 394 -26.899020
393 395 -33.944860
394 395 -34.602080
395 395 76.590390
398 395 -2.832059
404 395 -0.886132
411 395 -4.325260
394 396 -26.899020
396 396 43.762430
397 396 -16.863410
396 397 -16.863410
397 397 23.140870
410 397 -6.277464
372 398 -7.037297
375 398 -1.634521
393 398 -3.753754
395 398 -2.832059
398 398 30.605300
403 398 -4.177109
404 398 -5.910165
411 398 -5.260389
365 399 -8.764242
399 399 42.237670
401 399 -22.148390
402 399 -11.325030
400 400 16.780910
401 400 -6.265664
403 400 -10.515250
399 401 -22.148390
400 401 -6.265664
401 401 32.312690
408 401 -3.898635
366 402 -3.957262
367 402 -2.657454
399 402 -11.325030
402 402 21.526540
429 402 -3.586800
393 403 -0.830565
398 403 -4.177109
400 403 -10.515250
403 403 213.025700
404 403 -38.071380
407 403 -81.382440
411 403 -78.048970
367 404 -1.234263
372 404 -0.805412
393 404 -1.174398
395 404 -0.886132
398 404 -5.910165
403 404 -38.071380
404 404 51.395090
411 404 -1.645278
429 404 -1.668057
405 405 72.336360
407 405 -54.945050
408 405 -17.391300
392 406 -54.644810
406 406 188.029000
407 406 -64.102570
421 406 -37.735850
428 406 -31.545740
403 407 -81.382440
405 407 -54.945050
406 407 -64.102570
407 407 364.792200
410 407 -13.927580
412 407 -64.563960
413 407 -85.870570
316 408 -6.422607
401 408 -3.898635
405 408 -17.391300
408 408 36.903720
416 408 -9.191176
327 409 -7.651109
328 409 -49.751240
409 409 57.402350
397 410 -6.277464
407 410 -13.927580
410 410 81.587770
411 410 -39.840480
414 410 -13.966480
417 410 -7.575758
375 411 -0.454918
393 411 -1.044714
395 411 -4.325260
398 411 -5.260389
403 411 -78.048970
404 411 -1.645278
410 411 -39.840480
411 411 130.620000
407 412 -64.563960
412 412 118.327400
413 412 -53.763440
407 413 -85.870570
412 413 -53.763440
413 413 214.053600
414 413 -69.444440
417 413 -4.975124
410 414 -13.966480
413 414 -69.444440
414 414 109.781700
415 414 -14.836790
417 414 -11.534030
414 415 -14.836790
415 415 47.565420
416 415 -6.422607
417 415 -6.385696
425 415 -19.920320
408 416 -9.191176
415 416 -6.422607
416 416 24.385710
417 416 -8.771930
410 417 -7.575758
413 417 -4.975124
414 417 -11.534030
415 417 -6.385696
416 417 -8.771930
417 417 54.897980
418 417 -7.390983
419 417 -8.264462
417 418 -7.390983
418 418 105.906300
422 418 -98.515310
417 419 -8.264462
419 419 71.580600
420 419 -35.460990
422 419 -27.855150
419 420 -35.460990
420 420 44.894950
423 420 -9.433963
199 421 -86.956520
406 421 -37.735850
421 421 190.051800
422 421 -65.359470
418 422 -98.515310
419 422 -27.855150
421 422 -65.359470
422 422 191.729900
420 423 -9.433963
423 423 9.433963
329 424 -2.253267
331 424 -0.691085
333 424 -2.298851
335 424 -2.887670
424 424 13.530440
430 424 -5.399568
415 425 -19.920320
425 425 19.920320
426 426 289.583300
427 426 -156.250000
524 426 -133.333300
321 427 -41.493770
324 427 -4.359198
325 427 -79.365080
340 427 -56.179780
426 427 -156.250000
427 427 342.549800
442 427 -4.901961
341 428 -101.010100
406 428 -31.545740
428 428 205.019600
429 428 -72.463770
355 429 -2.581311
357 429 -13.793100
358 429 -59.010930
359 429 -4.621072
366 429 -18.348630
367 429 -12.315270
402 429 -3.586800
404 429 -1.668057
428 429 -72.463770
429 429 188.388900
328 430 -17.953320
329 430 -2.618486
424 430 -5.399568
430 430 25.971380
317 431 -0.827472
343 431 -0.879972
355 431 -3.748126
371 431 -11.862400
373 431 -4.422822
393 431 -6.973501
431 431 28.714290
432 432 20.479290
444 432 -3.341130
446 432 -17.138160
349 433 -12.987010
350 433 -16.051360
433 433 29.038380
349 434 -30.312070
350 434 -4.081633
434 434 34.393700
317 435 -4.962779
318 435 -7.137759
435 435 20.467460
444 435 -1.614726
446 435 -6.752194
328 436 -7.788162
331 436 -12.804100
436 436 20.592260
323 437 -16.806720
437 437 56.806720
438 437 -40.000000
321 438 -8.333334
323 438 -0.420964
437 438 -40.000000
438 438 148.754300
504 438 -100.000000
439 439 121.632700
440 439 -40.000000
456 439 -81.632650
323 440 -17.271160
439 440 -40.000000
440 440 97.271160
456 440 -40.000000
317 441 -5.558643
341 441 -4.870921
343 441 -1.211974
357 441 -11.312220
360 441 -8.389262
441 441 31.343020
321 442 -15.128590
323 442 -0.757863
324 442 -11.627910
427 442 -4.901961
442 442 32.416320
347 443 -909.090900
349 443 -68.493150
443 443 977.584100
432 444 -3.341130
435 444 -1.614726
444 444 73.571460
445 444 -66.666670
446 444 -1.948938
325 445 -47.169810
326 445 -384.615400
444 445 -66.666670
445 445 498.451900
317 446 -5.285412
318 446 -3.572704
323 446 -6.277464
324 446 -8.928571
325 446 -66.666670
432 446 -17.138160
435 446 -6.752194
444 446 -1.948938
446 446 116.570100
377 447 -12.547050
378 447 -27.173910
385 447 -13.003900
387 447 -485.899800
447 447 607.117900
