2410 2410 54840
1 1 0.062580
26 1 -0.066378
27 1 0.007710
54 1 0.005866
57 1 -0.009275
60 1 0.001453
2 2 719461.843955
3 2 0.000000
4 2 179865.389624
5 2 0.000117
55 2 -359730.863317
56 2 0.000000
58 2 -89932.724075
59 2 -444444.444503
2 3 0.000000
3 3 7809526.819057
4 3 0.000000
5 3 -3904763.404132
55 3 -0.000000
56 3 1952381.687539
58 3 -444444.444444
59 3 -976190.846467
2 4 179865.389624
3 4 0.000000
4 4 80192.248869
5 4 -0.000000
6 4 140903.112361
7 4 0.000000
8 4 35225.799886
9 4 0.000029
55 4 -89932.724075
56 4 0.000000
58 4 -40096.066089
59 4 0.000000
61 4 -70451.593547
62 4 0.000000
64 4 -17612.895266
65 4 -111111.111126
2 5 0.000117
3 5 -3904763.404132
4 5 -0.000000
5 5 7778106.182205
6 5 -0.000117
7 5 -4984500.797778
8 5 -0.000029
9 5 623062.599405
55 5 444444.444386
56 5 -976190.846467
58 5 0.000000
59 5 1944526.531793
61 5 -444444.444386
62 5 -1246125.193217
64 5 111111.111126
65 5 155765.649403
4 6 140903.112361
5 6 -0.000117
6 6 563612.811708
7 6 0.000000
8 6 140903.112361
9 6 0.000117
58 6 -70451.593547
59 6 444444.444503
61 6 -281806.331017
62 6 0.000000
64 6 -70451.593547
65 6 -444444.444503
4 7 0.000000
5 7 -4984500.797778
6 7 0.000000
7 7 9969001.604011
8 7 -0.000000
9 7 -4984500.797779
58 7 444444.444444
59 7 -1246125.193217
61 7 0.000000
62 7 2492250.382208
64 7 -444444.444444
65 7 -1246125.193217
4 8 35225.799886
5 8 -0.000029
6 8 140903.112361
7 8 -0.000000
8 8 62821.133086
9 8 -0.000000
10 8 110380.796675
11 8 0.000000
12 8 27595.227305
13 8 0.000029
58 8 -17612.895266
59 8 111111.111126
61 8 -70451.593547
62 8 -0.000000
64 8 -31410.492069
65 8 0.000000
67 8 -55190.446045
68 8 0.000000
70 8 -13797.607684
71 8 -111111.111126
4 9 0.000029
5 9 623062.599405
6 9 0.000117
7 9 -4984500.797779
8 9 -0.000000
9 9 9928892.603961
10 9 -0.000117
11 9 -6362805.030366
12 9 -0.000029
13 9 795350.628547
58 9 -111111.111126
59 9 155765.649403
61 9 444444.444386
62 9 -1246125.193217
64 9 0.000000
65 9 2482223.134851
67 9 -444444.444386
68 9 -1590701.249330
70 9 111111.111126
71 9 198837.656408
8 10 110380.796675
9 10 -0.000117
10 10 441523.647469
11 10 -0.000000
12 10 110380.796675
13 10 0.000117
64 10 -55190.446045
65 10 444444.444503
67 10 -220761.728238
68 10 -0.000000
70 10 -55190.446045
71 10 -444444.444503
8 11 0.000000
9 11 -6362805.030366
10 11 -0.000000
11 11 12725610.067356
12 11 -0.000000
13 11 -6362805.030367
64 11 444444.444444
65 11 -1590701.249330
67 11 0.000000
68 11 3181402.495348
70 11 -444444.444444
71 11 -1590701.249330
8 12 27595.227305
9 12 -0.000029
10 12 110380.796675
11 12 -0.000000
12 12 49212.943292
13 12 -0.000000
14 12 86470.185740
15 12 -0.000000
16 12 21617.582523
17 12 0.000029
64 12 -13797.607684
65 12 111111.111126
67 12 -55190.446045
68 12 -0.000000
70 12 -24606.376582
71 12 0.000376
73 12 -43235.153776
74 12 -0.000000
76 12 -10808.783644
77 12 -111111.111502
8 13 0.000029
9 13 795350.628547
10 13 0.000117
11 13 -6362805.030367
12 13 -0.000000
13 13 12674410.176550
14 13 -0.000117
15 13 -8122235.169487
16 13 -0.000029
17 13 1015279.397710
64 13 -111111.111126
65 13 198837.656408
67 13 444444.444386
68 13 -1590701.249330
70 13 -0.000201
71 13 3168602.524651
73 13 -444444.443985
74 13 -2030558.781580
76 13 111111.110925
77 13 253819.848375
12 14 86470.185740
13 14 -0.000117
14 14 345881.328665
15 14 -0.000000
16 14 86470.185154
17 14 0.000117
70 14 -43235.153776
71 14 444444.444503
73 14 -172940.542456
74 14 -0.000000
76 14 -43235.153483
77 14 -444444.444503
12 15 -0.000000
13 15 -8122235.169487
14 15 -0.000000
15 15 16244470.371656
16 15 -0.000000
17 15 -8122235.196980
70 15 444444.444846
71 15 -2030558.781581
73 15 -0.000802
74 15 4061117.567440
76 15 -444444.444043
77 15 -2030558.788454
12 16 21617.582523
13 16 -0.000029
14 16 86470.185154
15 16 -0.000000
16 16 38552.561157
17 16 -0.000000
18 16 67739.055100
19 16 0.000000
20 16 16934.810200
21 16 0.000029
70 16 -10808.783644
71 16 111111.110750
73 16 -43235.153483
74 16 -0.000000
76 16 -19276.159230
77 16 -0.000104
79 16 -33869.605303
80 16 0.000000
82 16 -8467.395378
83 16 -111111.110646
12 17 0.000029
13 17 1015279.397710
14 17 0.000117
15 17 -8122235.196980
16 17 -0.000000
17 17 16179112.870475
18 17 -0.000117
19 17 -10368179.503930
20 17 -0.000029
21 17 1296022.435039
70 17 -111111.111326
71 17 253819.848375
73 17 444444.444787
74 17 -2030558.788454
76 17 0.000056
77 17 4044778.193617
79 17 -444444.444898
80 17 -2592044.862015
82 17 111111.111382
83 17 324005.607320
16 18 67739.055100
17 18 -0.000117
18 18 270956.969704
19 18 -0.000000
20 18 67739.055685
21 18 0.000117
76 18 -33869.605303
77 18 444444.444503
79 18 -135478.329296
80 18 -0.000000
82 18 -33869.605595
83 18 -444444.444503
16 19 0.000000
17 19 -10368179.503930
18 19 -0.000000
19 19 20736358.967127
20 19 -0.000000
21 19 -10368179.459133
76 19 444444.443932
77 19 -2592044.862015
79 19 0.001024
80 19 5184089.710799
82 19 -444444.444957
83 19 -2592044.850816
16 20 16934.810200
17 20 -0.000029
18 20 67739.055685
19 20 -0.000000
20 20 44457.911610
21 20 -0.000000
22 20 110091.678618
23 20 0.000000
24 20 27522.947867
25 20 0.000029
76 20 -8467.395378
77 20 111111.111606
79 20 -33869.605595
80 20 -0.000000
82 20 -22228.845893
83 20 -0.000480
85 20 -55045.887142
86 20 0.000000
88 20 -13761.467949
89 20 -111111.111126
16 21 0.000029
17 21 1296022.435039
18 21 0.000117
19 21 -10368179.459133
20 21 -0.000000
21 21 14654232.418826
22 21 -0.000117
23 21 -6379514.733505
24 21 -0.000029
25 21 797439.341440
76 21 -111111.110870
77 21 324005.607320
79 21 444444.443874
80 21 -2592044.850816
82 21 0.000256
83 21 3663558.082624
85 21 -444444.444386
86 21 -1594878.675090
88 21 111111.111126
89 21 199359.834628
20 22 110091.678618
21 22 -0.000117
22 22 440367.176441
23 22 -0.000000
24 22 110091.678618
25 22 0.000117
82 22 -55045.887142
83 22 444444.444503
85 22 -220183.492473
86 22 0.000000
88 22 -55045.887142
89 22 -444444.444503
20 23 0.000000
21 23 -6379514.733505
22 23 -0.000000
23 23 12759029.473617
24 23 -0.000000
25 23 -6379514.733506
82 23 444444.444444
83 23 -1594878.675090
85 23 0.000000
86 23 3189757.346878
88 23 -444444.444445
89 23 -1594878.675090
20 24 27522.947867
21 24 -0.000029
22 24 110091.678618
23 24 -0.000000
24 24 68421.983774
25 24 -0.000000
38 24 163595.668368
39 24 0.000000
41 24 40898.935602
42 24 0.000029
82 24 -13761.467949
83 24 111111.111126
85 24 -55045.887142
86 24 -0.000000
88 24 -34210.921839
89 24 0.000199
91 24 -81797.866362
92 24 0.000000
94 24 -20449.463771
95 24 -111111.111325
20 25 0.000029
21 25 797439.341440
22 25 0.000117
23 25 -6379514.733506
24 25 -0.000000
25 25 9338533.561917
38 25 -0.000117
39 25 -4293095.046695
41 25 -0.000029
42 25 536636.880949
82 25 -111111.111126
83 25 199359.834628
85 25 444444.444386
86 25 -1594878.675090
88 25 -0.000106
89 25 2334633.374964
91 25 -444444.444174
92 25 -1073273.756500
94 25 111111.111020
95 25 134159.219946
1 26 -0.066378
26 26 0.148404
27 26 -0.066378
54 26 -0.009275
57 26 0.010726
60 26 -0.009275
1 27 0.007710
26 27 -0.066378
27 27 0.140920
28 27 -0.085504
29 27 0.010228
54 27 0.001453
57 27 -0.009275
60 27 0.014127
63 27 -0.011454
66 27 0.001662
27 28 -0.085504
28 28 0.183267
29 28 -0.085504
60 28 -0.011454
63 28 0.016779
66 28 -0.011454
27 29 0.010228
28 29 -0.085504
29 29 0.177135
30 29 -0.109752
31 29 0.013359
60 29 0.001662
63 29 -0.011454
66 29 0.019409
69 29 -0.014319
72 29 0.001970
29 30 -0.109752
30 30 0.229108
31 30 -0.109752
66 30 -0.014319
69 30 0.023837
72 30 -0.014319
29 31 0.013359
30 31 -0.109752
31 31 0.223960
32 31 -0.140575
33 31 0.017290
66 31 0.001970
69 31 -0.014319
72 31 0.025854
75 31 -0.018042
78 31 0.002396
31 32 -0.140575
32 32 0.288672
33 32 -0.140575
72 32 -0.018042
75 32 0.032323
78 32 -0.018042
31 33 0.017290
32 33 -0.140575
33 33 0.284200
34 33 -0.179817
35 33 0.022256
72 33 0.002396
75 33 -0.018042
78 33 0.033848
81 33 -0.022845
84 33 0.002966
33 34 -0.179817
34 34 0.365527
35 34 -0.179817
78 34 -0.022845
81 34 0.042744
84 34 -0.022845
33 35 0.022256
34 35 -0.179817
35 35 0.258078
36 35 -0.110046
37 35 0.013397
78 35 0.002966
81 35 -0.022845
84 35 0.030326
87 35 -0.014354
90 35 0.001974
35 36 -0.110046
36 36 0.229669
37 36 -0.110046
84 36 -0.014354
87 36 0.023920
90 36 -0.014354
35 37 0.013397
36 37 -0.110046
37 37 0.167253
40 37 -0.073277
43 37 0.008626
84 37 0.001974
87 37 -0.014354
90 37 0.017930
93 37 -0.010049
96 37 0.001523
24 38 163595.668368
25 38 -0.000117
38 38 654382.985332
39 38 0.000000
41 38 163595.667783
42 38 0.000117
88 38 -81797.866362
89 38 444444.444503
91 38 -327191.428189
92 38 0.000000
94 38 -81797.866069
95 38 -444444.444503
24 39 0.000000
25 39 -4293095.046695
38 39 0.000000
39 39 8586190.110887
41 39 -0.000000
42 39 -4293095.054376
88 39 444444.444656
89 39 -1073273.756501
91 39 -0.000424
92 39 2146547.510013
94 39 -444444.444232
95 39 -1073273.758421
37 40 -0.073277
40 40 0.160786
43 40 -0.073277
90 40 -0.010049
93 40 0.012982
96 40 -0.010049
24 41 40898.935602
25 41 -0.000029
38 41 163595.667783
39 41 -0.000000
41 41 101674.585683
42 41 0.000000
44 41 243102.270327
45 41 0.000000
47 41 60775.579488
48 41 0.000029
88 41 -20449.463771
89 41 111111.110927
91 41 -81797.866069
92 41 -0.000000
94 41 -50837.245696
95 41 0.000199
97 41 -121551.156801
98 41 0.000000
100 41 -30387.787028
101 41 -111111.111126
24 42 0.000029
25 42 536636.880949
38 42 0.000117
39 42 -4293095.054376
41 42 0.000000
42 42 6284367.066649
44 42 -0.000117
45 42 -2889038.727514
47 42 -0.000029
48 42 361129.840392
88 42 -111111.111232
89 42 134159.219946
91 42 444444.444598
92 42 -1073273.758421
94 42 -0.000106
95 42 1571091.754218
97 42 -444444.444386
98 42 -722259.678996
100 42 111111.111126
101 42 90282.460201
37 43 0.008626
40 43 -0.073277
43 43 0.116425
46 43 -0.048154
49 43 0.005226
90 43 0.001523
93 43 -0.010049
96 43 0.010130
99 43 -0.007341
102 43 0.001314
41 44 243102.270327
42 44 -0.000117
44 44 972409.295152
45 44 -0.000000
47 44 243102.270327
48 44 0.000117
94 44 -121551.156801
95 44 444444.444503
97 44 -486204.604120
98 44 -0.000000
100 44 -121551.156801
101 44 -444444.444503
41 45 0.000000
42 45 -2889038.727514
44 45 -0.000000
45 45 5778077.469614
47 45 -0.000000
48 45 -2889038.727514
94 45 444444.444444
95 45 -722259.678996
97 45 0.000000
98 45 1444519.350698
100 45 -444444.444444
101 45 -722259.678996
43 46 -0.048154
46 46 0.117458
49 46 -0.048154
96 46 -0.007341
99 46 0.004107
102 46 -0.007341
41 47 60775.579488
42 47 -0.000029
44 47 243102.270327
45 47 -0.000000
47 47 151087.792410
48 47 -0.000000
50 47 361248.613229
51 47 0.000000
94 47 -30387.787028
95 47 111111.111126
97 47 -121551.156801
98 47 -0.000000
100 47 -75543.864468
101 47 -0.000090
103 47 -180624.321151
104 47 0.000000
41 48 0.000029
42 48 361129.840392
44 48 0.000117
45 48 -2889038.727514
47 48 -0.000000
48 48 4229065.425669
50 48 -0.000117
51 48 -1944178.889795
94 48 -111111.111126
95 48 90282.460201
97 48 444444.444386
98 48 -722259.678996
100 48 0.000048
101 48 1057266.345067
103 48 -444444.444482
104 48 -486044.721398
43 49 0.005226
46 49 -0.048154
49 49 0.084101
52 49 -0.030686
53 49 0.002657
96 49 0.001314
99 49 -0.007341
102 49 0.003940
105 49 -0.005800
106 49 0.001314
47 50 361248.613229
48 50 -0.000117
50 50 1444994.602738
51 50 -0.000000
100 50 -180624.321151
101 50 444444.444503
103 50 -722497.272028
104 50 0.000000
47 51 0.000000
48 51 -1944178.889795
50 51 -0.000000
51 51 3888357.799689
100 51 444444.444348
101 51 -486044.721398
103 51 0.000192
104 51 972089.431565
49 52 -0.030686
52 52 0.092800
53 52 -0.030686
102 52 -0.005800
105 52 -0.004114
106 52 -0.005800
49 53 0.002657
52 53 -0.030686
53 53 0.035886
102 53 0.001314
105 53 -0.005800
106 53 0.000557
1 54 0.005866
26 54 -0.009275
27 54 0.001453
54 54 0.029017
57 54 -0.027852
60 54 0.002875
107 54 0.003332
110 54 -0.007306
113 54 0.001312
160 54 -0.002464
163 54 0.003254
166 54 -0.000457
2 55 -359730.863317
3 55 -0.000000
4 55 -89932.724075
5 55 444444.444386
55 55 743092.961889
56 55 -0.000000
58 55 185773.208873
59 55 0.000069
108 55 -489518.169199
109 55 -0.000000
111 55 -122379.548022
112 55 -444444.444524
161 55 61189.767901
162 55 0.000000
164 55 15297.445112
165 55 111111.111151
2 56 0.000000
3 56 1952381.687539
4 56 0.000000
5 56 -976190.846467
55 56 -0.000000
56 56 846780.806335
58 56 -0.000130
59 56 -423390.397594
108 56 0.000000
109 56 1434741.349684
111 56 0.000000
112 56 -717370.678513
161 56 0.000000
162 56 358685.333409
164 56 -111111.111036
165 56 -179342.666245
1 57 -0.009275
26 57 0.010726
27 57 -0.009275
54 57 -0.027852
57 57 0.071866
60 57 -0.027852
107 57 -0.007306
110 57 0.003965
113 57 -0.007306
160 57 0.003254
163 57 -0.005176
166 57 0.003254
2 58 -89932.724075
3 58 -444444.444444
4 58 -40096.066089
5 58 0.000000
6 58 -70451.593547
7 58 444444.444444
8 58 -17612.895266
9 58 -111111.111126
55 58 185773.208873
56 58 -0.000130
58 58 189316.874257
59 58 0.000000
61 58 145531.199017
62 58 0.000130
64 58 -10395.084624
65 58 -0.000048
108 58 -122379.548022
109 58 444444.444444
111 58 -54562.333117
112 58 0.000000
114 58 -95869.819376
115 58 -444444.444444
117 58 -23967.452352
118 58 111111.111091
161 58 15297.445112
162 58 111111.111186
164 58 -54562.343013
165 58 -0.000000
167 58 11983.729478
168 58 -111111.111186
170 58 29959.316269
171 58 83333.333381
2 59 -444444.444503
3 59 -976190.846467
4 59 0.000000
5 59 1944526.531793
6 59 444444.444503
7 59 -1246125.193217
8 59 111111.111126
9 59 155765.649403
55 59 0.000069
56 59 -423390.397594
58 59 0.000000
59 59 1927711.684971
61 59 -0.000069
62 59 -540465.466939
64 59 0.000048
65 59 -540465.439064
108 59 444444.444365
109 59 -717370.678513
111 59 -0.000000
112 59 1428968.854803
114 59 -444444.444365
115 59 -915736.588233
117 59 -111111.111091
118 59 114467.073652
161 59 -111111.111071
162 59 -179342.666245
164 59 0.000000
165 59 -102069.207506
167 59 111111.111071
168 59 -228934.142876
170 59 83333.333286
171 59 286167.681739
1 60 0.001453
26 60 -0.009275
27 60 0.014127
28 60 -0.011454
29 60 0.001662
54 60 0.002875
57 60 -0.027852
60 60 0.064464
63 60 -0.036350
66 60 0.004069
107 60 0.001312
110 60 -0.007306
113 60 0.008634
116 60 -0.008801
119 60 0.001413
160 60 -0.000457
163 60 0.003254
166 60 -0.005741
169 60 0.004088
172 60 -0.000550
4 61 -70451.593547
5 61 -444444.444386
6 61 -281806.331017
7 61 0.000000
8 61 -70451.593547
9 61 444444.444386
58 61 145531.199017
59 61 -0.000069
61 61 582124.955214
62 61 -0.000000
64 61 145531.199017
65 61 0.000069
111 61 -95869.819376
112 61 444444.444524
114 61 -383479.246837
115 61 -0.000000
117 61 -95869.819376
118 61 -444444.444524
164 61 11983.729478
165 61 -111111.111151
167 61 47934.901718
168 61 -0.000000
170 61 11983.729478
171 61 111111.111151
4 62 0.000000
5 62 -1246125.193217
6 62 0.000000
7 62 2492250.382208
8 62 -0.000000
9 62 -1246125.193217
58 62 0.000130
59 62 -540465.466939
61 62 -0.000000
62 62 1080930.942611
64 62 -0.000130
65 62 -540465.466939
111 62 0.000000
112 62 -915736.588233
114 62 0.000000
115 62 1831473.170714
117 62 0.000000
118 62 -915736.588233
164 62 111111.111036
165 62 -228934.142876
167 62 0.000000
168 62 457868.286470
170 62 -111111.111036
171 62 -228934.142876
27 63 -0.011454
28 63 0.016779
29 63 -0.011454
60 63 -0.036350
63 63 0.085362
66 63 -0.036350
113 63 -0.008801
116 63 0.009261
119 63 -0.008801
166 63 0.004088
169 63 -0.007133
172 63 0.004088
4 64 -17612.895266
5 64 111111.111126
6 64 -70451.593547
7 64 -444444.444444
8 64 -31410.492069
9 64 0.000000
10 64 -55190.446045
11 64 444444.444444
12 64 -13797.607684
13 64 -111111.111126
58 64 -10395.084624
59 64 0.000048
61 64 145531.199017
62 64 -0.000130
64 64 148307.269191
65 64 0.000000
67 64 114006.368698
68 64 0.000130
70 64 -8143.310565
71 64 -0.000048
111 64 -23967.452352
112 64 -111111.111091
114 64 -95869.819376
115 64 444444.444444
117 64 -42743.092857
118 64 -0.000000
120 64 -75102.601156
121 64 -444444.444444
123 64 -18775.647321
124 64 111111.111091
164 64 29959.316269
165 64 -83333.333381
167 64 11983.729478
168 64 111111.111186
170 64 -42743.106951
171 64 -0.000000
173 64 9387.827772
174 64 -111111.111186
176 64 23469.560054
177 64 83333.333381
4 65 -111111.111126
5 65 155765.649403
6 65 -444444.444503
7 65 -1246125.193217
8 65 0.000000
9 65 2482223.134851
10 65 444444.444503
11 65 -1590701.249330
12 65 111111.111126
13 65 198837.656408
58 65 -0.000048
59 65 -540465.439064
61 65 0.000069
62 65 -540465.466939
64 65 0.000000
65 65 2460758.677180
67 65 -0.000069
68 65 -689913.901756
70 65 0.000048
71 65 -689913.865527
111 65 111111.111091
112 65 114467.073652
114 65 444444.444365
115 65 -915736.588233
117 65 -0.000000
118 65 1824104.476609
120 65 -444444.444365
121 65 -1168954.245308
123 65 -111111.111091
124 65 146119.280715
164 65 -83333.333286
165 65 286167.681739
167 65 -111111.111071
168 65 -228934.142876
170 65 0.000000
171 65 -130293.181554
173 65 111111.111071
174 65 -292238.556094
176 65 83333.333286
177 65 365298.199105
27 66 0.001662
28 66 -0.011454
29 66 0.019409
30 66 -0.014319
31 66 0.001970
60 66 0.004069
63 66 -0.036350
66 66 0.079446
69 66 -0.047026
72 66 0.005506
113 66 0.001413
116 66 -0.008801
119 66 0.012895
122 66 -0.010823
125 66 0.001598
166 66 -0.000550
169 66 0.004088
172 66 -0.007563
175 66 0.005167
178 66 -0.000676
8 67 -55190.446045
9 67 -444444.444386
10 67 -220761.728238
11 67 0.000000
12 67 -55190.446045
13 67 444444.444386
64 67 114006.368698
65 67 -0.000069
67 67 456025.676225
68 67 -0.000000
70 67 114006.368698
71 67 0.000069
117 67 -75102.601156
118 67 444444.444524
120 67 -300410.364346
121 67 -0.000000
123 67 -75102.601156
124 67 -444444.444524
170 67 9387.827772
171 67 -111111.111151
173 67 37551.290270
174 67 -0.000000
176 67 9387.827772
177 67 111111.111151
8 68 0.000000
9 68 -1590701.249330
10 68 -0.000000
11 68 3181402.495348
12 68 -0.000000
13 68 -1590701.249330
64 68 0.000130
65 68 -689913.901756
67 68 -0.000000
68 68 1379827.810353
70 68 -0.000130
71 68 -689913.901756
117 68 0.000000
118 68 -1168954.245308
120 68 0.000000
121 68 2337908.486109
123 68 -0.000000
124 68 -1168954.245308
170 68 111111.111036
171 68 -292238.556094
173 68 -0.000000
174 68 584477.112751
176 68 -111111.111036
177 68 -292238.556094
29 69 -0.014319
30 69 0.023837
31 69 -0.014319
66 69 -0.047026
69 69 0.103971
72 69 -0.047026
119 69 -0.010823
122 69 0.015113
125 69 -0.010823
172 69 0.005167
175 69 -0.009517
178 69 0.005167
8 70 -13797.607684
9 70 111111.111126
10 70 -55190.446045
11 70 -444444.444444
12 70 -24606.376582
13 70 -0.000201
14 70 -43235.153776
15 70 444444.444846
16 70 -10808.783644
17 70 -111111.111326
64 70 -8143.310565
65 70 0.000048
67 70 114006.368698
68 70 -0.000130
70 70 116181.128037
71 70 -0.000000
73 70 89310.411396
74 70 0.000130
76 70 -6379.313044
77 70 -0.000047
117 70 -18775.647321
118 70 -111111.111091
120 70 -75102.601156
121 70 444444.444444
123 70 -33484.123114
124 70 0.000201
126 70 -58833.957326
127 70 -444444.444846
129 70 -14708.485659
130 70 111111.111292
170 70 23469.560054
171 70 -83333.333381
173 70 9387.827772
174 70 111111.111186
176 70 -33484.142169
177 70 -0.000138
179 70 7354.248051
180 70 -111111.111286
182 70 18385.608106
183 70 83333.333619
8 71 -111111.111126
9 71 198837.656408
10 71 -444444.444503
11 71 -1590701.249330
12 71 0.000376
13 71 3168602.524651
14 71 444444.444503
15 71 -2030558.781581
16 71 111111.110750
17 71 253819.848375
64 71 -0.000048
65 71 -689913.865527
67 71 0.000069
68 71 -689913.901756
70 71 -0.000000
71 71 3141202.757604
73 71 -0.000069
74 71 -880687.516267
76 71 0.000047
77 71 -880687.471004
117 71 111111.111091
118 71 146119.280715
120 71 444444.444365
121 71 -1168954.245308
123 71 -0.000376
124 71 2328502.208288
126 71 -444444.444365
127 71 -1492191.138288
129 71 -111111.110715
130 71 186523.892584
170 71 -83333.333286
171 71 365298.199105
173 71 -111111.111071
174 71 -292238.556094
176 71 0.000138
177 71 -166321.593112
179 71 111111.111172
180 71 -373047.777975
182 71 83333.333048
183 71 466309.728328
29 72 0.001970
30 72 -0.014319
31 72 0.025854
32 72 -0.018042
33 72 0.002396
66 72 0.005506
69 72 -0.047026
72 72 0.099187
75 72 -0.060519
78 72 0.007273
119 72 0.001598
122 72 -0.010823
125 72 0.017927
128 72 -0.013494
131 72 0.001879
172 72 -0.000676
175 72 0.005167
178 72 -0.009838
181 72 0.006555
184 72 -0.000843
12 73 -43235.153776
13 73 -444444.443985
14 73 -172940.542456
15 73 -0.000802
16 73 -43235.153483
17 73 444444.444787
70 73 89310.411396
71 73 -0.000069
73 73 357241.900364
74 73 0.000000
76 73 89310.410895
77 73 0.000069
123 73 -58833.957326
124 73 444444.444123
126 73 -235335.776200
127 73 0.000802
129 73 -58833.956928
130 73 -444444.444925
176 73 7354.248051
177 73 -111111.111251
179 73 29416.965300
180 73 0.000201
182 73 7354.247941
183 73 111111.111051
12 74 -0.000000
13 74 -2030558.781580
14 74 -0.000000
15 74 4061117.567440
16 74 -0.000000
17 74 -2030558.788454
70 74 0.000130
71 74 -880687.516267
73 74 0.000000
74 74 1761375.040873
76 74 -0.000130
77 74 -880687.519248
123 74 -0.000000
124 74 -1492191.138288
126 74 0.000000
127 74 2984382.278096
129 74 0.000000
130 74 -1492191.143338
176 74 111111.111137
177 74 -373047.777975
179 74 -0.000201
180 74 746095.557655
182 74 -111111.110936
183 74 -373047.779238
31 75 -0.018042
32 75 0.032323
33 75 -0.018042
72 75 -0.060519
75 75 0.128808
78 75 -0.060519
125 75 -0.013494
128 75 0.021869
131 75 -0.013494
178 75 0.006555
181 75 -0.012470
184 75 0.006555
12 76 -10808.783644
13 76 111111.110925
14 76 -43235.153483
15 76 -444444.444043
16 76 -19276.159230
17 76 0.000056
18 76 -33869.605303
19 76 444444.443932
20 76 -8467.395378
21 76 -111111.110870
70 76 -6379.313044
71 76 0.000047
73 76 89310.410895
74 76 -0.000130
76 76 91014.124555
77 76 0.000000
79 76 69964.061310
80 76 0.000130
82 76 -4997.430255
83 76 -0.000048
123 76 -14708.485660
124 76 -111111.110891
126 76 -58833.956928
127 76 444444.444043
129 76 -26230.819929
130 76 -0.000055
132 76 -46089.410501
133 76 -444444.443932
135 76 -11522.348182
136 76 111111.110835
176 76 18385.608106
177 76 -83333.333142
179 76 7354.247941
180 76 111111.111085
182 76 -26230.845420
183 76 0.000038
185 76 5761.180567
186 76 -111111.111058
188 76 14402.936449
189 76 83333.333077
12 77 -111111.111502
13 77 253819.848375
14 77 -444444.444503
15 77 -2030558.788454
16 77 -0.000104
17 77 4044778.193617
18 77 444444.444503
19 77 -2592044.862015
20 77 111111.111606
21 77 324005.607320
70 77 -0.000047
71 77 -880687.471004
73 77 0.000069
74 77 -880687.519248
76 77 0.000000
77 77 4009801.888209
79 77 -0.000069
80 77 -1124213.479037
82 77 0.000047
83 77 -1124213.416531
123 77 111111.111467
124 77 186523.892584
126 77 444444.444365
127 77 -1492191.143338
129 77 0.000104
130 77 2972375.008780
132 77 -444444.444365
133 77 -1904808.867424
135 77 -111111.111571
136 77 238101.107825
176 77 -83333.333524
177 77 466309.728328
179 77 -111111.110971
180 77 -373047.779238
182 77 -0.000038
183 77 -212312.506187
185 77 111111.110943
186 77 -476202.208501
188 77 83333.333590
189 77 595252.765795
31 78 0.002396
32 78 -0.018042
33 78 0.033848
34 78 -0.022845
35 78 0.002966
72 78 0.007273
75 78 -0.060519
78 78 0.124870
81 78 -0.077637
84 78 0.009476
125 78 0.001879
128 78 -0.013494
131 78 0.024034
134 78 -0.016973
137 78 0.002272
178 78 -0.000843
181 78 0.006555
184 78 -0.012702
187 78 0.008336
190 78 -0.001061
16 79 -33869.605303
17 79 -444444.444898
18 79 -135478.329296
19 79 0.001024
20 79 -33869.605595
21 79 444444.443874
76 79 69964.061310
77 79 -0.000069
79 79 279856.571694
80 79 0.000000
82 79 69964.061811
83 79 0.000069
129 79 -46089.410501
130 79 444444.445036
132 79 -184357.575332
133 79 -0.001024
135 79 -46089.410899
136 79 -444444.444012
182 79 5761.180567
183 79 -111111.111023
185 79 23044.688337
186 79 -0.000256
188 79 5761.180676
189 79 111111.111279
16 80 0.000000
17 80 -2592044.862015
18 80 -0.000000
19 80 5184089.710799
20 80 -0.000000
21 80 -2592044.850816
76 80 0.000130
77 80 -1124213.479037
79 80 0.000000
80 80 2248426.957415
82 80 -0.000130
83 80 -1124213.474180
129 80 0.000000
130 80 -1904808.867424
132 80 -0.000000
133 80 3809617.723853
135 80 -0.000000
136 80 -1904808.859194
182 80 111111.110908
183 80 -476202.208501
185 80 0.000256
186 80 952404.415290
188 80 -111111.111164
189 80 -476202.206443
33 81 -0.022845
34 81 0.042744
35 81 -0.022845
78 81 -0.077637
81 81 0.161360
84 81 -0.077637
131 81 -0.016973
134 81 0.029936
137 81 -0.016973
184 81 0.008336
187 81 -0.016171
190 81 0.008336
16 82 -8467.395378
17 82 111111.111382
18 82 -33869.605595
19 82 -444444.444957
20 82 -22228.845893
21 82 0.000256
22 82 -55045.887142
23 82 444444.444444
24 82 -13761.467949
25 82 -111111.111126
76 82 -4997.430255
77 82 0.000047
79 82 69964.061811
80 82 -0.000130
82 82 104955.451312
83 82 -0.000000
85 82 113707.754499
86 82 0.000130
88 82 -8121.980974
89 82 -0.000047
129 82 -11522.348182
130 82 -111111.111347
132 82 -46089.410899
133 82 444444.444957
135 82 -30248.804984
136 82 -0.000256
138 82 -74905.886831
139 82 -444444.444444
141 82 -18726.468734
142 82 111111.111091
182 82 14402.936449
183 82 -83333.333685
185 82 5761.180676
186 82 111111.111314
188 82 -30248.827488
189 82 0.000176
191 82 9363.238488
192 82 -111111.111186
194 82 23408.086821
195 82 83333.333381
16 83 -111111.110646
17 83 324005.607320
18 83 -444444.444503
19 83 -2592044.850816
20 83 -0.000480
21 83 3663558.082624
22 83 444444.444503
23 83 -1594878.675090
24 83 111111.111126
25 83 199359.834628
76 83 -0.000048
77 83 -1124213.416531
79 83 0.000069
80 83 -1124213.474180
82 83 -0.000000
83 83 3631878.300365
85 83 -0.000069
86 83 -691725.721615
88 83 0.000047
89 83 -691725.685285
129 83 111111.110611
130 83 238101.107825
132 83 444444.444365
133 83 -1904808.859194
135 83 0.000480
136 83 2692228.835838
138 83 -444444.444365
139 83 -1172024.098668
141 83 -111111.111091
142 83 146503.012384
182 83 -83333.332982
183 83 595252.765795
185 83 -111111.111199
186 83 -476202.206443
188 83 -0.000176
189 83 -192302.067978
191 83 111111.111071
192 83 -293006.019421
194 83 83333.333286
195 83 366257.528274
33 84 0.002966
34 84 -0.022845
35 84 0.030326
36 84 -0.014354
37 84 0.001974
78 84 0.009476
81 84 -0.077637
84 84 0.113787
87 84 -0.047155
90 84 0.005523
131 84 0.002272
134 84 -0.016973
137 84 0.021317
140 84 -0.010848
143 84 0.001600
184 84 -0.001061
187 84 0.008336
190 84 -0.011448
193 84 0.005180
196 84 -0.000678
20 85 -55045.887142
21 85 -444444.444386
22 85 -220183.492473
23 85 0.000000
24 85 -55045.887142
25 85 444444.444386
82 85 113707.754499
83 85 -0.000069
85 85 454831.219942
86 85 0.000000
88 85 113707.754499
89 85 0.000069
135 85 -74905.886831
136 85 444444.444524
138 85 -299623.506930
139 85 -0.000000
141 85 -74905.886831
142 85 -444444.444524
188 85 9363.238488
189 85 -111111.111151
191 85 37452.933080
192 85 -0.000000
194 85 9363.238488
195 85 111111.111151
20 86 0.000000
21 86 -1594878.675090
22 86 0.000000
23 86 3189757.346878
24 86 -0.000000
25 86 -1594878.675090
82 86 0.000130
83 86 -691725.721615
85 86 0.000000
86 86 1383451.450052
88 86 -0.000130
89 86 -691725.721615
135 86 0.000000
136 86 -1172024.098668
138 86 0.000000
139 86 2344048.192842
141 86 -0.000000
142 86 -1172024.098668
188 86 111111.111036
189 86 -293006.019421
191 86 0.000000
192 86 586012.039404
194 86 -111111.111036
195 86 -293006.019421
35 87 -0.014354
36 87 0.023920
37 87 -0.014354
84 87 -0.047155
87 87 0.104202
90 87 -0.047155
137 87 -0.010848
140 87 0.015180
143 87 -0.010848
190 87 0.005180
193 87 -0.009545
196 87 0.005180
20 88 -13761.467949
21 88 111111.111126
22 88 -55045.887142
23 88 -444444.444445
24 88 -34210.921839
25 88 -0.000106
38 88 -81797.866362
39 88 444444.444656
41 88 -20449.463771
42 88 -111111.111232
82 88 -8121.980974
83 88 0.000047
85 88 113707.754499
86 88 -0.000130
88 88 161529.714641
89 88 0.000000
91 88 168969.101191
92 88 0.000130
94 88 -12069.220728
95 88 -0.000047
135 88 -18726.468734
136 88 -111111.111091
138 88 -74905.886831
139 88 444444.444444
141 88 -46553.889133
142 88 0.000106
144 88 -111309.714621
145 88 -444444.444657
147 88 -27827.426330
148 88 111111.111197
188 88 23408.086821
189 88 -83333.333381
191 88 9363.238488
192 88 111111.111186
194 88 -46553.901962
195 88 -0.000073
197 88 13913.716127
198 88 -111111.111239
200 88 34784.283720
201 88 83333.333507
20 89 -111111.111126
21 89 199359.834628
22 89 -444444.444503
23 89 -1594878.675090
24 89 0.000199
25 89 2334633.374964
38 89 444444.444503
39 89 -1073273.756501
41 89 111111.110927
42 89 134159.219946
82 89 -0.000047
83 89 -691725.685285
85 89 0.000069
86 89 -691725.721615
88 89 0.000000
89 89 2314445.167255
91 89 -0.000069
92 89 -465496.889657
94 89 0.000047
95 89 -465496.866458
135 89 111111.111091
136 89 146503.012384
138 89 444444.444365
139 89 -1172024.098668
141 89 -0.000199
142 89 1715645.596228
144 89 -444444.444365
145 89 -788713.729139
147 89 -111111.110892
148 89 98589.216401
188 89 -83333.333286
189 89 366257.528274
191 89 -111111.111071
192 89 -293006.019421
194 89 0.000073
195 89 -122546.118603
197 89 111111.111124
198 89 -197178.428618
200 89 83333.333160
201 89 246473.038717
35 90 0.001974
36 90 -0.014354
37 90 0.017930
40 90 -0.010049
43 90 0.001523
84 90 0.005523
87 90 -0.047155
90 90 0.075393
93 90 -0.030929
96 90 0.003315
137 90 0.001600
140 90 -0.010848
143 90 0.011686
146 90 -0.007830
149 90 0.001342
190 90 -0.000678
193 90 0.005180
196 90 -0.007058
199 90 0.003552
202 90 -0.000489
24 91 -81797.866362
25 91 -444444.444174
38 91 -327191.428189
39 91 -0.000424
41 91 -81797.866069
42 91 444444.444598
88 91 168969.101191
89 91 -0.000069
91 91 675876.541882
92 91 0.000000
94 91 168969.100690
95 91 0.000069
141 91 -111309.714621
142 91 444444.444312
144 91 -445238.831966
145 91 0.000424
147 91 -111309.714223
148 91 -444444.444736
194 91 13913.716127
195 91 -111111.111204
197 91 55654.850428
198 91 0.000106
200 91 13913.716018
201 91 111111.111098
24 92 0.000000
25 92 -1073273.756500
38 92 0.000000
39 92 2146547.510013
41 92 -0.000000
42 92 -1073273.758421
88 92 0.000130
89 92 -465496.889657
91 92 0.000000
92 92 930993.790285
94 92 -0.000130
95 92 -465496.890490
141 92 0.000000
142 92 -788713.729139
144 92 0.000000
145 92 1577427.453010
147 92 -0.000000
148 92 -788713.730550
194 92 111111.111089
195 92 -197178.428618
197 92 -0.000106
198 92 394356.858423
200 92 -111111.110983
201 92 -197178.428970
37 93 -0.010049
40 93 0.012982
43 93 -0.010049
90 93 -0.030929
93 93 0.076557
96 93 -0.030929
143 93 -0.007830
146 93 0.005976
149 93 -0.007830
196 93 0.003552
199 93 -0.005893
202 93 0.003552
24 94 -20449.463771
25 94 111111.111020
38 94 -81797.866069
39 94 -444444.444232
41 94 -50837.245696
42 94 -0.000106
44 94 -121551.156801
45 94 444444.444444
47 94 -30387.787028
48 94 -111111.111126
88 94 -12069.220728
89 94 0.000047
91 94 168969.100690
92 94 -0.000130
94 94 240032.193507
95 94 0.000000
97 94 251087.137157
98 94 0.000130
100 94 -17934.795343
101 94 -0.000047
141 94 -27827.426330
142 94 -111111.110985
144 94 -111309.714223
145 94 444444.444232
147 94 -69178.821524
148 94 0.000106
150 94 -165405.596077
151 94 -444444.444444
153 94 -41351.397081
154 94 111111.111091
194 94 34784.283720
195 94 -83333.333255
197 94 13913.716018
198 94 111111.111133
200 94 -69178.828238
201 94 -0.000073
203 94 20675.700697
204 94 -111111.111186
206 94 51689.247190
207 94 83333.333381
24 95 -111111.111325
25 95 134159.219946
38 95 -444444.444503
39 95 -1073273.758421
41 95 0.000199
42 95 1571091.754218
44 95 444444.444503
45 95 -722259.678996
47 95 111111.111126
48 95 90282.460201
88 95 -0.000047
89 95 -465496.866458
91 95 0.000069
92 95 -465496.890490
94 95 0.000000
95 95 1557506.101085
97 95 -0.000069
98 95 -313256.176246
100 95 0.000047
101 95 -313256.161590
141 95 111111.111290
142 95 98589.216401
144 95 444444.444365
145 95 -788713.730550
147 95 -0.000199
148 95 1154543.868151
150 95 -444444.444365
151 95 -530764.981110
153 95 -111111.111091
154 95 66345.622957
194 95 -83333.333412
195 95 246473.038717
197 95 -111111.111018
198 95 -197178.428970
200 95 0.000073
201 95 -82467.421764
203 95 111111.111071
204 95 -132691.242606
206 95 83333.333286
207 95 165864.055142
37 96 0.001523
40 96 -0.010049
43 96 0.010130
46 96 -0.007341
49 96 0.001314
90 96 0.003315
93 96 -0.030929
96 96 0.054735
99 96 -0.019618
102 96 0.001633
143 96 0.001342
146 96 -0.007830
149 96 0.005230
152 96 -0.006057
155 96 0.001297
196 96 -0.000489
199 96 0.003552
202 96 -0.004420
205 96 0.002489
208 96 -0.000379
41 97 -121551.156801
42 97 -444444.444386
44 97 -486204.604120
45 97 0.000000
47 97 -121551.156801
48 97 444444.444386
94 97 251087.137157
95 97 -0.000069
97 97 1004348.644871
98 97 0.000000
100 97 251087.137157
101 97 0.000069
147 97 -165405.596077
148 97 444444.444524
150 97 -661622.369170
151 97 -0.000000
153 97 -165405.596077
154 97 -444444.444524
200 97 20675.700697
201 97 -111111.111151
203 97 82702.793730
204 97 -0.000000
206 97 20675.700697
207 97 111111.111151
41 98 0.000000
42 98 -722259.678996
44 98 -0.000000
45 98 1444519.350698
47 98 -0.000000
48 98 -722259.678996
94 98 0.000130
95 98 -313256.176246
97 98 0.000000
98 98 626512.367558
100 98 -0.000130
101 98 -313256.176246
147 98 0.000000
148 98 -530764.981110
150 98 -0.000000
151 98 1061529.952297
153 98 -0.000000
154 98 -530764.981111
200 98 111111.111036
201 98 -132691.242606
203 98 0.000000
204 98 265382.486453
206 98 -111111.111036
207 98 -132691.242606
43 99 -0.007341
46 99 0.004107
49 99 -0.007341
96 99 -0.019618
99 99 0.061081
102 99 -0.019618
149 99 -0.006057
152 99 -0.002277
155 99 -0.006057
202 99 0.002489
205 99 -0.003179
208 99 0.002489
41 100 -30387.787028
42 100 111111.111126
44 100 -121551.156801
45 100 -444444.444444
47 100 -75543.864468
48 100 0.000048
50 100 -180624.321151
51 100 444444.444348
94 100 -17934.795343
95 100 0.000047
97 100 251087.137157
98 100 -0.000130
100 100 356686.442211
101 100 0.000000
103 100 373114.063817
104 100 0.000130
147 100 -41351.397081
148 100 -111111.111091
150 100 -165405.596077
151 100 444444.444444
153 100 -102799.339379
154 100 -0.000048
156 100 -245791.768341
157 100 -444444.444348
200 100 51689.247190
201 100 -83333.333381
203 100 20675.700697
204 100 111111.111186
206 100 -102799.340868
207 100 0.000033
209 100 30723.971806
210 100 -111111.111162
41 101 -111111.111126
42 101 90282.460201
44 101 -444444.444503
45 101 -722259.678996
47 101 -0.000090
48 101 1057266.345067
50 101 444444.444503
51 101 -486044.721398
94 101 -0.000047
95 101 -313256.161590
97 101 0.000069
98 101 -313256.176246
100 101 0.000000
101 101 1048123.884818
103 101 -0.000069
104 101 -210805.772864
147 101 111111.111091
148 101 66345.622957
150 101 444444.444365
151 101 -530764.981110
153 101 0.000090
154 101 776950.404374
156 101 -444444.444365
157 101 -357178.346157
200 101 -83333.333286
201 101 165864.055142
203 101 -111111.111071
204 101 -132691.242606
206 101 -0.000033
207 101 -55496.459173
209 101 111111.111047
210 101 -89294.584439
43 102 0.001314
46 102 -0.007341
49 102 0.003940
52 102 -0.005800
53 102 0.001314
96 102 0.001633
99 102 -0.019618
102 102 0.042776
105 102 -0.011426
106 102 0.000211
149 102 0.001297
152 102 -0.006057
155 102 -0.000395
158 102 -0.005246
159 102 0.001458
202 102 -0.000379
205 102 0.002489
208 102 -0.002485
211 102 0.001821
212 102 -0.000328
47 103 -180624.321151
48 103 -444444.444482
50 103 -722497.272028
51 103 0.000192
100 103 373114.063817
101 103 -0.000069
103 103 1492456.325937
104 103 0.000000
153 103 -245791.768341
154 103 444444.444620
156 103 -983167.067203
157 103 -0.000192
206 103 30723.971806
207 103 -111111.111127
209 103 122895.881752
210 103 -0.000048
47 104 0.000000
48 104 -486044.721398
50 104 0.000000
51 104 972089.431565
100 104 0.000130
101 104 -210805.772864
103 104 0.000000
104 104 421611.567945
153 104 0.000000
154 104 -357178.346157
156 104 -0.000000
157 104 714356.677278
206 104 111111.111012
207 104 -89294.584439
209 104 0.000048
210 104 178589.170649
49 105 -0.005800
52 105 -0.004114
53 105 -0.005800
102 105 -0.011426
105 105 0.055313
106 105 -0.011426
155 105 -0.005246
158 105 -0.010892
159 105 -0.005246
208 105 0.001821
211 105 -0.000969
212 105 0.001821
49 106 0.001314
52 106 -0.005800
53 106 0.000557
102 106 0.000211
105 106 -0.011426
106 106 0.019330
155 106 0.001458
158 106 -0.005246
159 106 -0.001558
208 106 -0.000328
211 106 0.001821
212 106 -0.000825
54 107 0.003332
57 107 -0.007306
60 107 0.001312
107 107 0.047947
110 107 -0.047800
113 107 0.005176
160 107 0.003332
163 107 -0.007306
166 107 0.001312
55 108 -489518.169199
56 108 0.000000
58 108 -122379.548022
59 108 444444.444365
108 108 979036.424153
109 108 -0.000000
111 108 244759.052919
112 108 0.000159
161 108 -489518.168870
162 108 -0.000000
164 108 -122379.547939
165 108 -444444.444524
55 109 -0.000000
56 109 1434741.349684
58 109 444444.444444
59 109 -717370.678513
108 109 -0.000000
109 109 5738965.472271
111 109 0.000000
112 109 -2869482.728793
161 109 0.000000
162 109 1434741.351612
164 109 -444444.444444
165 109 -717370.679478
54 110 -0.007306
57 110 0.003965
60 110 -0.007306
107 110 -0.047800
110 110 0.116893
113 110 -0.047800
160 110 -0.007306
163 110 0.003965
166 110 -0.007306
55 111 -122379.548022
56 111 0.000000
58 111 -54562.333117
59 111 -0.000000
61 111 -95869.819376
62 111 0.000000
64 111 -23967.452352
65 111 111111.111091
108 111 244759.052919
109 111 0.000000
111 111 109124.751936
112 111 -0.000000
114 111 191739.583743
115 111 0.000000
117 111 47934.911556
118 111 0.000040
161 111 -122379.547939
162 111 0.000000
164 111 -54562.333081
165 111 0.000000
167 111 -95869.819311
168 111 0.000000
170 111 -23967.452336
171 111 -111111.111131
55 112 -444444.444524
56 112 -717370.678513
58 112 0.000000
59 112 1428968.854803
61 112 444444.444524
62 112 -915736.588233
64 112 -111111.111091
65 112 114467.073652
108 112 0.000159
109 112 -2869482.728793
111 112 -0.000000
112 112 5715875.472403
114 112 -0.000159
115 112 -3662946.373920
117 112 -0.000040
118 112 457868.296309
161 112 444444.444365
162 112 -717370.679478
164 112 0.000000
165 112 1428968.856394
167 112 -444444.444365
168 112 -915736.589464
170 112 111111.111131
171 112 114467.073991
54 113 0.001312
57 113 -0.007306
60 113 0.008634
63 113 -0.008801
66 113 0.001413
107 113 0.005176
110 113 -0.047800
113 113 0.107051
116 113 -0.062067
119 113 0.007133
160 113 0.001312
163 113 -0.007306
166 113 0.008634
169 113 -0.008801
172 113 0.001413
58 114 -95869.819376
59 114 -444444.444365
61 114 -383479.246837
62 114 0.000000
64 114 -95869.819376
65 114 444444.444365
111 114 191739.583743
112 114 -0.000159
114 114 766958.603304
115 114 0.000000
117 114 191739.583743
118 114 0.000159
164 114 -95869.819311
165 114 444444.444524
167 114 -383479.246579
168 114 -0.000000
170 114 -95869.819311
171 114 -444444.444524
58 115 -444444.444444
59 115 -915736.588233
61 115 -0.000000
62 115 1831473.170714
64 115 444444.444444
65 115 -915736.588233
111 115 0.000000
112 115 -3662946.373920
114 115 0.000000
115 115 7325892.759344
117 115 -0.000000
118 115 -3662946.373920
164 115 444444.444444
165 115 -915736.589464
167 115 0.000000
168 115 1831473.173175
170 115 -444444.444444
171 115 -915736.589464
60 116 -0.008801
63 116 0.009261
66 116 -0.008801
113 116 -0.062067
116 116 0.140816
119 116 -0.062067
166 116 -0.008801
169 116 0.009261
172 116 -0.008801
58 117 -23967.452352
59 117 -111111.111091
61 117 -95869.819376
62 117 0.000000
64 117 -42743.092857
65 117 -0.000000
67 117 -75102.601156
68 117 0.000000
70 117 -18775.647321
71 117 111111.111091
111 117 47934.911556
112 117 -0.000040
114 117 191739.583743
115 117 -0.000000
117 117 85486.295131
118 117 -0.000000
120 117 150205.132125
121 117 0.000000
123 117 37551.303397
124 117 0.000040
164 117 -23967.452336
165 117 111111.111131
167 117 -95869.819311
168 117 -0.000000
170 117 -42743.092828
171 117 0.000000
173 117 -75102.601106
174 117 0.000000
176 117 -18775.647308
177 117 -111111.111131
58 118 111111.111091
59 118 114467.073652
61 118 -444444.444524
62 118 -915736.588233
64 118 -0.000000
65 118 1824104.476609
67 118 444444.444524
68 118 -1168954.245308
70 118 -111111.111091
71 118 146119.280715
111 118 0.000040
112 118 457868.296309
114 118 0.000159
