2548 2548 57308
1 1 719461.843955
2 1 0.000000
3 1 179865.389624
4 1 0.000117
52 1 -359730.863317
53 1 0.000000
58 1 -89932.724075
59 1 -444444.444503
1 2 0.000000
2 2 7809526.819057
3 2 0.000000
4 2 -3904763.404132
52 2 -0.000000
53 2 1952381.687539
58 2 -444444.444444
59 2 -976190.846467
1 3 179865.389624
2 3 0.000000
3 3 80192.248869
4 3 -0.000000
5 3 140903.112361
6 3 0.000000
7 3 35225.799886
8 3 0.000029
52 3 -89932.724075
53 3 0.000000
58 3 -40096.066089
59 3 0.000000
61 3 -70451.593547
62 3 0.000000
70 3 -17612.895266
71 3 -111111.111126
1 4 0.000117
2 4 -3904763.404132
3 4 -0.000000
4 4 7778106.182205
5 4 -0.000117
6 4 -4984500.797778
7 4 -0.000029
8 4 623062.599405
52 4 444444.444386
53 4 -976190.846467
58 4 0.000000
59 4 1944526.531793
61 4 -444444.444386
62 4 -1246125.193217
70 4 111111.111126
71 4 155765.649403
3 5 140903.112361
4 5 -0.000117
5 5 563612.811708
6 5 0.000000
7 5 140903.112361
8 5 0.000117
58 5 -70451.593547
59 5 444444.444503
61 5 -281806.331017
62 5 0.000000
70 5 -70451.593547
71 5 -444444.444503
3 6 0.000000
4 6 -4984500.797778
5 6 0.000000
6 6 9969001.604011
7 6 -0.000000
8 6 -4984500.797779
58 6 444444.444444
59 6 -1246125.193217
61 6 0.000000
62 6 2492250.382208
70 6 -444444.444444
71 6 -1246125.193217
3 7 35225.799886
4 7 -0.000029
5 7 140903.112361
6 7 -0.000000
7 7 62821.133086
8 7 -0.000000
9 7 110380.796675
10 7 0.000000
11 7 27595.227305
12 7 0.000029
58 7 -17612.895266
59 7 111111.111126
61 7 -70451.593547
62 7 -0.000000
70 7 -31410.492069
71 7 0.000000
73 7 -55190.446045
74 7 0.000000
82 7 -13797.607684
83 7 -111111.111126
3 8 0.000029
4 8 623062.599405
5 8 0.000117
6 8 -4984500.797779
7 8 -0.000000
8 8 9928892.603961
9 8 -0.000117
10 8 -6362805.030366
11 8 -0.000029
12 8 795350.628547
58 8 -111111.111126
59 8 155765.649403
61 8 444444.444386
62 8 -1246125.193217
70 8 0.000000
71 8 2482223.134851
73 8 -444444.444386
74 8 -1590701.249330
82 8 111111.111126
83 8 198837.656408
7 9 110380.796675
8 9 -0.000117
9 9 441523.647469
10 9 -0.000000
11 9 110380.796675
12 9 0.000117
70 9 -55190.446045
71 9 444444.444503
73 9 -220761.728238
74 9 -0.000000
82 9 -55190.446045
83 9 -444444.444503
7 10 0.000000
8 10 -6362805.030366
9 10 -0.000000
10 10 12725610.067356
11 10 -0.000000
12 10 -6362805.030367
70 10 444444.444444
71 10 -1590701.249330
73 10 0.000000
74 10 3181402.495348
82 10 -444444.444444
83 10 -1590701.249330
7 11 27595.227305
8 11 -0.000029
9 11 110380.796675
10 11 -0.000000
11 11 49212.943292
12 11 -0.000000
13 11 86470.185740
14 11 -0.000000
15 11 21617.582523
16 11 0.000029
70 11 -13797.607684
71 11 111111.111126
73 11 -55190.446045
74 11 -0.000000
82 11 -24606.376582
83 11 0.000376
85 11 -43235.153776
86 11 -0.000000
94 11 -10808.783644
95 11 -111111.111502
7 12 0.000029
8 12 795350.628547
9 12 0.000117
10 12 -6362805.030367
11 12 -0.000000
12 12 12674410.176550
13 12 -0.000117
14 12 -8122235.169487
15 12 -0.000029
16 12 1015279.397710
70 12 -111111.111126
71 12 198837.656408
73 12 444444.444386
74 12 -1590701.249330
82 12 -0.000201
83 12 3168602.524651
85 12 -444444.443985
86 12 -2030558.781580
94 12 111111.110925
95 12 253819.848375
11 13 86470.185740
12 13 -0.000117
13 13 345881.328665
14 13 -0.000000
15 13 86470.185154
16 13 0.000117
82 13 -43235.153776
83 13 444444.444503
85 13 -172940.542456
86 13 -0.000000
94 13 -43235.153483
95 13 -444444.444503
11 14 -0.000000
12 14 -8122235.169487
13 14 -0.000000
14 14 16244470.371656
15 14 -0.000000
16 14 -8122235.196980
82 14 444444.444846
83 14 -2030558.781581
85 14 -0.000802
86 14 4061117.567440
94 14 -444444.444043
95 14 -2030558.788454
11 15 21617.582523
12 15 -0.000029
13 15 86470.185154
14 15 -0.000000
15 15 38552.561157
16 15 -0.000000
17 15 67739.055100
18 15 0.000000
19 15 16934.810200
20 15 0.000029
82 15 -10808.783644
83 15 111111.110750
85 15 -43235.153483
86 15 -0.000000
94 15 -19276.159230
95 15 -0.000104
97 15 -33869.605303
98 15 0.000000
106 15 -8467.395378
107 15 -111111.110646
11 16 0.000029
12 16 1015279.397710
13 16 0.000117
14 16 -8122235.196980
15 16 -0.000000
16 16 16179112.870475
17 16 -0.000117
18 16 -10368179.503930
19 16 -0.000029
20 16 1296022.435039
82 16 -111111.111326
83 16 253819.848375
85 16 444444.444787
86 16 -2030558.788454
94 16 0.000056
95 16 4044778.193617
97 16 -444444.444898
98 16 -2592044.862015
106 16 111111.111382
107 16 324005.607320
15 17 67739.055100
16 17 -0.000117
17 17 270956.969704
18 17 -0.000000
19 17 67739.055685
20 17 0.000117
94 17 -33869.605303
95 17 444444.444503
97 17 -135478.329296
98 17 -0.000000
106 17 -33869.605595
107 17 -444444.444503
15 18 0.000000
16 18 -10368179.503930
17 18 -0.000000
18 18 20736358.967127
19 18 -0.000000
20 18 -10368179.459133
94 18 444444.443932
95 18 -2592044.862015
97 18 0.001024
98 18 5184089.710799
106 18 -444444.444957
107 18 -2592044.850816
15 19 16934.810200
16 19 -0.000029
17 19 67739.055685
18 19 -0.000000
19 19 44457.911610
20 19 -0.000000
21 19 110091.678618
22 19 0.000000
23 19 27522.947867
24 19 0.000029
94 19 -8467.395378
95 19 111111.111606
97 19 -33869.605595
98 19 -0.000000
106 19 -22228.845893
107 19 -0.000480
109 19 -55045.887142
110 19 0.000000
118 19 -13761.467949
119 19 -111111.111126
15 20 0.000029
16 20 1296022.435039
17 20 0.000117
18 20 -10368179.459133
19 20 -0.000000
20 20 14654232.418826
21 20 -0.000117
22 20 -6379514.733505
23 20 -0.000029
24 20 797439.341440
94 20 -111111.110870
95 20 324005.607320
97 20 444444.443874
98 20 -2592044.850816
106 20 0.000256
107 20 3663558.082624
109 20 -444444.444386
110 20 -1594878.675090
118 20 111111.111126
119 20 199359.834628
19 21 110091.678618
20 21 -0.000117
21 21 440367.176441
22 21 -0.000000
23 21 110091.678618
24 21 0.000117
106 21 -55045.887142
107 21 444444.444503
109 21 -220183.492473
110 21 0.000000
118 21 -55045.887142
119 21 -444444.444503
19 22 0.000000
20 22 -6379514.733505
21 22 -0.000000
22 22 12759029.473617
23 22 -0.000000
24 22 -6379514.733506
106 22 444444.444444
107 22 -1594878.675090
109 22 0.000000
110 22 3189757.346878
118 22 -444444.444445
119 22 -1594878.675090
19 23 27522.947867
20 23 -0.000029
21 23 110091.678618
22 23 -0.000000
23 23 68421.983774
24 23 -0.000000
37 23 163595.668368
38 23 0.000000
40 23 40898.935602
41 23 0.000029
106 23 -13761.467949
107 23 111111.111126
109 23 -55045.887142
110 23 -0.000000
118 23 -34210.921839
119 23 0.000199
121 23 -81797.866362
122 23 0.000000
130 23 -20449.463771
131 23 -111111.111325
19 24 0.000029
20 24 797439.341440
21 24 0.000117
22 24 -6379514.733506
23 24 -0.000000
24 24 9338533.561917
37 24 -0.000117
38 24 -4293095.046695
40 24 -0.000029
41 24 536636.880949
106 24 -111111.111126
107 24 199359.834628
109 24 444444.444386
110 24 -1594878.675090
118 24 -0.000106
119 24 2334633.374964
121 24 -444444.444174
122 24 -1073273.756500
130 24 111111.111020
131 24 134159.219946
25 25 0.076761
26 25 -0.034333
54 25 0.005548
60 25 -0.004798
25 26 -0.034333
26 26 0.072890
27 26 -0.044226
28 26 0.005291
54 26 -0.004798
60 26 0.007307
63 26 -0.005925
72 26 0.000859
26 27 -0.044226
27 27 0.094794
28 27 -0.044226
60 27 -0.005925
63 27 0.008679
72 27 -0.005925
26 28 0.005291
27 28 -0.044226
28 28 0.091622
29 28 -0.056769
30 28 0.006910
60 28 0.000859
63 28 -0.005925
72 28 0.010039
75 28 -0.007407
84 28 0.001019
28 29 -0.056769
29 29 0.118504
30 29 -0.056769
72 29 -0.007407
75 29 0.012329
84 29 -0.007407
28 30 0.006910
29 30 -0.056769
30 30 0.115841
31 30 -0.072711
32 30 0.008943
72 30 0.001019
75 30 -0.007407
84 30 0.013373
87 30 -0.009332
96 30 0.001239
30 31 -0.072711
31 31 0.149313
32 31 -0.072711
84 31 -0.009332
87 31 0.016719
96 31 -0.009332
30 32 0.008943
31 32 -0.072711
32 32 0.147000
33 32 -0.093009
34 32 0.011512
84 32 0.001239
87 32 -0.009332
96 32 0.017508
99 32 -0.011817
108 32 0.001534
32 33 -0.093009
33 33 0.189066
34 33 -0.093009
96 33 -0.011817
99 33 0.022109
108 33 -0.011817
32 34 0.011512
33 34 -0.093009
34 34 0.133489
35 34 -0.056920
36 34 0.006929
96 34 0.001534
99 34 -0.011817
108 34 0.015686
111 34 -0.007425
120 34 0.001021
34 35 -0.056920
35 35 0.118795
36 35 -0.056920
108 35 -0.007425
111 35 0.012372
120 35 -0.007425
34 36 0.006929
35 36 -0.056920
36 36 0.086510
39 36 -0.037902
42 36 0.004462
108 36 0.001021
111 36 -0.007425
120 36 0.009274
123 36 -0.005198
132 36 0.000788
23 37 163595.668368
24 37 -0.000117
37 37 654382.985332
38 37 0.000000
40 37 163595.667783
41 37 0.000117
118 37 -81797.866362
119 37 444444.444503
121 37 -327191.428189
122 37 0.000000
130 37 -81797.866069
131 37 -444444.444503
23 38 0.000000
24 38 -4293095.046695
37 38 0.000000
38 38 8586190.110887
40 38 -0.000000
41 38 -4293095.054376
118 38 444444.444656
119 38 -1073273.756501
121 38 -0.000424
122 38 2146547.510013
130 38 -444444.444232
131 38 -1073273.758421
36 39 -0.037902
39 39 0.083165
42 39 -0.037902
120 39 -0.005198
123 39 0.006715
132 39 -0.005198
23 40 40898.935602
24 40 -0.000029
37 40 163595.667783
38 40 -0.000000
40 40 101674.585683
41 40 0.000000
43 40 243102.270327
44 40 0.000000
46 40 60775.579488
47 40 0.000029
118 40 -20449.463771
119 40 111111.110927
121 40 -81797.866069
122 40 -0.000000
130 40 -50837.245696
131 40 0.000199
133 40 -121551.156801
134 40 0.000000
142 40 -30387.787028
143 40 -111111.111126
23 41 0.000029
24 41 536636.880949
37 41 0.000117
38 41 -4293095.054376
40 41 0.000000
41 41 6284367.066649
43 41 -0.000117
44 41 -2889038.727514
46 41 -0.000029
47 41 361129.840392
118 41 -111111.111232
119 41 134159.219946
121 41 444444.444598
122 41 -1073273.758421
130 41 -0.000106
131 41 1571091.754218
133 41 -444444.444386
134 41 -722259.678996
142 41 111111.111126
143 41 90282.460201
36 42 0.004462
39 42 -0.037902
42 42 0.060220
45 42 -0.024907
48 42 0.002703
120 42 0.000788
123 42 -0.005198
132 42 0.005240
135 42 -0.003797
144 42 0.000680
40 43 243102.270327
41 43 -0.000117
43 43 972409.295152
44 43 -0.000000
46 43 243102.270327
47 43 0.000117
130 43 -121551.156801
131 43 444444.444503
133 43 -486204.604120
134 43 -0.000000
142 43 -121551.156801
143 43 -444444.444503
40 44 0.000000
41 44 -2889038.727514
43 44 -0.000000
44 44 5778077.469614
46 44 -0.000000
47 44 -2889038.727514
130 44 444444.444444
131 44 -722259.678996
133 44 0.000000
134 44 1444519.350698
142 44 -444444.444444
143 44 -722259.678996
42 45 -0.024907
45 45 0.060754
48 45 -0.024907
132 45 -0.003797
135 45 0.002124
144 45 -0.003797
40 46 60775.579488
41 46 -0.000029
43 46 243102.270327
44 46 -0.000000
46 46 151087.792410
47 46 -0.000000
49 46 361248.613229
50 46 0.000000
130 46 -30387.787028
131 46 111111.111126
133 46 -121551.156801
134 46 -0.000000
142 46 -75543.864468
143 46 -0.000090
145 46 -180624.321151
146 46 0.000000
40 47 0.000029
41 47 361129.840392
43 47 0.000117
44 47 -2889038.727514
46 47 -0.000000
47 47 4229065.425669
49 47 -0.000117
50 47 -1944178.889795
130 47 -111111.111126
131 47 90282.460201
133 47 444444.444386
134 47 -722259.678996
142 47 0.000048
143 47 1057266.345067
145 47 -444444.444482
146 47 -486044.721398
42 48 0.002703
45 48 -0.024907
48 48 0.043501
51 48 -0.015872
132 48 0.000680
135 48 -0.003797
144 48 0.002038
147 48 -0.003000
46 49 361248.613229
47 49 -0.000117
49 49 1444994.602738
50 49 -0.000000
142 49 -180624.321151
143 49 444444.444503
145 49 -722497.272028
146 49 0.000000
46 50 0.000000
47 50 -1944178.889795
49 50 -0.000000
50 50 3888357.799689
142 50 444444.444348
143 50 -486044.721398
145 50 0.000192
146 50 972089.431565
48 51 -0.015872
51 51 0.048000
144 51 -0.003000
147 51 -0.002128
1 52 -359730.863317
2 52 -0.000000
3 52 -89932.724075
4 52 444444.444386
52 52 743092.961889
53 52 -0.000000
55 52 -489518.169199
56 52 -0.000000
58 52 185773.208873
59 52 0.000069
64 52 -122379.548022
65 52 -444444.444524
154 52 61189.767901
155 52 0.000000
160 52 15297.445112
161 52 111111.111151
1 53 0.000000
2 53 1952381.687539
3 53 0.000000
4 53 -976190.846467
52 53 -0.000000
53 53 846780.806335
55 53 0.000000
56 53 1434741.349684
58 53 -0.000130
59 53 -423390.397594
64 53 0.000000
65 53 -717370.678513
154 53 0.000000
155 53 358685.333409
160 53 -111111.111036
161 53 -179342.666245
25 54 0.005548
26 54 -0.004798
54 54 0.037172
57 54 0.002051
60 54 -0.014406
66 54 -0.003779
156 54 -0.002677
162 54 0.001683
52 55 -489518.169199
53 55 0.000000
55 55 979036.424153
56 55 -0.000000
58 55 -122379.548022
59 55 444444.444365
64 55 244759.052919
65 55 0.000159
154 55 -489518.168870
155 55 -0.000000
160 55 -122379.547939
161 55 -444444.444524
52 56 -0.000000
53 56 1434741.349684
55 56 -0.000000
56 56 5738965.472271
58 56 444444.444444
59 56 -717370.678513
64 56 0.000000
65 56 -2869482.728793
154 56 0.000000
155 56 1434741.351612
160 56 -444444.444444
161 56 -717370.679478
54 57 0.002051
57 57 0.060462
60 57 -0.003779
66 57 -0.024724
156 57 0.002051
162 57 -0.003779
1 58 -89932.724075
2 58 -444444.444444
3 58 -40096.066089
4 58 0.000000
5 58 -70451.593547
6 58 444444.444444
7 58 -17612.895266
8 58 -111111.111126
52 58 185773.208873
53 58 -0.000130
55 58 -122379.548022
56 58 444444.444444
58 58 189316.874257
59 58 0.000000
61 58 145531.199017
62 58 0.000130
64 58 -54562.333117
65 58 0.000000
67 58 -95869.819376
68 58 -444444.444444
70 58 -10395.084624
71 58 -0.000048
76 58 -23967.452352
77 58 111111.111091
154 58 15297.445112
155 58 111111.111186
160 58 -54562.343013
161 58 -0.000000
163 58 11983.729478
164 58 -111111.111186
172 58 29959.316269
173 58 83333.333381
1 59 -444444.444503
2 59 -976190.846467
3 59 0.000000
4 59 1944526.531793
5 59 444444.444503
6 59 -1246125.193217
7 59 111111.111126
8 59 155765.649403
52 59 0.000069
53 59 -423390.397594
55 59 444444.444365
56 59 -717370.678513
58 59 0.000000
59 59 1927711.684971
61 59 -0.000069
62 59 -540465.466939
64 59 -0.000000
65 59 1428968.854803
67 59 -444444.444365
68 59 -915736.588233
70 59 0.000048
71 59 -540465.439064
76 59 -111111.111091
77 59 114467.073652
154 59 -111111.111071
155 59 -179342.666245
160 59 0.000000
161 59 -102069.207506
163 59 111111.111071
164 59 -228934.142876
172 59 83333.333286
173 59 286167.681739
25 60 -0.004798
26 60 0.007307
27 60 -0.005925
28 60 0.000859
54 60 -0.014406
57 60 -0.003779
60 60 0.033343
63 60 -0.018802
66 60 0.004466
69 60 -0.004552
72 60 0.002105
78 60 0.000731
156 60 0.001683
162 60 -0.002970
165 60 0.002114
174 60 -0.000285
3 61 -70451.593547
4 61 -444444.444386
5 61 -281806.331017
6 61 0.000000
7 61 -70451.593547
8 61 444444.444386
58 61 145531.199017
59 61 -0.000069
61 61 582124.955214
62 61 -0.000000
64 61 -95869.819376
65 61 444444.444524
67 61 -383479.246837
68 61 -0.000000
70 61 145531.199017
71 61 0.000069
76 61 -95869.819376
77 61 -444444.444524
160 61 11983.729478
161 61 -111111.111151
163 61 47934.901718
164 61 -0.000000
172 61 11983.729478
173 61 111111.111151
3 62 0.000000
4 62 -1246125.193217
5 62 0.000000
6 62 2492250.382208
7 62 -0.000000
8 62 -1246125.193217
58 62 0.000130
59 62 -540465.466939
61 62 -0.000000
62 62 1080930.942611
64 62 0.000000
65 62 -915736.588233
67 62 0.000000
68 62 1831473.170714
70 62 -0.000130
71 62 -540465.466939
76 62 0.000000
77 62 -915736.588233
160 62 111111.111036
161 62 -228934.142876
163 62 0.000000
164 62 457868.286470
172 62 -111111.111036
173 62 -228934.142876
26 63 -0.005925
27 63 0.008679
28 63 -0.005925
60 63 -0.018802
63 63 0.044153
66 63 -0.004552
69 63 0.004790
72 63 -0.018802
78 63 -0.004552
162 63 0.002114
165 63 -0.003689
174 63 0.002114
52 64 -122379.548022
53 64 0.000000
55 64 244759.052919
56 64 0.000000
58 64 -54562.333117
59 64 -0.000000
61 64 -95869.819376
62 64 0.000000
64 64 109124.751936
65 64 -0.000000
67 64 191739.583743
68 64 0.000000
70 64 -23967.452352
71 64 111111.111091
76 64 47934.911556
77 64 0.000040
154 64 -122379.547939
155 64 0.000000
160 64 -54562.333081
161 64 0.000000
163 64 -95869.819311
164 64 0.000000
172 64 -23967.452336
173 64 -111111.111131
52 65 -444444.444524
53 65 -717370.678513
55 65 0.000159
56 65 -2869482.728793
58 65 0.000000
59 65 1428968.854803
61 65 444444.444524
62 65 -915736.588233
64 65 -0.000000
65 65 5715875.472403
67 65 -0.000159
68 65 -3662946.373920
70 65 -111111.111091
71 65 114467.073652
76 65 -0.000040
77 65 457868.296309
154 65 444444.444365
155 65 -717370.679478
160 65 0.000000
161 65 1428968.856394
163 65 -444444.444365
164 65 -915736.589464
172 65 111111.111131
173 65 114467.073991
54 66 -0.003779
57 66 -0.024724
60 66 0.004466
63 66 -0.004552
66 66 0.055371
69 66 -0.032104
72 66 0.000731
78 66 0.003689
156 66 -0.003779
162 66 0.004466
165 66 -0.004552
174 66 0.000731
58 67 -95869.819376
59 67 -444444.444365
61 67 -383479.246837
62 67 0.000000
64 67 191739.583743
65 67 -0.000159
67 67 766958.603304
68 67 0.000000
70 67 -95869.819376
71 67 444444.444365
76 67 191739.583743
77 67 0.000159
160 67 -95869.819311
161 67 444444.444524
163 67 -383479.246579
164 67 -0.000000
172 67 -95869.819311
173 67 -444444.444524
58 68 -444444.444444
59 68 -915736.588233
61 68 -0.000000
62 68 1831473.170714
64 68 0.000000
65 68 -3662946.373920
67 68 0.000000
68 68 7325892.759344
70 68 444444.444444
71 68 -915736.588233
76 68 -0.000000
77 68 -3662946.373920
160 68 444444.444444
161 68 -915736.589464
163 68 0.000000
164 68 1831473.173175
172 68 -444444.444444
173 68 -915736.589464
60 69 -0.004552
63 69 0.004790
66 69 -0.032104
69 69 0.072836
72 69 -0.004552
78 69 -0.032104
162 69 -0.004552
165 69 0.004790
174 69 -0.004552
3 70 -17612.895266
4 70 111111.111126
5 70 -70451.593547
6 70 -444444.444444
7 70 -31410.492069
8 70 0.000000
9 70 -55190.446045
10 70 444444.444444
11 70 -13797.607684
12 70 -111111.111126
58 70 -10395.084624
59 70 0.000048
61 70 145531.199017
62 70 -0.000130
64 70 -23967.452352
65 70 -111111.111091
67 70 -95869.819376
68 70 444444.444444
70 70 148307.269191
71 70 0.000000
73 70 114006.368698
74 70 0.000130
76 70 -42743.092857
77 70 -0.000000
79 70 -75102.601156
80 70 -444444.444444
82 70 -8143.310565
83 70 -0.000048
88 70 -18775.647321
89 70 111111.111091
160 70 29959.316269
161 70 -83333.333381
163 70 11983.729478
164 70 111111.111186
172 70 -42743.106951
173 70 -0.000000
175 70 9387.827772
176 70 -111111.111186
184 70 23469.560054
185 70 83333.333381
3 71 -111111.111126
4 71 155765.649403
5 71 -444444.444503
6 71 -1246125.193217
7 71 0.000000
8 71 2482223.134851
9 71 444444.444503
10 71 -1590701.249330
11 71 111111.111126
12 71 198837.656408
58 71 -0.000048
59 71 -540465.439064
61 71 0.000069
62 71 -540465.466939
64 71 111111.111091
65 71 114467.073652
67 71 444444.444365
68 71 -915736.588233
70 71 0.000000
71 71 2460758.677180
73 71 -0.000069
74 71 -689913.901756
76 71 -0.000000
77 71 1824104.476609
79 71 -444444.444365
80 71 -1168954.245308
82 71 0.000048
83 71 -689913.865527
88 71 -111111.111091
89 71 146119.280715
160 71 -83333.333286
161 71 286167.681739
163 71 -111111.111071
164 71 -228934.142876
172 71 0.000000
173 71 -130293.181554
175 71 111111.111071
176 71 -292238.556094
184 71 83333.333286
185 71 365298.199105
26 72 0.000859
27 72 -0.005925
28 72 0.010039
29 72 -0.007407
30 72 0.001019
60 72 0.002105
63 72 -0.018802
66 72 0.000731
69 72 -0.004552
72 72 0.041093
75 72 -0.024324
78 72 0.006670
81 72 -0.005598
84 72 0.002848
90 72 0.000827
162 72 -0.000285
165 72 0.002114
174 72 -0.003912
177 72 0.002672
186 72 -0.000350
7 73 -55190.446045
8 73 -444444.444386
9 73 -220761.728238
10 73 0.000000
11 73 -55190.446045
12 73 444444.444386
70 73 114006.368698
71 73 -0.000069
73 73 456025.676225
74 73 -0.000000
76 73 -75102.601156
77 73 444444.444524
79 73 -300410.364346
80 73 -0.000000
82 73 114006.368698
83 73 0.000069
88 73 -75102.601156
89 73 -444444.444524
172 73 9387.827772
173 73 -111111.111151
175 73 37551.290270
176 73 -0.000000
184 73 9387.827772
185 73 111111.111151
7 74 0.000000
8 74 -1590701.249330
9 74 -0.000000
10 74 3181402.495348
11 74 -0.000000
12 74 -1590701.249330
70 74 0.000130
71 74 -689913.901756
73 74 -0.000000
74 74 1379827.810353
76 74 0.000000
77 74 -1168954.245308
79 74 0.000000
80 74 2337908.486109
82 74 -0.000130
83 74 -689913.901756
88 74 -0.000000
89 74 -1168954.245308
172 74 111111.111036
173 74 -292238.556094
175 74 -0.000000
176 74 584477.112751
184 74 -111111.111036
185 74 -292238.556094
28 75 -0.007407
29 75 0.012329
30 75 -0.007407
72 75 -0.024324
75 75 0.053778
78 75 -0.005598
81 75 0.007817
84 75 -0.024324
90 75 -0.005598
174 75 0.002672
177 75 -0.004922
186 75 0.002672
58 76 -23967.452352
59 76 -111111.111091
61 76 -95869.819376
62 76 0.000000
64 76 47934.911556
65 76 -0.000040
67 76 191739.583743
68 76 -0.000000
70 76 -42743.092857
71 76 -0.000000
73 76 -75102.601156
74 76 0.000000
76 76 85486.295131
77 76 -0.000000
79 76 150205.132125
80 76 0.000000
82 76 -18775.647321
83 76 111111.111091
88 76 37551.303397
89 76 0.000040
160 76 -23967.452336
161 76 111111.111131
163 76 -95869.819311
164 76 -0.000000
172 76 -42743.092828
173 76 0.000000
175 76 -75102.601106
176 76 0.000000
184 76 -18775.647308
185 76 -111111.111131
58 77 111111.111091
59 77 114467.073652
61 77 -444444.444524
62 77 -915736.588233
64 77 0.000040
65 77 457868.296309
67 77 0.000159
68 77 -3662946.373920
70 77 -0.000000
71 77 1824104.476609
73 77 444444.444524
74 77 -1168954.245308
76 77 -0.000000
77 77 7296417.966587
79 77 -0.000159
80 77 -4675817.009724
82 77 -111111.111091
83 77 146119.280715
88 77 -0.000040
89 77 584477.125878
160 77 -111111.111131
161 77 114467.073991
163 77 444444.444365
164 77 -915736.589464
172 77 0.000000
173 77 1824104.478640
175 77 -444444.444365
176 77 -1168954.246879
184 77 111111.111131
185 77 146119.281147
60 78 0.000731
63 78 -0.004552
66 78 0.003689
69 78 -0.032104
72 78 0.006670
75 78 -0.005598
78 78 0.068745
81 78 -0.041406
84 78 0.000827
90 78 0.004922
162 78 0.000731
165 78 -0.004552
174 78 0.006670
177 78 -0.005598
186 78 0.000827
70 79 -75102.601156
71 79 -444444.444365
73 79 -300410.364346
74 79 0.000000
76 79 150205.132125
77 79 -0.000159
79 79 600820.868764
80 79 -0.000000
82 79 -75102.601156
83 79 444444.444365
88 79 150205.132125
89 79 0.000159
172 79 -75102.601106
173 79 444444.444524
175 79 -300410.364144
176 79 -0.000000
184 79 -75102.601106
185 79 -444444.444524
70 80 -444444.444444
71 80 -1168954.245308
73 80 -0.000000
74 80 2337908.486109
76 80 0.000000
77 80 -4675817.009724
79 80 -0.000000
80 80 9351634.028461
82 80 444444.444444
83 80 -1168954.245308
88 80 -0.000000
89 80 -4675817.009725
172 80 444444.444444
173 80 -1168954.246879
175 80 0.000000
176 80 2337908.489252
184 80 -444444.444444
185 80 -1168954.246879
72 81 -0.005598
75 81 0.007817
78 81 -0.041406
81 81 0.089572
84 81 -0.005598
90 81 -0.041406
174 81 -0.005598
177 81 0.007817
186 81 -0.005598
7 82 -13797.607684
8 82 111111.111126
9 82 -55190.446045
10 82 -444444.444444
11 82 -24606.376582
12 82 -0.000201
13 82 -43235.153776
14 82 444444.444846
15 82 -10808.783644
16 82 -111111.111326
70 82 -8143.310565
71 82 0.000048
73 82 114006.368698
74 82 -0.000130
76 82 -18775.647321
77 82 -111111.111091
79 82 -75102.601156
80 82 444444.444444
82 82 116181.128037
83 82 -0.000000
85 82 89310.411396
86 82 0.000130
88 82 -33484.123114
89 82 0.000201
91 82 -58833.957326
92 82 -444444.444846
94 82 -6379.313044
95 82 -0.000047
100 82 -14708.485659
101 82 111111.111292
172 82 23469.560054
173 82 -83333.333381
175 82 9387.827772
176 82 111111.111186
184 82 -33484.142169
185 82 -0.000138
187 82 7354.248051
188 82 -111111.111286
196 82 18385.608106
197 82 83333.333619
7 83 -111111.111126
8 83 198837.656408
9 83 -444444.444503
10 83 -1590701.249330
11 83 0.000376
12 83 3168602.524651
13 83 444444.444503
14 83 -2030558.781581
15 83 111111.110750
16 83 253819.848375
70 83 -0.000048
71 83 -689913.865527
73 83 0.000069
74 83 -689913.901756
76 83 111111.111091
77 83 146119.280715
79 83 444444.444365
80 83 -1168954.245308
82 83 -0.000000
83 83 3141202.757604
85 83 -0.000069
86 83 -880687.516267
88 83 -0.000376
89 83 2328502.208288
91 83 -444444.444365
92 83 -1492191.138288
94 83 0.000047
95 83 -880687.471004
100 83 -111111.110715
101 83 186523.892584
172 83 -83333.333286
173 83 365298.199105
175 83 -111111.111071
176 83 -292238.556094
184 83 0.000138
185 83 -166321.593112
187 83 111111.111172
188 83 -373047.777975
196 83 83333.333048
197 83 466309.728328
28 84 0.001019
29 84 -0.007407
30 84 0.013373
31 84 -0.009332
32 84 0.001239
72 84 0.002848
75 84 -0.024324
78 84 0.000827
81 84 -0.005598
84 84 0.051304
87 84 -0.031303
90 84 0.009273
93 84 -0.006980
96 84 0.003762
102 84 0.000972
174 84 -0.000350
177 84 0.002672
186 84 -0.005088
189 84 0.003391
198 84 -0.000436
11 85 -43235.153776
12 85 -444444.443985
13 85 -172940.542456
14 85 -0.000802
15 85 -43235.153483
16 85 444444.444787
82 85 89310.411396
83 85 -0.000069
85 85 357241.900364
86 85 0.000000
88 85 -58833.957326
89 85 444444.444123
91 85 -235335.776200
92 85 0.000802
94 85 89310.410895
95 85 0.000069
100 85 -58833.956928
101 85 -444444.444925
184 85 7354.248051
185 85 -111111.111251
187 85 29416.965300
188 85 0.000201
196 85 7354.247941
197 85 111111.111051
11 86 -0.000000
12 86 -2030558.781580
13 86 -0.000000
14 86 4061117.567440
15 86 -0.000000
16 86 -2030558.788454
82 86 0.000130
83 86 -880687.516267
85 86 0.000000
86 86 1761375.040873
88 86 -0.000000
89 86 -1492191.138288
91 86 0.000000
92 86 2984382.278096
94 86 -0.000130
95 86 -880687.519248
100 86 0.000000
101 86 -1492191.143338
184 86 111111.111137
185 86 -373047.777975
187 86 -0.000201
188 86 746095.557655
196 86 -111111.110936
197 86 -373047.779238
30 87 -0.009332
31 87 0.016719
32 87 -0.009332
84 87 -0.031303
87 87 0.066625
90 87 -0.006980
93 87 0.011312
96 87 -0.031303
102 87 -0.006980
186 87 0.003391
189 87 -0.006450
198 87 0.003391
70 88 -18775.647321
71 88 -111111.111091
73 88 -75102.601156
74 88 -0.000000
76 88 37551.303397
77 88 -0.000040
79 88 150205.132125
80 88 -0.000000
82 88 -33484.123114
83 88 -0.000376
85 88 -58833.957326
86 88 -0.000000
88 88 66968.385916
89 88 -0.000000
91 88 117667.825081
92 88 -0.000000
94 88 -14708.485660
95 88 111111.111467
100 88 29416.982501
101 88 0.000040
172 88 -18775.647308
173 88 111111.111131
175 88 -75102.601106
176 88 -0.000000
184 88 -33484.123091
185 88 0.000376
187 88 -58833.957286
188 88 -0.000000
196 88 -14708.485650
197 88 -111111.111507
70 89 111111.111091
71 89 146119.280715
73 89 -444444.444524
74 89 -1168954.245308
76 89 0.000040
77 89 584477.125878
79 89 0.000159
80 89 -4675817.009725
82 89 0.000201
83 89 2328502.208288
85 89 444444.444123
86 89 -1492191.138288
88 89 -0.000000
89 89 9314008.903866
91 89 -0.000159
92 89 -5968764.590856
94 89 -111111.110891
95 89 186523.892584
100 89 -0.000040
101 89 746095.574855
172 89 -111111.111131
173 89 146119.281147
175 89 444444.444365
176 89 -1168954.246879
184 89 -0.000201
185 89 2328502.210881
187 89 -444444.443964
188 89 -1492191.140293
196 89 111111.110930
197 89 186523.893135
72 90 0.000827
75 90 -0.005598
78 90 0.004922
81 90 -0.041406
84 90 0.009273
87 90 -0.006980
90 90 0.086237
93 90 -0.053189
96 90 0.000972
102 90 0.006450
174 90 0.000827
177 90 -0.005598
186 90 0.009273
189 90 -0.006980
198 90 0.000972
82 91 -58833.957326
83 91 -444444.444365
85 91 -235335.776200
86 91 0.000000
88 91 117667.825081
89 91 -0.000159
91 91 470671.731305
92 91 0.000000
94 91 -58833.956928
95 91 444444.444365
100 91 117667.824284
101 91 0.000159
184 91 -58833.957286
185 91 444444.444524
187 91 -235335.776042
188 91 0.000000
196 91 -58833.956888
197 91 -444444.444524
82 92 -444444.444846
83 92 -1492191.138288
85 92 0.000802
86 92 2984382.278096
88 92 -0.000000
89 92 -5968764.590856
91 92 0.000000
92 92 11937529.208976
94 92 444444.444043
95 92 -1492191.143338
100 92 -0.000000
101 92 -5968764.611060
184 92 444444.444846
185 92 -1492191.140293
187 92 -0.000802
188 92 2984382.282107
196 92 -444444.444043
197 92 -1492191.145344
84 93 -0.006980
87 93 0.011312
90 93 -0.053189
93 93 0.111674
96 93 -0.006980
102 93 -0.053189
186 93 -0.006980
189 93 0.011312
198 93 -0.006980
11 94 -10808.783644
12 94 111111.110925
13 94 -43235.153483
14 94 -444444.444043
15 94 -19276.159230
16 94 0.000056
17 94 -33869.605303
18 94 444444.443932
19 94 -8467.395378
20 94 -111111.110870
82 94 -6379.313044
83 94 0.000047
85 94 89310.410895
86 94 -0.000130
88 94 -14708.485660
89 94 -111111.110891
91 94 -58833.956928
92 94 444444.444043
94 94 91014.124555
95 94 0.000000
97 94 69964.061310
98 94 0.000130
100 94 -26230.819929
101 94 -0.000055
103 94 -46089.410501
104 94 -444444.443932
106 94 -4997.430255
107 94 -0.000048
112 94 -11522.348182
113 94 111111.110835
184 94 18385.608106
185 94 -83333.333142
187 94 7354.247941
188 94 111111.111085
196 94 -26230.845420
197 94 0.000038
199 94 5761.180567
200 94 -111111.111058
208 94 14402.936449
209 94 83333.333077
11 95 -111111.111502
12 95 253819.848375
13 95 -444444.444503
14 95 -2030558.788454
15 95 -0.000104
16 95 4044778.193617
17 95 444444.444503
18 95 -2592044.862015
19 95 111111.111606
20 95 324005.607320
82 95 -0.000047
83 95 -880687.471004
85 95 0.000069
86 95 -880687.519248
88 95 111111.111467
89 95 186523.892584
91 95 444444.444365
92 95 -1492191.143338
94 95 0.000000
95 95 4009801.888209
97 95 -0.000069
98 95 -1124213.479037
100 95 0.000104
101 95 2972375.008780
103 95 -444444.444365
104 95 -1904808.867424
106 95 0.000047
107 95 -1124213.416531
112 95 -111111.111571
113 95 238101.107825
184 95 -83333.333524
185 95 466309.728328
187 95 -111111.110971
188 95 -373047.779238
196 95 -0.000038
197 95 -212312.506187
199 95 111111.110943
200 95 -476202.208501
208 95 83333.333590
209 95 595252.765795
30 96 0.001239
31 96 -0.009332
32 96 0.017508
33 96 -0.011817
34 96 0.001534
84 96 0.003762
87 96 -0.031303
90 96 0.000972
93 96 -0.006980
96 96 0.064588
99 96 -0.040157
102 96 0.012431
105 96 -0.008779
108 96 0.004902
114 96 0.001175
186 96 -0.000436
189 96 0.003391
198 96 -0.006570
201 96 0.004312
210 96 -0.000549
15 97 -33869.605303
16 97 -444444.444898
17 97 -135478.329296
18 97 0.001024
19 97 -33869.605595
20 97 444444.443874
94 97 69964.061310
95 97 -0.000069
97 97 279856.571694
98 97 0.000000
100 97 -46089.410501
101 97 444444.445036
103 97 -184357.575332
104 97 -0.001024
106 97 69964.061811
107 97 0.000069
112 97 -46089.410899
113 97 -444444.444012
196 97 5761.180567
197 97 -111111.111023
199 97 23044.688337
200 97 -0.000256
208 97 5761.180676
209 97 111111.111279
15 98 0.000000
16 98 -2592044.862015
17 98 -0.000000
18 98 5184089.710799
19 98 -0.000000
20 98 -2592044.850816
94 98 0.000130
95 98 -1124213.479037
97 98 0.000000
98 98 2248426.957415
100 98 0.000000
101 98 -1904808.867424
103 98 -0.000000
104 98 3809617.723853
106 98 -0.000130
107 98 -1124213.474180
112 98 -0.000000
113 98 -1904808.859194
196 98 111111.110908
197 98 -476202.208501
199 98 0.000256
200 98 952404.415290
208 98 -111111.111164
209 98 -476202.206443
32 99 -0.011817
33 99 0.022109
34 99 -0.011817
96 99 -0.040157
99 99 0.083462
102 99 -0.008779
105 99 0.015484
108 99 -0.040157
114 99 -0.008779
198 99 0.004312
201 99 -0.008364
210 99 0.004312
82 100 -14708.485659
83 100 -111111.110715
85 100 -58833.956928
86 100 0.000000
88 100 29416.982501
89 100 -0.000040
91 100 117667.824284
92 100 -0.000000
94 100 -26230.819929
95 100 0.000104
97 100 -46089.410501
98 100 0.000000
100 100 52461.818184
101 100 -0.000000
103 100 92178.706682
104 100 0.000000
106 100 -11522.348182
107 100 111111.110611
112 100 23044.710642
113 100 0.000040
184 100 -14708.485650
185 100 111111.110755
187 100 -58833.956888
188 100 -0.000000
196 100 -26230.819912
197 100 -0.000104
199 100 -46089.410470
200 100 0.000000
208 100 -11522.348174
209 100 -111111.110651
82 101 111111.111292
83 101 186523.892584
85 101 -444444.444925
86 101 -1492191.143338
88 101 0.000040
89 101 746095.574855
91 101 0.000159
92 101 -5968764.611060
94 101 -0.000055
95 101 2972375.008780
97 101 444444.445036
98 101 -1904808.867424
100 101 -0.000000
101 101 11889500.120631
103 101 -0.000159
104 101 -7619235.518873
106 101 -111111.111347
107 101 238101.107825
112 101 -0.000040
113 101 952404.437594
184 101 -111111.111332
185 101 186523.893135
187 101 444444.444766
188 101 -1492191.145344
196 101 0.000056
197 101 2972375.012090
199 101 -444444.444877
200 101 -1904808.869984
208 101 111111.111387
209 101 238101.108529
84 102 0.000972
87 102 -0.006980
90 102 0.006450
93 102 -0.053189
96 102 0.012431
99 102 -0.008779
102 102 0.108894
105 102 -0.068158
108 102 0.001175
114 102 0.008364
186 102 0.000972
189 102 -0.006980
198 102 0.012431
201 102 -0.008779
210 102 0.001175
94 103 -46089.410501
95 103 -444444.444365
97 103 -184357.575332
98 103 -0.000000
100 103 92178.706682
101 103 -0.000159
103 103 368715.379117
104 103 -0.000000
106 103 -46089.410899
107 103 444444.444365
112 103 92178.707478
113 103 0.000159
196 103 -46089.410470
197 103 444444.444524
199 103 -184357.575208
200 103 -0.000000
208 103 -46089.410868
209 103 -444444.444524
94 104 -444444.443932
95 104 -1904808.867424
97 104 -0.001024
98 104 3809617.723853
100 104 0.000000
101 104 -7619235.518873
103 104 -0.000000
104 104 15238471.010357
106 104 444444.444957
107 104 -1904808.859194
112 104 -0.000000
113 104 -7619235.485953
196 104 444444.443932
197 104 -1904808.869985
199 104 0.001024
200 104 3809617.728974
208 104 -444444.444957
209 104 -1904808.861754
96 105 -0.008779
99 105 0.015484
102 105 -0.068158
105 105 0.140465
108 105 -0.008779
114 105 -0.068158
198 105 -0.008779
201 105 0.015484
210 105 -0.008779
15 106 -8467.395378
16 106 111111.111382
17 106 -33869.605595
18 106 -444444.444957
19 106 -22228.845893
20 106 0.000256
21 106 -55045.887142
22 106 444444.444444
23 106 -13761.467949
24 106 -111111.111126
94 106 -4997.430255
95 106 0.000047
97 106 69964.061811
98 106 -0.000130
100 106 -11522.348182
101 106 -111111.111347
103 106 -46089.410899
104 106 444444.444957
106 106 104955.451312
107 106 -0.000000
109 106 113707.754499
110 106 0.000130
112 106 -30248.804984
113 106 -0.000256
115 106 -74905.886831
116 106 -444444.444444
118 106 -8121.980974
119 106 -0.000047
124 106 -18726.468734
125 106 111111.111091
196 106 14402.936449
197 106 -83333.333685
199 106 5761.180676
200 106 111111.111314
208 106 -30248.827488
209 106 0.000176
211 106 9363.238488
212 106 -111111.111186
220 106 23408.086821
221 106 83333.333381
15 107 -111111.110646
16 107 324005.607320
17 107 -444444.444503
18 107 -2592044.850816
19 107 -0.000480
20 107 3663558.082624
21 107 444444.444503
22 107 -1594878.675090
23 107 111111.111126
24 107 199359.834628
94 107 -0.000048
95 107 -1124213.416531
97 107 0.000069
98 107 -1124213.474180
100 107 111111.110611
101 107 238101.107825
103 107 444444.444365
104 107 -1904808.859194
106 107 -0.000000
107 107 3631878.300365
109 107 -0.000069
110 107 -691725.721615
112 107 0.000480
113 107 2692228.835838
115 107 -444444.444365
116 107 -1172024.098668
118 107 0.000047
119 107 -691725.685285
124 107 -111111.111091
125 107 146503.012384
196 107 -83333.332982
197 107 595252.765795
199 107 -111111.111199
200 107 -476202.206443
208 107 -0.000176
209 107 -192302.067978
211 107 111111.111071
212 107 -293006.019421
220 107 83333.333286
221 107 366257.528274
32 108 0.001534
33 108 -0.011817
34 108 0.015686
35 108 -0.007425
36 108 0.001021
96 108 0.004902
99 108 -0.040157
102 108 0.001175
105 108 -0.008779
108 108 0.058855
111 108 -0.024390
114 108 0.011026
117 108 -0.005611
120 108 0.002857
126 108 0.000828
198 108 -0.000549
201 108 0.004312
210 108 -0.005921
213 108 0.002679
222 108 -0.000351
19 109 -55045.887142
20 109 -444444.444386
21 109 -220183.492473
22 109 0.000000
23 109 -55045.887142
24 109 444444.444386
106 109 113707.754499
107 109 -0.000069
109 109 454831.219942
110 109 0.000000
112 109 -74905.886831
113 109 444444.444524
115 109 -299623.506930
116 109 -0.000000
118 109 113707.754499
119 109 0.000069
124 109 -74905.886831
125 109 -444444.444524
208 109 9363.238488
209 109 -111111.111151
211 109 37452.933080
212 109 -0.000000
220 109 9363.238488
221 109 111111.111151
19 110 0.000000
20 110 -1594878.675090
21 110 0.000000
22 110 3189757.346878
23 110 -0.000000
24 110 -1594878.675090
106 110 0.000130
107 110 -691725.721615
109 110 0.000000
110 110 1383451.450052
112 110 0.000000
113 110 -1172024.098668
115 110 0.000000
116 110 2344048.192842
118 110 -0.000130
119 110 -691725.721615
124 110 -0.000000
125 110 -1172024.098668
208 110 111111.111036
209 110 -293006.019421
211 110 0.000000
212 110 586012.039404
220 110 -111111.111036
221 110 -293006.019421
34 111 -0.007425
35 111 0.012372
36 111 -0.007425
108 111 -0.024390
111 111 0.053898
114 111 -0.005611
117 111 0.007852
120 111 -0.024390
126 111 -0.005611
210 111 0.002679
213 111 -0.004937
222 111 0.002679
94 112 -11522.348182
95 112 -111111.111571
97 112 -46089.410899
98 112 -0.000000
100 112 23044.710642
101 112 -0.000040
103 112 92178.707478
104 112 -0.000000
106 112 -30248.804984
107 112 0.000480
109 112 -74905.886831
110 112 0.000000
112 112 60497.771482
113 112 -0.000000
115 112 149811.703291
116 112 0.000000
118 112 -18726.468734
119 112 111111.111091
124 112 37452.946245
125 112 0.000040
196 112 -11522.348174
197 112 111111.111611
199 112 -46089.410868
200 112 -0.000000
208 112 -30248.804964
209 112 -0.000480
211 112 -74905.886781
212 112 0.000000
220 112 -18726.468721
221 112 -111111.111131
94 113 111111.110835
95 113 238101.107825
97 113 -444444.444012
98 113 -1904808.859194
100 113 0.000040
101 113 952404.437594
103 113 0.000159
104 113 -7619235.485953
106 113 -0.000256
107 113 2692228.835838
109 113 444444.444524
110 113 -1172024.098668
112 113 -0.000000
113 113 10768915.422673
115 113 -0.000159
116 113 -4688096.423254
118 113 -111111.111091
119 113 146503.012384
124 113 -0.000040
125 113 586012.052570
196 113 -111111.110875
197 113 238101.108529
199 113 444444.443853
200 113 -1904808.861754
208 113 0.000256
209 113 2692228.838836
211 113 -444444.444365
212 113 -1172024.100243
220 113 111111.111131
221 113 146503.012817
96 114 0.001175
99 114 -0.008779
102 114 0.008364
105 114 -0.068158
108 114 0.011026
111 114 -0.005611
114 114 0.099098
117 114 -0.041519
120 114 0.000828
126 114 0.004937
198 114 0.001175
201 114 -0.008779
210 114 0.011026
213 114 -0.005611
222 114 0.000828
106 115 -74905.886831
107 115 -444444.444365
109 115 -299623.506930
110 115 0.000000
112 115 149811.703291
113 115 -0.000159
115 115 599247.154302
116 115 -0.000000
118 115 -74905.886831
119 115 444444.444365
124 115 149811.703291
125 115 0.000159
208 115 -74905.886781
209 115 444444.444524
211 115 -299623.506729
212 115 -0.000000
220 115 -74905.886781
221 115 -444444.444524
106 116 -444444.444444
107 116 -1172024.098668
109 116 -0.000000
110 116 2344048.192842
112 116 0.000000
113 116 -4688096.423254
115 116 -0.000000
116 116 9376192.855498
118 116 444444.444444
119 116 -1172024.098668
124 116 -0.000000
125 116 -4688096.423255
208 116 444444.444444
209 116 -1172024.100243
211 116 0.000000
212 116 2344048.195992
220 116 -444444.444445
221 116 -1172024.100243
108 117 -0.005611
111 117 0.007852
114 117 -0.041519
117 117 0.089779
120 117 -0.005611
126 117 -0.041519
210 117 -0.005611
213 117 0.007852
222 117 -0.005611
19 118 -13761.467949
20 118 111111.111126
21 118 -55045.887142
22 118 -444444.444445
23 118 -34210.921839
24 118 -0.000106
37 118 -81797.866362
38 118 444444.444656
40 118 -20449.463771
41 118 -111111.111232
106 118 -8121.980974
107 118 0.000047
109 118 113707.754499
110 118 -0.000130
112 118 -18726.468734
113 118 -111111.111091
115 118 -74905.886831
116 118 444444.444444
118 118 161529.714641
119 118 0.000000
121 118 168969.101191
122 118 0.000130
124 118 -46553.889133
125 118 0.000106
127 118 -111309.714621
128 118 -444444.444657
130 118 -12069.220728
131 118 -0.000047
136 118 -27827.426330
137 118 111111.111197
208 118 23408.086821
209 118 -83333.333381
211 118 9363.238488
212 118 111111.111186
220 118 -46553.901962
221 118 -0.000073
223 118 13913.716127
224 118 -111111.111239
232 118 34784.283720
233 118 83333.333507
19 119 -111111.111126
20 119 199359.834628
21 119 -444444.444503
22 119 -1594878.675090
23 119 0.000199
24 119 2334633.374964
37 119 444444.444503
38 119 -1073273.756501
40 119 111111.110927
41 119 134159.219946
106 119 -0.000047
107 119 -691725.685285
109 119 0.000069
110 119 -691725.721615
112 119 111111.111091
113 119 146503.012384
115 119 444444.444365
116 119 -1172024.098668
