2568 2568 75628
1 1 4230549.747914
2 1 -142957.596271
3 1 -4834625.920656
4 1 -746510.464917
5 1 1004460.782236
6 1 14931323.980785
9 1 -1137559.041034
10 1 20052300.589202
71 1 604076.176032
72 1 -99305.790950
75 1 133098.257201
76 1 -4875005.130720
1 2 -142957.596271
2 2 81078258.982089
3 2 0.000000
4 2 324313035.918951
5 2 -5159140.809221
6 2 -39339541.644852
9 2 -0.000000
10 2 -157358166.574945
71 2 142957.596271
72 2 81088589.393042
75 2 5159140.809221
76 2 -38966731.360523
1 3 -4834625.920656
2 3 0.000000
3 3 9669251.854471
4 3 349360.159671
5 3 -1137559.041044
6 3 -19815947.069343
9 3 2275118.075682
10 3 82202.390505
71 3 -4834625.920656
72 3 -349360.159671
75 3 -1137559.041024
76 3 19733744.678836
1 4 -746510.464917
2 4 324313035.918951
3 4 349360.159671
4 4 1297264766.428460
5 4 -20677664.432136
6 4 -158074137.421920
9 4 82202.390505
10 4 -629429696.244171
71 4 397150.305247
72 4 324341734.828905
75 4 20595462.041630
76 4 -155153924.655180
1 5 1004460.782236
2 5 -5159140.809221
3 5 -1137559.041044
4 5 -20677664.432136
5 5 1135253.140268
6 5 -366642.184268
7 5 979653.479787
8 5 4716917.477960
9 5 -569130.636922
10 5 -309255.280249
11 5 -1130511.332108
12 5 18826823.357539
13 5 -66741.479741
14 5 1189516.038729
17 5 -263785.978273
18 5 -4498801.651872
71 5 133098.257206
72 5 -5149522.851383
75 5 -566122.500628
76 5 181386.992581
77 5 150857.850817
78 5 4727818.782468
83 5 330527.458196
84 5 -3410266.828358
1 6 14931323.980785
2 6 -39339541.644852
3 6 -19815947.069343
4 6 -158074137.421920
5 6 -366642.184268
6 6 153303754.818172
7 6 -14694880.656231
8 6 -37068855.558631
9 6 588938.370665
10 6 267835180.726819
11 6 19693178.138266
12 6 -147563887.145571
13 6 -1107915.889510
14 6 -35791324.029564
17 6 4595074.916275
18 6 18086610.192142
71 6 4884623.088557
72 6 -38986568.583970
75 6 -222296.186398
76 6 -19412867.516661
77 6 -4998297.482034
78 6 -37430042.983274
83 6 -3487159.026765
84 6 44499627.301217
5 7 979653.479787
6 7 -14694880.656231
7 7 3709785.121000
8 7 -145698.893384
9 7 -1130511.332200
10 7 -19434012.900964
11 7 -4239417.507469
12 7 -735970.154783
13 7 874738.771218
14 7 13074436.244506
17 7 -989197.422973
18 7 17584498.087581
75 7 150857.850904
76 7 5009198.785615
77 7 529632.389389
78 7 -107426.550501
83 7 114458.650343
84 7 -4256045.812912
5 8 4716917.477960
6 8 -37068855.558631
7 8 -145698.893384
8 8 72009052.806300
9 8 0.000135
10 8 -148275422.239461
11 8 0.000505
12 8 288036211.225176
13 8 -4542499.839971
14 8 -34779814.110448
17 8 0.000118
18 8 -139119256.480434
75 8 -4716917.478095
76 8 -37409709.863076
77 8 145698.892878
78 8 72019581.326247
83 8 4542499.839853
84 8 -34451563.593310
1 9 -1137559.041034
2 9 -0.000000
3 9 2275118.075682
4 9 82202.390505
5 9 -569130.636922
6 9 588938.370665
7 9 -1130511.332200
8 9 0.000135
9 9 1138261.284745
10 9 41126.567422
11 9 2261022.658308
12 9 81693.110237
13 9 -263785.978311
14 9 -4623667.471346
17 9 527571.957299
18 9 19061.725809
71 9 -1137559.041054
72 9 -82202.390507
75 9 -569130.636952
76 9 -630064.938096
77 9 -1130511.332125
78 9 -81693.110351
83 9 -263785.978261
84 9 4604605.745527
1 10 20052300.589202
2 10 -157358166.574945
3 10 82202.390505
4 10 -629429696.244171
5 10 -309255.280249
6 10 267835180.726819
7 10 -19434012.900964
8 10 -148275422.239461
9 10 41126.567422
10 10 1071257093.046620
11 10 81693.107098
12 10 -593098737.320053
13 10 4748955.413209
14 10 17753527.402521
17 10 19061.725062
18 10 71683030.073592
71 10 -20134502.979708
72 10 -158813127.783843
75 10 268128.712827
76 10 267811998.353876
77 10 19352319.793869
78 10 -146876983.217640
83 10 -4768017.138271
84 10 17743096.392253
5 11 -1130511.332108
6 11 19693178.138266
7 11 -4239417.507469
8 11 0.000505
9 11 2261022.658308
10 11 81693.107098
11 11 8478835.026412
12 11 306349.164472
13 11 -989197.423060
14 11 -17338753.079502
17 11 1978394.840251
18 11 71481.472041
75 11 -1130511.332236
76 11 -19774871.245393
77 11 -4239417.507260
78 11 -306349.164913
83 11 -989197.422838
84 11 17267271.607425
5 12 18826823.357539
6 12 -147563887.145571
7 12 -735970.154783
8 12 288036211.225176
9 12 81693.110237
10 12 -593098737.320053
11 12 306349.164472
12 12 1152155913.654010
13 12 -18205740.096166
14 12 -139745723.695121
17 12 71481.471980
18 12 -556474443.239811
75 12 -18908516.467774
76 12 -150353326.204745
77 12 429620.990308
78 12 288067256.601543
83 12 18134258.624187
84 12 -137182369.825864
5 13 -66741.479741
6 13 -1107915.889510
7 13 874738.771218
8 13 -4542499.839971
9 13 -263785.978311
10 13 4748955.413209
11 13 -989197.423060
12 13 -18205740.096166
13 13 987549.704766
14 13 -370385.063452
15 13 850535.888324
16 13 4099007.235490
17 13 -495495.940184
18 13 -312072.736323
19 13 -983109.060019
20 13 16360508.189118
21 13 -57628.363445
22 13 1033165.516358
25 13 -226871.321341
26 13 -3877964.849675
75 13 330527.458234
76 13 3511043.631332
77 13 114458.650426
78 13 -4534228.819847
83 13 -492053.762189
84 13 187743.255402
85 13 132573.170377
86 13 4108587.251515
91 13 284499.684945
92 13 -2947490.850628
5 14 1189516.038729
6 14 -35791324.029564
7 14 13074436.244506
8 14 -34779814.110448
9 14 -4623667.471346
10 14 17753527.402521
11 14 -17338753.079502
12 14 -139745723.695121
13 14 -370385.063452
14 14 135078557.356479
15 14 -12847289.186812
16 14 -32479384.490875
17 14 593685.150657
18 14 235868931.295964
19 14 17232035.665144
20 14 -129294926.548896
21 14 -952880.040649
22 14 -31163936.328605
25 14 3976623.614758
26 14 15755338.672542
75 14 3434151.432618
76 14 44999775.643910
77 14 4264316.834996
78 14 -34471665.674245
83 14 -223300.087207
84 14 -17170953.087031
85 14 -4384746.478331
86 14 -32796235.437942
91 14 -3023743.574109
92 14 38751263.849764
13 15 850535.888324
14 15 -12847289.186812
15 15 3195455.142324
16 15 -148433.689727
17 15 -983109.059886
18 15 -16960606.176045
19 15 -3651547.933521
20 15 -725668.999128
21 15 746607.190443
22 15 11217497.748439
25 15 -842664.908396
26 15 15116233.875925
83 15 132573.170240
84 15 4394326.492670
85 15 456092.793743
86 15 -115475.472558
91 15 96057.716728
92 15 -3637216.295395
13 16 4099007.235490
14 16 -32479384.490875
15 16 -148433.689727
16 16 62824968.287011
17 16 -0.000236
18 16 -129917537.983871
19 16 -0.000876
20 16 251299873.203662
21 16 -3925837.358426
22 16 -30159390.293690
25 16 -0.000202
26 16 -120637561.135007
83 16 -4099007.235255
84 16 -32775587.319606
85 16 148433.690603
86 16 62835694.444187
91 16 3925837.358629
92 16 -29875701.072983
5 17 -263785.978273
6 17 4595074.916275
7 17 -989197.422973
8 17 0.000118
9 17 527571.957299
10 17 19061.725062
11 17 1978394.840251
12 17 71481.471980
13 17 -495495.940184
14 17 593685.150657
15 17 -983109.059886
16 17 -0.000236
17 17 990991.889759
18 17 35805.571917
19 17 1966218.114275
20 17 71041.512939
21 17 -226871.321270
22 17 -4001214.908312
25 17 453742.643203
26 17 16394.196194
75 17 -263785.978294
76 17 -4614136.641344
77 17 -989197.422942
78 17 -71481.472083
83 17 -495495.940004
84 17 -629490.722567
85 17 -983109.059663
86 17 -71041.512738
91 17 -226871.321298
92 17 3984820.712137
5 18 -4498801.651872
6 18 18086610.192142
7 18 17584498.087581
8 18 -139119256.480434
9 18 19061.725809
10 18 71683030.073592
11 18 71481.472041
12 18 -556474443.239811
13 18 -312072.736323
14 18 235868931.295964
15 18 -16960606.176045
16 18 -129917537.983871
17 18 35805.571917
18 18 943391217.297569
19 18 71041.514926
20 18 -519667585.263575
21 18 4133529.969415
22 18 15467091.036834
25 18 16394.195751
26 18 62447228.754816
75 18 4479739.926062
76 18 18078275.846661
77 18 -17655979.559622
78 18 -140395114.479193
83 18 276267.164405
84 18 235845994.090368
85 18 16889564.661119
86 18 -128697062.855590
91 18 -4149924.165166
92 18 15456344.989037
13 19 -983109.060019
14 19 17232035.665144
15 19 -3651547.933521
16 19 -0.000876
17 19 1966218.114275
18 19 71041.514926
19 19 7303095.876463
20 19 263868.476610
21 19 -842664.908270
22 19 -14861655.372848
25 19 1685329.811717
26 19 60892.728718
83 19 -983109.059546
84 19 -17303077.180007
85 19 -3651547.932755
86 19 -263868.475868
91 19 -842664.908345
92 19 14800762.644203
13 20 16360508.189118
14 20 -129294926.548896
15 20 -725668.999128
16 20 251299873.203662
17 20 71041.512939
18 20 -519667585.263575
19 20 263868.476610
20 20 1005209026.914230
21 20 -15733795.800724
22 20 -121174528.329736
25 20 60892.725367
26 20 -482548044.544939
83 20 -16431549.702056
84 20 -131727527.560440
85 20 461800.522518
86 20 251333243.999123
91 20 15672903.075357
92 20 -118968037.313006
13 21 -57628.363445
14 21 -952880.040649
15 21 746607.190443
16 21 -3925837.358426
17 21 -226871.321270
18 21 4133529.969415
19 21 -842664.908270
20 21 -15733795.800724
21 21 841724.288156
22 21 -374307.494515
23 21 722992.166070
24 21 3481129.167536
25 21 -422873.861276
26 21 -314934.474535
27 21 -837513.345081
28 21 13894256.434692
29 21 -48654.196850
30 21 876329.851292
33 21 -190343.942639
34 21 -3256821.817054
83 21 284499.684875
84 21 3044302.115590
85 21 96057.716598
86 21 -3918896.029323
91 21 -418850.424817
92 21 194212.688456
93 21 114521.177881
94 21 3489404.704700
99 21 238998.139624
100 21 -2484031.592385
13 22 1033165.516358
14 22 -31163936.328605
15 22 11217497.748439
16 22 -30159390.293690
17 22 -4001214.908312
18 22 15467091.036834
19 22 -14861655.372848
20 22 -121174528.329736
21 22 -374307.494515
22 22 116635301.119184
23 22 -10999499.821489
24 22 -27829224.307257
25 22 598787.189394
26 22 203496430.538552
27 22 14770799.933551
28 22 -110783212.774918
29 22 -797333.428199
30 22 -26467334.885499
33 22 3356999.997818
34 22 13391130.476141
83 22 2968049.391955
84 22 39184243.333265
85 22 3644157.624409
86 22 -29896055.871754
91 22 -224479.694880
92 22 -14914124.603698
93 22 -3771300.112061
94 22 -28101746.306618
99 22 -2559666.569619
100 22 32917287.311343
21 23 722992.166070
22 23 -10999499.821489
23 23 2687448.991423
24 23 -151183.769322
25 23 -837513.345088
26 23 -14486659.649041
27 23 -3070882.273749
28 23 -715689.258573
29 23 620033.073740
30 23 9360446.009750
33 23 -697927.792780
34 23 12647266.128243
91 23 114521.177884
92 23 3779575.650175
93 23 383433.284495
94 23 -123476.079727
99 23 77894.718006
100 23 -3018575.679534
21 24 3481129.167536
22 24 -27829224.307257
23 24 -151183.769322
24 24 53528246.263102
25 24 0.000002
26 24 -111316897.191844
27 24 0.000006
28 24 214112984.980841
29 24 -3309142.965052
30 24 -25477548.151272
33 24 0.000001
34 24 -101910192.571137
91 24 -3481129.167538
92 24 -28080777.949374
93 24 151183.769316
94 24 53539171.082253
99 24 3309142.965051
100 24 -25238422.557480
13 25 -226871.321341
14 25 3976623.614758
15 25 -842664.908396
16 25 -0.000202
17 25 453742.643203
18 25 16394.195751
19 25 1685329.811717
20 25 60892.725367
21 25 -422873.861276
22 25 598787.189394
23 25 -837513.345088
24 25 0.000002
25 25 845747.730897
26 25 30557.748164
27 25 1675026.685897
28 25 60520.462422
29 25 -190343.942637
30 25 -3377631.949349
33 25 380687.885876
34 25 13754.651099
83 25 -226871.321224
84 25 -3993017.810495
85 25 -842664.908234
86 25 -60892.725196
91 25 -422873.861367
92 25 -629344.937542
93 25 -837513.345330
94 25 -60520.462422
99 25 -190343.942698
100 25 3363877.298250
13 26 -3877964.849675
14 26 15755338.672542
15 26 15116233.875925
16 26 -120637561.135007
17 26 16394.196194
18 26 62447228.754816
19 26 60892.728718
20 26 -482548044.544939
21 26 -314934.474535
22 26 203496430.538552
23 26 -14486659.649041
24 26 -111316897.191844
25 26 30557.748164
26 26 813900286.805378
27 26 60520.460216
28 26 -445265401.965834
29 26 3517788.955689
30 26 13147801.195392
33 26 13754.650102
34 26 53079851.187196
83 26 3861570.653481
84 26 15747024.690077
85 26 -15177126.604643
86 26 -121734292.040713
91 26 284376.726371
92 26 203473710.480175
93 26 14426139.188826
94 26 -110274434.193261
99 26 -3531543.605791
100 26 13136679.201039
21 27 -837513.345081
22 27 14770799.933551
23 27 -3070882.273749
24 27 0.000006
25 27 1675026.685897
26 27 60520.460216
27 27 6141764.557110
28 27 221908.363000
29 27 -697927.792787
30 27 -12384650.525125
33 27 1395855.581634
34 27 50433.720876
91 27 -837513.345351
92 27 -14831320.393766
93 27 -3070882.274687
94 27 -221908.363006
99 27 -697927.792987
100 27 12334216.804249
21 28 13894256.434692
22 28 -110783212.774918
23 28 -715689.258573
24 28 214112984.980841
25 28 60520.462422
26 28 -445265401.965834
27 28 221908.363000
28 28 856459957.446274
29 28 -13261788.715691
30 28 -102357662.919661
33 28 50433.719057
34 28 -407638947.938784
91 28 -13954776.897113
92 28 -112858982.848947
93 28 493780.895572
94 28 214148666.485458
99 28 13211354.996634
100 28 -100508042.074732
21 29 -48654.196850
22 29 -797333.428199
23 29 620033.073740
24 29 -3309142.965052
25 29 -190343.942637
26 29 3517788.955689
27 29 -697927.792787
28 29 -13261788.715691
29 29 697780.979450
30 29 -378606.635677
31 29 596986.528805
32 29 2863306.918492
33 29 -351312.000716
34 29 -317908.792961
35 29 -693691.373034
36 29 11428163.879980
37 29 -39834.470432
38 29 718682.637780
41 29 -154153.638308
42 29 -2635135.684428
91 29 238998.139623
92 29 2576937.072760
93 29 77894.718009
94 29 -3303514.128092
99 29 -346468.977004
100 29 200962.301885
101 29 96704.843289
102 29 2870295.011760
107 29 193988.108851
108 29 -2019447.628593
21 30 876329.851292
22 30 -26467334.885499
23 30 9360446.009750
24 30 -25477548.151272
25 30 -3377631.949349
26 30 13147801.195392
27 30 -12384650.525125
28 30 -102357662.919661
29 30 -378606.635677
30 30 97986232.536314
31 30 -9151422.271429
32 30 -23117669.801576
33 30 604605.509441
34 30 170723790.186352
35 30 12309475.756193
36 30 -92025924.988741
37 30 -640939.760259
38 30 -21695033.261877
41 30 2735439.056659
42 30 10991826.530797
91 30 2501302.098057
92 30 33283003.470816
93 30 3024204.515374
94 30 -25259012.803711
99 30 -225998.873764
100 30 -12651591.094619
101 30 -3158053.484764
102 30 -23345877.336936
107 30 -2094499.296399
108 30 26990176.505381
29 31 596986.528805
30 31 -9151422.271429
31 31 2185665.301310
32 31 -153997.186241
33 31 -693691.373090
34 31 -12011801.364164
35 31 -2497288.940857
36 31 -706218.401909
37 31 494980.863930
38 31 7503161.440759
41 31 -554953.098404
42 31 10177127.314560
99 31 96704.843343
100 31 3165041.579301
101 31 311623.641331
102 31 -131478.610866
107 31 59972.233632
108 31 -2400238.547734
29 32 2863306.918492
30 32 -23117669.801576
31 32 -153997.186241
32 32 44123147.087295
33 32 0.000084
34 32 -92470679.175252
35 32 0.000303
36 32 176492588.338125
37 32 -2692393.139553
38 32 -20732860.135126
41 32 0.000067
42 32 -82931440.533070
99 32 -2863306.918576
100 32 -23324578.331949
101 32 153997.185938
102 32 44134275.232858
107 32 2692393.139486
108 32 -20538302.184926
21 33 -190343.942639
22 33 3356999.997818
23 33 -697927.792780
24 33 0.000001
25 33 380687.885876
26 33 13754.650102
27 33 1395855.581634
28 33 50433.719057
29 33 -351312.000716
30 33 604605.509441
31 33 -693691.373090
32 33 0.000084
33 33 702624.008440
34 33 25386.539227
35 33 1387382.742450
36 33 50127.587545
37 33 -154153.638331
38 33 -2752148.252289
41 33 308307.277091
42 33 11139.463391
91 33 -190343.942694
92 33 -3370754.647920
93 33 -697927.793006
94 33 -50433.719059
99 33 -351312.000803
100 33 -629992.048659
101 33 -693691.373116
102 33 -50127.587647
107 33 -154153.638316
108 33 2741008.788909
21 34 -3256821.817054
22 34 13391130.476141
23 34 12647266.128243
24 34 -101910192.571137
25 34 13754.651099
26 34 53079851.187196
27 34 50433.720876
28 34 -407638947.938784
29 34 -317908.792961
30 34 170723790.186352
31 34 -12011801.364164
32 34 -92470679.175252
33 34 25386.539227
34 34 682808697.667519
35 34 50127.587612
36 34 -369880905.527937
37 34 2901549.339549
38 34 10793554.271122
41 34 11139.463913
42 34 43572371.522576
91 34 3243067.165955
92 34 13382897.435214
93 34 -12697699.849118
94 34 -102827754.802296
99 34 292522.253733
100 34 170701238.335999
101 34 11961673.776552
102 34 -91606303.616916
107 34 -2912688.803462
108 34 10781953.274086
29 35 -693691.373034
30 35 12309475.756193
31 35 -2497288.940857
32 35 0.000303
33 35 1387382.742450
34 35 50127.587612
35 35 4994577.888989
36 35 180459.315146
37 35 -554953.098456
38 35 -9907733.707449
41 35 1109906.193467
42 35 40102.068205
99 35 -693691.373185
100 35 -12359603.343774
101 35 -2497288.940992
102 35 -180459.315516
107 35 -554953.098383
108 35 9867631.639282
29 36 11428163.879980
30 36 -92025924.988741
31 36 -706218.401909
32 36 176492588.338125
33 36 50127.587545
34 36 -369880905.527937
35 36 180459.315146
36 36 705976873.515163
37 36 -10789623.592731
38 36 -83289417.299219
41 36 40102.070029
42 36 -331724313.192841
99 36 -11478291.467525
100 36 -93744878.699701
101 36 525759.086762
102 36 176530580.744103
107 36 10749521.522703
108 36 -81796680.903666
29 37 -39834.470432
30 37 -640939.760259
31 37 494980.863930
32 37 -2692393.139553
33 37 -154153.638331
34 37 2901549.339549
35 37 -554953.098456
36 37 -10789623.592731
37 37 555764.220627
38 37 -383760.646269
39 37 472475.886472
40 37 2245603.028479
41 37 -280926.134929
42 37 -321160.573730
43 37 -551611.285268
44 37 8962481.822512
45 37 -31204.688705
46 37 559528.828325
49 37 -118202.417737
50 37 -2012382.151804
99 37 193988.108874
100 37 2108517.282165
101 37 59972.233681
102 37 -2688059.420006
107 37 -274838.084305
108 37 208395.063028
109 37 79135.398050
110 37 2251321.517537
115 37 149407.106529
116 37 -1552788.046465
29 38 718682.637780
30 38 -21695033.261877
31 38 7503161.440759
32 38 -20732860.135126
33 38 -2752148.252289
34 38 10793554.271122
35 38 -9907733.707449
36 38 -83289417.299219
37 38 -383760.646269
38 38 79156461.296417
39 38 -7302864.930490
40 38 -18343360.874678
41 38 612016.083043
42 38 137563362.496444
43 38 9848071.363135
44 38 -73017622.400514
45 38 -482976.710263
46 38 -16833145.548042
49 38 2110300.998608
50 38 8552744.133856
99 38 2033465.614510
100 38 27288471.866353
101 38 2404572.266691
102 38 -20559100.713924
107 38 -228255.436775
108 38 -10402330.652984
109 38 -2545206.432644
110 38 -18527282.803516
115 38 -1627324.288345
116 38 20953800.076066
37 39 472475.886472
38 39 -7302864.930490
39 39 1690021.560967
40 39 -156999.511729
41 39 -551611.285273
42 39 -9535247.287032
43 39 -1930639.490471
44 39 -697754.066603
45 39 371407.575957
46 39 5645380.315230
49 39 -413708.461095
50 39 7704780.182219
107 39 79135.398052
108 39 2550924.921655
109 39 240617.930901
110 39 -139611.957791
115 39 42300.884490
116 39 -1782459.614657
37 40 2245603.028479
38 40 -18343360.874678
39 40 -156999.511729
40 40 34618913.920634
41 40 0.000000
42 40 -73373443.496629
43 40 -0.000000
44 40 138475655.678521
45 40 -2075525.720989
46 40 -15922060.926281
49 40 -0.000000
50 40 -63688243.703318
107 40 -2245603.028479
108 40 -18505632.835595
109 40 156999.511729
110 40 34630259.032082
115 40 2075525.720989
116 40 -15772079.104535
29 41 -154153.638308
30 41 2735439.056659
31 41 -554953.098404
32 41 0.000067
33 41 308307.277091
34 41 11139.463913
35 41 1109906.193467
36 41 40102.070029
37 41 -280926.134929
38 41 612016.083043
39 41 -551611.285273
40 41 0.000000
41 41 561852.275415
42 41 20300.308656
43 41 1103222.567553
44 41 39860.582811
45 41 -118202.417736
46 41 -2123113.344186
49 41 236404.835821
50 41 8541.553462
99 41 -154153.638336
100 41 -2746578.520564
101 41 -554953.098445
102 41 -40102.070110
107 41 -280926.134915
108 41 -632316.391692
109 41 -551611.285264
110 41 -39860.582810
115 41 -118202.417738
116 41 2114571.790724
29 42 -2635135.684428
30 42 10991826.530797
31 42 10177127.314560
32 42 -82931440.533070
33 42 11139.463391
34 42 43572371.522576
35 42 40102.068205
36 42 -331724313.192841
37 42 -321160.573730
38 42 137563362.496444
39 42 -9535247.287032
40 42 -73373443.496629
41 42 20300.308656
42 42 550165732.328587
43 42 39860.582679
44 42 -293492333.783236
45 42 2284424.379462
46 42 8399786.455474
49 42 8541.553400
50 42 33906295.639754
99 42 2623996.221037
100 42 10983773.440840
101 42 -10217229.382764
102 42 -83669758.851644
107 42 300860.265073
108 42 137540877.727223
109 42 9495386.704354
110 42 -72687287.034933
115 42 -2292965.932862
116 42 8387512.552279
37 43 -551611.285268
38 43 9848071.363135
39 43 -1930639.490471
40 43 -0.000000
41 43 1103222.567553
42 43 39860.582679
43 43 3861278.986529
44 43 139512.039376
45 43 -413708.461099
46 43 -7430896.680098
49 43 827416.919596
50 43 29895.437017
107 43 -551611.285277
108 43 -9887931.945813
109 43 -1930639.490471
110 43 -139512.039376
115 43 -413708.461091
116 43 7401001.243081
37 44 8962481.822512
38 44 -73017622.400514
39 44 -697754.066603
40 44 138475655.678521
41 44 39860.582811
42 44 -293492333.783236
43 44 139512.039376
44 44 553907663.432003
45 44 -8317050.602407
46 44 -63956729.755495
49 44 29895.436899
50 44 -254751894.660962
107 44 -9002342.405323
108 44 -74379792.643857
109 44 558242.027227
110 44 138515995.414410
115 44 8287155.165508
116 44 -62820910.520073
37 45 -31204.688705
38 45 -482976.710263
39 45 371407.575957
40 45 -2075525.720989
41 45 -118202.417736
42 45 2284424.379462
43 45 -413708.461099
44 45 -8317050.602407
45 45 415831.850224
46 45 -391204.615484
47 45 349393.154428
48 45 1628231.066669
49 45 -212024.587087
50 45 -325185.923912
51 45 -411242.582808
52 45 6498065.642959
53 45 -22859.939847
54 45 397081.609100
57 45 -82248.516477
58 45 -1387117.771023
107 45 149407.106528
108 45 1638120.757692
109 45 42300.884492
110 45 -2072468.970819
115 45 -203807.262086
116 45 217714.450186
117 45 61849.427830
118 45 1632700.435876
123 45 105108.456387
124 45 -1081559.275489
37 46 559528.828325
38 46 -16833145.548042
39 46 5645380.315230
40 46 -15922060.926281
41 46 -2123113.344186
42 46 8399786.455474
43 46 -7430896.680098
44 46 -63956729.755495
45 46 -391204.615484
46 46 60207370.897576
47 46 -5453338.111668
48 46 -13503376.724000
49 46 623646.603923
50 46 104044531.374200
51 46 7386605.335557
52 46 -53746621.132872
53 46 -321560.654029
54 46 -11845639.624215
57 46 1477321.066846
58 46 6061401.312201
107 46 1563584.515861
108 46 21184381.806569
109 46 1785516.364867
110 46 -15793035.786470
115 46 -232441.988439
116 46 -8213168.453520
117 46 -1933267.223889
118 46 -13643078.654313
123 46 -1155760.412816
124 46 14766134.041495
45 47 349393.154428
46 47 -5453338.111668
47 47 1200487.795919
48 47 -160617.460800
49 47 -411242.582837
50 47 -7055000.398611
51 47 -1370808.608158
52 47 -691998.589458
53 47 249245.789532
54 47 3786378.084931
57 47 -274161.721841
58 47 5227364.985352
115 47 61849.427858
116 47 1937736.592754
117 47 170320.813242
118 47 -148309.723091
123 47 24915.931858
124 47 -1165942.240661
45 48 1628231.066669
46 48 -13503376.724000
47 48 -160617.460800
48 48 25040186.948543
49 48 0.000049
50 48 -54013506.897711
51 48 0.000162
52 48 100160747.793672
53 48 -1458328.408106
54 48 -11035735.428094
57 48 0.000032
58 48 -44142941.724045
115 48 -1628231.066718
116 48 -13621036.099595
117 48 160617.460638
118 48 25051793.506386
123 48 1458328.408074
124 48 -10930353.573950
37 49 -118202.417737
38 49 2110300.998608
39 49 -413708.461095
40 49 -0.000000
41 49 236404.835821
42 49 8541.553400
43 49 827416.919596
44 49 29895.436899
45 49 -212024.587087
46 49 623646.603923
47 49 -411242.582837
48 49 0.000049
49 49 424049.178387
50 49 15321.339083
51 49 822485.163449
52 49 29717.247943
53 49 -82248.516488
54 49 -1486236.241129
57 49 164497.033211
58 49 5943.449632
107 49 -118202.417735
108 49 -2118842.552008
109 49 -413708.461103
110 49 -29895.436899
115 49 -212024.587097
116 49 -638967.943014
117 49 -411242.582813
118 49 -29717.247973
123 49 -82248.516473
124 49 1480292.791485
37 50 -2012382.151804
38 50 8552744.133856
39 50 7704780.182219
40 50 -63688243.703318
41 50 8541.553462
42 50 33906295.639754
43 50 29895.437017
44 50 -254751894.660962
45 50 -325185.923912
46 50 104044531.374200
47 50 -7055000.398611
48 50 -54013506.897711
49 50 15321.339083
50 50 416088547.074726
51 50 29717.246768
52 50 -216052953.881733
53 50 1665427.793289
54 50 5954324.891911
57 50 5943.449352
58 50 24032311.381300
107 50 2003840.598342
108 50 8545051.082401
109 50 -7734675.619236
110 50 -64247167.508716
115 50 309864.584829
116 50 104021856.829243
117 50 7025283.151844
118 50 -53505845.274980
123 50 -1671371.242641
124 50 5940946.649101
45 51 -411242.582808
46 51 7386605.335557
47 51 -1370808.608158
48 51 0.000162
49 51 822485.163449
50 51 29717.246768
51 51 2741617.220270
52 51 99057.493132
53 51 -274161.721866
54 51 -4954120.803171
57 51 548323.441863
58 51 19811.498772
115 51 -411242.582849
116 51 -7416322.582351
117 51 -1370808.608098
118 51 -99057.493230
123 51 -274161.721804
124 51 4934309.304359
45 52 6498065.642959
46 52 -53746621.132872
47 52 -691998.589458
48 52 100160747.793672
49 52 29717.247943
50 52 -216052953.881733
51 52 99057.493132
52 52 400646570.236641
53 52 -5843219.381812
54 52 -44321939.269238
57 52 19811.498623
58 52 -176571051.090995
115 52 -6527782.890902
116 52 -54752103.878401
117 52 592941.096326
118 52 100203594.978500
123 52 5823407.883190
124 52 -43543132.550462
45 53 -22859.939847
46 53 -321560.654029
47 53 249245.789532
48 53 -1458328.408106
49 53 -82248.516488
50 53 1665427.793289
51 53 -274161.721866
52 53 -5843219.381812
53 53 278598.084074
54 53 -407178.049532
55 53 227555.956780
56 53 1012371.101313
57 53 -145685.006081
58 53 -332196.804698
59 53 -272557.986254
60 53 4039636.601645
61 53 -15148.951838
62 53 224968.196282
66 53 -45426.331009
67 53 -753330.053531
115 53 105108.456399
116 53 1163355.769400
117 53 24915.931881
118 53 -1456527.931161
123 53 -132913.077288
124 53 234106.946283
125 53 45002.029121
126 53 1015623.042384
131 53 60575.282885
132 53 -596435.276145
45 54 397081.609100
46 54 -11845639.624215
47 54 3786378.084931
48 54 -11035735.428094
49 54 -1486236.241129
50 54 5954324.891911
51 54 -4954120.803171
52 54 -44321939.269238
53 54 -407178.049532
54 54 41344146.580278
55 54 -3601080.121521
56 54 -8591392.547186
57 54 650889.572158
58 54 70259828.996407
59 54 4925141.198137
60 54 -34187619.702154
61 54 -149764.472221
62 54 -6601180.963451
66 54 820856.866455
67 54 3468762.983236
115 54 1089154.632029
116 54 14928356.289078
117 54 1167742.718239
118 54 -10951351.902144
123 54 -243711.522626
124 54 -6243601.850255
125 54 -1324061.076616
126 54 -8687071.968278
131 54 -671092.394234
132 54 8272238.707560
53 55 227555.956780
54 55 -3601080.121521
55 55 717270.308623
56 55 -167204.981598
57 55 -272557.986225
58 55 -4563885.894941
59 55 -817673.958059
60 55 -698363.340521
61 55 128311.001852
62 55 1923141.136564
66 55 -136278.993166
67 55 2732956.028926
123 55 45002.029092
124 55 1327313.017347
125 55 100403.650042
126 55 -159949.604359
131 55 7967.991062
132 55 -553625.386858
53 56 1012371.101313
54 56 -8591392.547186
55 56 -167204.981598
56 56 15483822.166430
57 56 -0.000064
58 56 -34365570.193893
59 56 -0.000191
60 56 61935288.679909
61 56 -839628.129326
62 56 -6031695.669321
66 56 -0.000032
67 56 -24126782.669967
123 56 -1012371.101249
124 56 -8664548.598715
125 56 167204.981789
126 56 15495904.754768
131 56 839628.129358
132 56 -5971022.384645
45 57 -82248.516477
46 57 1477321.066846
47 57 -274161.721841
48 57 0.000032
49 57 164497.033211
50 57 5943.449352
51 57 548323.441863
52 57 19811.498623
53 57 -145685.006081
54 57 650889.572158
55 57 -272557.986225
56 57 -0.000064
57 57 291370.014930
58 57 10527.502976
59 57 545115.970977
60 57 19695.609046
61 57 -45426.330996
62 57 -825780.768848
66 57 90852.662148
67 57 3282.601719
115 57 -82248.516483
116 57 -1483264.516203
117 57 -274161.721834
118 57 -19811.498642
123 57 -145685.006030
124 57 -661417.075127
125 57 -272557.986161
126 57 -19695.609022
131 57 -45426.331002
132 57 822498.167159
45 58 -1387117.771023
46 58 6061401.312201
47 58 5227364.985352
48 58 -44142941.724045
49 58 5943.449632
50 58 24032311.381300
51 58 19811.498772
52 58 -176571051.090995
53 58 -332196.804698
54 58 70259828.996407
55 58 -4563885.894941
56 58 -34365570.193893
57 58 10527.502976
58 58 280945627.155165
59 58 19695.609668
60 58 -137461569.188680
61 58 1041014.543329
62 58 3409268.245592
66 58 3282.601612
67 58 13756536.868971
115 58 1381174.321391
116 58 6054453.547132
117 58 -5247176.484124
118 58 -44522113.667078
123 58 321669.301721
124 58 70236038.875484
125 58 4544190.285273
126 58 -34037197.536899
131 58 -1044297.144941
132 58 3393477.795571
53 59 -272557.986254
54 59 4925141.198137
55 59 -817673.958059
56 59 -0.000191
57 59 545115.970977
58 59 19695.609668
59 59 1635347.918361
60 59 59086.827141
61 59 -136278.993144
62 59 -2477342.306694
66 59 272557.985293
67 59 9847.805158
123 59 -272557.986137
124 59 -4944836.807760
125 59 -817673.957879
126 59 -59086.827070
131 59 -136278.993158
132 59 2467494.501627
53 60 4039636.601645
54 60 -34187619.702154
55 60 -698363.340521
56 60 61935288.679909
57 60 19695.609046
58 60 -137461569.188680
59 60 59086.827141
60 60 247743289.653438
61 60 -3363436.420499
62 60 -24216291.647289
66 60 9847.804525
67 60 -96506774.893705
123 60 -4059332.210691
124 60 -34836856.521669
125 60 639276.513380
126 60 61981484.167068
131 60 3353588.615974
132 60 -23794936.392056
53 61 -15148.951838
54 61 -149764.472221
55 61 128311.001852
56 61 -839628.129326
57 61 -45426.330996
58 61 1041014.543329
59 61 -136278.993144
60 61 -3363436.420499
61 61 149670.187068
62 61 -503400.674035
63 61 104441.487491
64 61 432540.316184
65 61 -10681.872887
66 61 -90492.225447
67 61 -378415.097370
68 61 -135558.120214
69 61 1725263.407874
70 61 0.000005
123 61 60575.282872
124 61 675469.690719
125 61 7967.991040
126 61 -839052.346100
131 61 -59177.961266
132 61 311551.591562
133 61 31116.632571
134 61 434788.868742
135 61 10681.872894
53 62 224968.196282
54 62 -6601180.963451
55 62 1923141.136564
56 62 -6031695.669321
57 62 -825780.768848
58 62 3409268.245592
59 62 -2477342.306694
60 62 -24216291.647289
61 62 -503400.674035
62 62 24155666.189345
63 62 -1725504.583164
64 62 -3744135.861669
65 62 92463.943556
66 62 819228.588758
67 62 36844788.728751
68 62 2464237.946512
69 62 -14887507.953136
70 62 0.000000
123 62 600812.572566
124 62 8364149.218814
125 62 554201.170129
126 62 -5991647.938895
131 62 -315827.914722
132 62 -5770893.997000
133 62 -738733.363348
134 62 -3797518.274014
135 62 -92463.943556
61 63 104441.487491
62 63 -1725504.583164
63 63 245273.359635
64 63 -245592.204974
65 63 6065.064000
66 63 -135558.120215
67 63 -1978440.295930
68 63 -271116.240228
69 63 -992164.532305
70 63 -0.000020
131 63 31116.632571
132 63 740981.915894
133 63 25842.880795
134 63 -243724.744321
135 63 -6065.064031
61 64 432540.316184
62 64 -3744135.861669
63 64 -245592.204974
64 64 7495732.644468
65 64 -185112.139557
66 64 0.000000
67 64 -14976543.441810
68 64 0.000000
69 64 29982930.568122
70 64 0.000000
131 64 -432540.316184
132 64 -3775392.125339
133 64 245592.204974
134 64 7513479.645049
135 64 185112.139557
61 65 -10681.872887
62 65 92463.943556
63 65 6065.064000
64 65 -185112.139557
65 65 4571.468336
66 65 0.000005
67 65 369855.774113
68 65 -0.000020
69 65 -740448.558009
70 65 0.000015
131 65 10681.872894
132 65 93235.837931
133 65 -6065.064031
134 65 -185550.413634
135 65 -4571.468313
53 66 -45426.331009
54 66 820856.866455
55 66 -136278.993166
56 66 -0.000032
57 66 90852.662148
58 66 3282.601612
59 66 272557.985293
60 66 9847.804525
61 66 -90492.225447
62 66 819228.588758
63 66 -135558.120215
64 66 0.000000
65 66 0.000005
66 66 180984.452334
67 66 6539.157015
68 66 271116.239861
69 66 9795.712701
70 66 0.000040
123 66 -45426.330988
124 66 -824139.468059
125 66 -136278.993139
126 66 -9847.804513
131 66 -90492.225470
132 66 -825767.745757
133 66 -135558.120253
134 66 -9795.712701
135 66 0.000005
53 67 -753330.053531
54 67 3468762.983236
55 67 2732956.028926
56 67 -24126782.669967
57 67 3282.601719
58 67 13756536.868971
59 67 9847.805158
60 67 -96506774.893705
61 67 -378415.097370
62 67 36844788.728751
63 67 -1978440.295930
64 67 -14976543.441810
65 67 369855.774113
66 67 6539.157015
67 67 147260992.813239
68 67 9795.712310
69 67 -59905819.820419
70 67 -0.000000
123 67 750047.451812
124 67 3463646.143686
125 67 -2742803.834084
126 67 -24324983.412319
131 67 371875.940355
132 67 36812462.075865
133 67 1968644.583620
134 67 -14834285.066376
135 67 -369855.774113
61 68 -135558.120214
62 68 2464237.946512
63 68 -271116.240228
64 68 0.000000
65 68 -0.000020
66 68 271116.239861
67 68 9795.712310
68 68 542232.481347
69 68 19591.425402
70 68 -0.000162
131 68 -135558.120256
132 68 -2474033.658823
133 68 -271116.240308
134 68 -19591.425402
135 68 -0.000020
61 69 1725263.407874
62 69 -14887507.953136
63 69 -992164.532305
64 69 29982930.568122
65 69 -740448.558009
66 69 9795.712701
67 69 -59905819.820419
68 69 19591.425402
69 69 119932430.096093
70 69 0.000000
131 69 -1735059.120575
132 69 -15190957.915054
133 69 972573.106903
134 69 30053210.713004
135 69 740448.558009
61 70 0.000005
62 70 0.000000
63 70 -0.000020
64 70 0.000000
65 70 0.000015
66 70 0.000040
67 70 -0.000000
68 70 -0.000162
69 70 0.000000
70 70 0.000122
131 70 0.000005
132 70 -0.000000
133 70 -0.000021
134 70 0.000000
135 70 0.000015
1 71 604076.176032
2 71 142957.596271
3 71 -4834625.920656
4 71 397150.305247
5 71 133098.257206
6 71 4884623.088557
9 71 -1137559.041054
10 71 -20134502.979708
71 71 9987439.538366
72 71 721713.228403
73 71 -6578910.608088
74 71 -1221916.291372
75 71 2371320.971136
76 71 171356.597699
79 71 -1547978.967194
80 71 19940440.404579
141 71 822020.820053
142 71 -39904.838635
145 71 181118.777136
146 71 -4861917.111082
1 72 -99305.790950
2 72 81088589.393042
3 72 -349360.159671
4 72 324341734.828905
5 72 -5149522.851383
6 72 -38986568.583970
9 72 -82202.390507
10 72 -158813127.783843
71 72 721713.228403
72 72 140712168.382831
73 72 -475405.807002
74 72 238238729.373981
75 72 171356.603809
76 72 -68236499.659206
79 72 -111860.189877
80 72 -114196424.728097
141 72 202358.529221
142 72 59596795.193428
145 72 5172228.827958
146 72 -28613896.554756
71 73 -6578910.608088
72 73 -475405.807002
73 73 13157821.225025
74 73 1300171.851242
75 73 -1547978.968255
76 73 -19927807.263575
79 73 3095957.929543
80 73 305922.769006
141 73 -6578910.607268
142 73 -824766.044055
145 73 -1547978.965981
146 73 19621884.494471
71 74 -1221916.291372
72 74 238238729.373981
73 74 1300171.851242
74 74 953436585.128613
75 74 -20789524.626498
76 74 -119097742.137423
79 74 305922.788510
80 74 -462519220.981609
141 74 -78255.559868
142 74 238317217.109482
145 74 20483601.837987
146 74 -111111347.847481
1 75 133098.257201
2 75 5159140.809221
3 75 -1137559.041024
4 75 20595462.041630
5 75 -566122.500628
6 75 -222296.186398
7 75 150857.850904
8 75 -4716917.478095
9 75 -569130.636952
10 75 268128.712827
11 75 -1130511.332236
12 75 -18908516.467774
13 75 330527.458234
14 75 3434151.432618
17 75 -263785.978294
18 75 4479739.926062
71 75 2371320.971136
72 75 171356.603809
73 75 -1547978.968255
74 75 -20789524.626498
75 75 2680094.259923
76 75 193669.204121
77 75 2312756.139363
78 75 167124.591705
79 75 -774467.280613
80 75 -365219.904383
81 75 -1538388.516118
82 75 18715656.185847
83 75 -157562.618187
84 75 -11385.802829
87 75 -358957.321632
88 75 -4524740.663475
141 75 181118.778163
142 75 -5136434.828016
145 75 -770373.837015
146 75 125718.173725
147 75 205285.855477
148 75 4742653.168380
153 75 449778.460194
154 75 -3377764.892410
1 76 -4875005.130720
2 76 -38966731.360523
3 76 19733744.678836
4 76 -155153924.655180
5 76 181386.992581
6 76 -19412867.516661
7 76 5009198.785615
8 76 -37409709.863076
9 76 -630064.938096
10 76 267811998.353876
11 76 -19774871.245393
12 76 -150353326.204745
13 76 3511043.631332
14 76 44999775.643910
17 76 -4614136.641344
18 76 18078275.846661
71 76 171356.597699
72 76 -68236499.659206
73 76 -19927807.263575
74 76 -119097742.137423
75 76 193669.204121
76 76 265975657.804833
77 76 167124.587394
78 76 -64297466.586583
79 76 532973.750493
80 76 196839467.904657
81 76 19582010.983602
82 76 -105664364.690860
83 76 -11385.805391
84 76 -62094018.536446
87 76 4569135.913422
88 76 13296339.965550
141 76 4897711.117759
142 76 -28668148.645922
145 76 -277965.009099
146 76 -14272859.493027
147 76 -4983463.111216
148 76 -27524585.951710
153 76 -3454657.098019
154 76 32205244.778811
5 77 150857.850817
6 77 -4998297.482034
7 77 529632.389389
8 77 145698.892878
9 77 -1130511.332125
10 77 19352319.793869
11 77 -4239417.507260
12 77 429620.990308
13 77 114458.650426
14 77 4264316.834996
17 77 -989197.422942
18 77 -17655979.559622
75 77 2312756.139363
76 77 167124.587394
77 77 8758023.613723
78 77 632873.079747
79 77 -1538388.515355
80 77 -19545180.062407
81 77 -5768956.950618
82 77 -1152847.025644
83 77 2065074.544052
84 77 149226.605303
87 77 -1346089.960815
88 77 17487226.802438
145 77 205285.854683
146 77 5024033.163301
147 77 720718.459832
148 77 -55345.937549
153 77 155754.186831
154 77 -4244790.682976
5 78 4727818.782468
6 78 -37430042.983274
7 78 -107426.550501
8 78 72019581.326247
9 78 -81693.110351
10 78 -146876983.217640
11 78 -306349.164913
12 78 288067256.601543
13 78 -4534228.819847
14 78 -34471665.674245
17 78 -71481.472083
18 78 -140395114.479193
75 78 167124.591705
76 78 -64297466.586583
77 78 632873.079747
78 78 124971879.967097
79 78 -111167.168747
80 78 -110375126.899817
81 78 -416876.884295
82 78 211585070.241556
83 78 149226.598268
84 78 -60327576.952259
87 78 -97271.273369
88 78 -100970521.436707
145 78 -4702083.095074
146 78 -27468977.594949
147 78 197779.519961
148 78 52931360.558442
153 78 4553754.967031
154 78 -25295812.549040
71 79 -1547978.967194
72 79 -111860.189877
73 79 3095957.929543
74 79 305922.788510
75 79 -774467.280613
76 79 532973.750493
77 79 -1538388.515355
78 79 -111167.168747
79 79 1548934.568630
80 79 153055.801283
81 79 3076777.027617
82 79 304027.433435
83 79 -358957.321229
84 79 -4649606.478860
87 79 717914.643734
88 79 70939.748207
141 79 -1547978.967056
142 79 -194062.598591
145 79 -774467.280029
146 79 -686029.551927
147 79 -1538388.516684
148 79 -192860.264414
153 79 -358957.321971
154 79 4578666.730508
71 80 19940440.404579
72 80 -114196424.728097
73 80 305922.769006
74 80 -462519220.981609
75 80 -365219.904383
76 80 196839467.904657
77 80 -19545180.062407
78 80 -110375126.899817
79 80 153055.801283
80 80 787245782.982769
81 80 304027.400910
82 80 -435820962.966263
83 80 4723016.416182
84 80 13053665.023751
87 80 70939.727147
88 80 52684014.668177
141 80 -20246363.173587
142 80 -118175550.738142
145 80 212164.103100
146 80 196776067.369707
147 80 19241152.661499
148 80 -106550581.947916
153 80 -4793956.143329
154 80 13025137.512436
75 81 -1538388.516118
76 81 19582010.983602
77 81 -5768956.950618
78 81 -416876.884295
79 81 3076777.027617
80 81 304027.400910
81 81 11537913.914993
82 81 1140102.879444
83 81 -1346089.960093
84 81 -17436024.358027
87 81 2692179.918723
88 81 266024.056728
145 81 -1538388.515936
146 81 -19886038.384985
147 81 -5768956.955790
148 81 -723225.994138
153 81 -1346089.962780
154 81 17170000.300756
75 82 18715656.185847
76 82 -105664364.690860
77 82 -1152847.025644
78 82 211585070.241556
79 82 304027.433435
80 82 -435820962.966263
81 82 1140102.879444
82 82 846786166.362972
83 82 -18303011.360214
84 82 -105270103.462837
87 82 266024.006208
88 82 -408910452.714699
145 82 -19019683.619280
146 82 -113293109.986543
147 82 12744.146197
148 82 211669975.113454
153 82 18036987.354006
154 82 -98259670.665165
5 83 330527.458196
6 83 -3487159.026765
7 83 114458.650343
8 83 4542499.839853
9 83 -263785.978261
10 83 -4768017.138271
11 83 -989197.422838
12 83 18134258.624187
13 83 -492053.762189
14 83 -223300.087207
15 83 132573.170240
16 83 -4099007.235255
17 83 -495495.940004
18 83 276267.164405
19 83 -983109.059546
20 83 -16431549.702056
21 83 284499.684875
22 83 2968049.391955
25 83 -226871.321224
26 83 3861570.653481
75 83 -157562.618187
76 83 -11385.805391
77 83 2065074.544052
78 83 149226.598268
79 83 -358957.321229
80 83 4723016.416182
81 83 -1346089.960093
82 83 -18303011.360214
83 83 2331397.466040
84 83 168471.651015
85 83 2007936.620252
86 83 145097.685986
87 83 -674265.920640
88 83 -360796.597305
89 83 -1337804.976719
90 83 16263835.606426
91 83 -136048.464098
92 83 -9831.144126
95 83 -308724.225244
96 83 -3900273.907332
