6867 6867 98671
1 1 13270982.248711
4 1 7641342.760752
64 1 -6458634.044142
65 1 -34581.470395
67 1 -3718838.313117
68 1 -15187758.732976
2 2 280878501.297697
4 2 -0.000000
5 2 -120201185.230000
64 2 34581.470395
65 2 144182405.056196
67 2 -15108318.179643
68 2 -61702465.292670
3 3 0.078441
6 3 -0.031035
66 3 0.017502
69 3 -0.008723
1 4 7641342.760752
2 4 -0.000000
4 4 18004538.449768
5 4 0.000000
7 4 10379364.492559
8 4 -0.000000
64 4 -3718838.313117
65 4 15108318.179643
67 4 -8762329.965525
68 4 -46527.811008
70 4 -5051360.662448
71 4 -15341205.600651
2 5 -120201185.230000
4 5 0.000000
5 5 210341959.263914
7 5 0.000000
8 5 -90132095.204845
64 5 15187758.732976
65 5 -61702465.292670
67 5 46527.811008
68 5 107974122.014258
70 5 -15234286.543985
71 5 -46267201.655006
3 6 -0.031035
6 6 0.060894
9 6 -0.022652
66 6 -0.008723
69 6 0.012060
72 6 -0.006843
4 7 10379364.492559
5 7 0.000000
7 7 24491579.170987
8 7 -0.000000
10 7 14141449.977320
11 7 -0.000000
67 7 -5051360.662448
68 7 15234286.543985
70 7 -11919400.162865
71 7 -62594.676776
73 7 -6882267.605444
74 7 -15547702.655760
4 8 -0.000000
5 8 -90132095.204845
7 8 -0.000000
8 8 157934140.828476
10 8 0.000000
11 8 -67790491.689519
67 8 15341205.600651
68 8 -46267201.655006
70 8 62594.676776
71 8 81071794.952805
73 8 -15403800.277427
74 8 -34798662.365929
6 9 -0.022652
9 9 0.048649
12 9 -0.016192
69 9 -0.006843
72 9 0.007630
75 9 -0.005558
7 10 14141449.977320
8 10 0.000000
10 10 33432897.784997
11 10 -0.000000
13 10 19344278.452588
14 10 -0.000000
70 10 -6882267.605444
71 10 15403800.277427
73 10 -16270902.132949
74 10 -84198.887422
76 10 -9414345.844450
77 10 -15825579.779849
7 11 -0.000000
8 11 -67790491.689519
10 11 -0.000000
11 11 118996100.603047
14 11 -51190282.470621
70 11 15547702.655760
71 11 -34798662.365929
73 11 84198.887422
74 11 61083863.292862
76 11 -15631901.543183
77 11 -26277333.469546
9 12 -0.016192
12 12 0.040652
15 12 -0.011072
72 12 -0.005558
75 12 0.003804
78 12 -0.004759
10 13 19344278.452588
13 13 45848202.986361
14 13 -0.000000
16 13 26599324.010719
73 13 -9414345.844450
74 13 15631901.543183
76 13 -22313100.977505
77 13 -113241.788133
79 13 -12945183.556902
80 13 -16199493.146315
10 14 -0.000000
11 14 -51190282.470621
13 14 -0.000000
14 14 90066300.459001
16 14 -0.000000
17 14 -38855782.200167
73 14 15825579.779849
74 14 -26277333.469546
76 14 113241.788133
77 14 46233427.448448
79 14 -15938821.567982
80 14 -19945706.428972
12 15 -0.011072
15 15 0.036251
18 15 -0.006815
75 15 -0.004759
78 15 0.000211
81 15 -0.004386
13 16 26599324.010719
14 16 -0.000000
16 16 63248540.021454
17 16 -0.000000
19 16 36821327.428916
20 16 -0.000000
76 16 -12945183.556902
77 16 15938821.567982
79 16 -30781382.230058
80 16 -152273.895348
82 16 -17919960.750016
83 16 -16702604.968330
14 17 -38855782.200167
16 17 -0.000000
17 17 68572877.645866
19 17 0.000000
20 17 -29690538.917974
76 17 16199493.146315
77 17 -19945706.428972
79 17 152273.895348
80 17 35200281.867171
82 17 -16351767.041664
83 17 -15240943.291544
15 18 -0.006815
18 18 0.035165
21 18 -0.003008
78 18 -0.004386
81 18 -0.003520
84 18 -0.004422
16 19 36821327.428916
17 19 0.000000
19 19 87918782.096377
20 19 -0.000000
22 19 51407619.115375
79 19 -17919960.750016
80 19 16351767.041664
82 19 -42787732.910946
83 19 -204715.725037
85 19 -25018720.969313
86 19 -17379513.526700
16 20 -0.000000
17 20 -29690538.917974
19 20 -0.000000
20 20 52604991.510650
22 20 -0.000000
23 20 -22879869.143450
79 20 16702604.968330
80 20 -15240943.291544
82 20 204715.725037
83 20 27003541.219848
85 20 -16907320.693367
86 20 -11744845.359252
18 21 -0.003008
21 21 0.037495
24 21 0.000753
81 21 -0.004422
84 21 -0.007819
87 21 -0.004902
19 22 51407619.115375
20 22 -0.000000
22 22 114349680.789843
23 22 -0.000000
25 22 63201609.730907
26 22 -0.000000
82 22 -25018720.969313
83 22 16907320.693367
85 22 -55650948.339606
86 22 -256145.387895
88 22 -30758542.523446
89 22 -18191214.469596
20 23 -22879869.143450
22 23 -0.000000
23 23 43239993.420575
26 23 -20318603.968299
82 23 17379513.526700
83 23 -11744845.359252
85 23 256145.387895
86 23 22196238.618378
88 23 -17635658.914596
89 23 -10430079.826108
21 24 0.000753
24 24 0.042042
27 24 0.003008
84 24 -0.004902
87 24 -0.011888
90 24 -0.005492
22 25 63201609.730907
25 25 129358029.996436
26 25 -0.000000
28 25 66141565.152727
29 25 -0.000000
85 25 -30758542.523446
86 25 17635658.914596
88 25 -62955112.730401
89 25 -277921.332305
91 25 -32189340.635141
92 25 -19024691.358567
22 26 -0.000000
23 26 -20318603.968299
25 26 -0.000000
26 26 41626261.663111
29 26 -21264655.306635
85 26 18191214.469596
86 26 -10430079.826109
88 26 277921.332305
89 26 21367867.183909
91 26 -18469135.801901
92 26 -10915713.139983
24 27 0.003008
27 27 0.045596
30 27 0.003148
87 27 -0.005492
90 27 -0.013938
93 27 -0.005748
25 28 66141565.152727
28 28 135237279.592559
31 28 69081505.811122
32 28 -0.000000
88 28 -32189340.635141
89 28 18469135.801901
91 28 -65816387.141463
92 28 -277909.114945
94 28 -33620131.561870
95 28 -19858156.028513
25 29 -0.000000
26 29 -21264655.306635
29 29 43516451.406530
31 29 0.000000
32 29 -22210665.184354
88 29 19024691.358568
89 29 -10915713.139983
91 29 277909.114945
92 29 22338151.849791
94 29 -19302600.473514
95 29 -11401325.171020
27 30 0.003148
30 30 0.047668
33 30 0.003288
90 30 -0.005748
93 30 -0.014571
96 30 -0.006003
28 31 69081505.811122
29 31 0.000000
31 31 141116555.942235
32 31 -0.000000
34 31 72021434.056096
35 31 -0.000000
91 31 -33620131.561870
92 31 19302600.473514
94 31 -68677674.572766
95 31 -277898.393121
97 31 -35050916.447318
98 31 -20691609.976635
28 32 -0.000000
29 32 -22210665.184354
31 32 -0.000000
32 32 45406719.296536
34 32 -0.000000
35 32 -23156638.500906
91 32 19858156.028513
92 32 -11401325.171021
94 32 277898.393121
95 32 23308476.630395
97 32 -20136054.421635
98 32 -11886918.434238
30 33 0.003288
33 33 0.049739
36 33 0.003427
93 33 -0.006003
96 33 -0.015205
99 33 -0.006259
31 34 72021434.056096
32 34 -0.000000
34 34 146995856.446939
35 34 -0.000000
37 34 74961351.406104
38 34 -0.000001
94 34 -35050916.447318
95 34 20136054.421636
97 34 -71538973.759680
98 34 -277888.933473
100 34 -36481696.030474
101 34 -21525054.466775
31 35 -0.000000
32 35 -23156638.500906
34 35 -0.000000
35 35 47297055.748580
37 35 0.000000
38 35 -24102579.544272
94 35 20691609.976636
95 35 -11886918.434238
97 35 277888.933473
98 35 24278836.605715
100 35 -20969498.910109
101 35 -12372495.130772
33 36 0.003427
36 36 0.051811
39 36 0.003567
96 36 -0.006259
99 36 -0.015839
102 36 -0.006514
34 37 74961351.406104
35 37 0.000000
37 37 152875177.737848
38 37 -0.000000
40 37 77901258.441554
41 37 -0.000000
97 37 -36481696.030474
98 37 20969498.910109
100 37 -74400283.062687
101 37 -277880.544406
103 37 -37912470.593810
104 37 -22358490.566182
34 38 -0.000001
35 38 -24102579.544272
37 38 -0.000000
38 38 49187453.033309
41 38 -25048492.175641
97 38 21525054.466775
98 38 -12372495.130772
100 38 277880.544406
101 38 25249227.808072
103 38 -21802935.011182
104 38 -12858057.242671
36 39 0.003567
39 39 0.053883
42 39 0.003707
99 39 -0.006514
102 39 -0.016472
105 39 -0.006770
37 40 77901258.441554
40 40 146707033.243803
41 40 -0.000000
43 40 68523936.754583
100 40 -37912470.593810
101 40 21802935.011182
103 40 -71398411.186734
104 40 -257728.383644
106 40 -33348777.533037
107 40 -23088411.783159
37 41 -0.000000
38 41 -25048492.175641
40 41 -0.000000
41 41 55583832.214310
44 41 -30502846.865888
100 41 22358490.566182
101 41 -12858057.242671
103 41 257728.383645
104 41 28532659.363697
106 41 -22616218.949826
107 41 -15657922.569864
39 42 0.003707
42 42 0.053926
45 42 0.001002
102 42 -0.006770
105 42 -0.015225
108 42 -0.006535
40 43 68523936.754583
43 43 121135043.983582
44 43 -0.000000
46 43 52288878.060417
47 43 0.000000
103 43 -33348777.533037
104 43 22616218.949827
106 43 -58953204.133782
107 43 -206603.673451
109 43 -25447606.263353
110 43 -23645853.383278
41 44 -30502846.865888
43 44 -0.000000
44 44 72695545.057132
47 44 -42167445.518704
103 44 23088411.783159
104 44 -15657922.569864
106 44 206603.673451
107 44 37316556.681886
109 44 -23295015.456612
110 44 -21645671.291967
42 45 0.001002
45 45 0.051667
48 45 -0.004273
105 45 -0.006535
108 45 -0.010734
111 45 -0.006279
43 46 52288878.060417
46 46 92075872.220203
47 46 0.000000
49 46 39609886.099757
50 46 -0.000000
106 46 -25447606.263353
107 46 23295015.456612
109 46 -44810878.101087
110 46 -153328.242741
112 46 -19277078.095019
113 46 -24059853.204353
43 47 0.000000
44 47 -42167445.518704
46 47 0.000000
47 47 100051312.704569
49 47 -0.000000
50 47 -57865541.775727
106 47 23645853.383278
107 47 -21645671.291967
109 47 153328.242741
110 47 51358999.786694
112 47 -23799181.626020
113 47 -29703921.611108
45 48 -0.004273
48 48 0.051223
51 48 -0.010150
108 48 -0.006279
111 48 -0.005096
114 48 -0.006531
46 49 39609886.099757
47 49 -0.000000
49 49 69556568.637770
50 49 0.000000
52 49 29849216.322377
53 49 -0.000001
109 49 -19277078.095019
110 49 23799181.626020
112 49 -33851331.973095
113 49 -113830.075507
115 49 -14526819.717438
116 49 -24367361.516528
46 50 -0.000000
47 50 -57865541.775727
49 50 0.000000
50 50 136871637.415399
52 50 0.000000
53 50 -78992711.445011
109 50 24059853.204353
110 50 -29703921.611108
112 50 113830.075508
113 50 70259851.753098
115 50 -24173683.279861
116 50 -40549059.706703
48 51 -0.010150
51 51 0.055042
54 51 -0.017085
111 51 -0.006531
114 51 0.000344
117 51 -0.007344
49 52 29849216.322377
50 52 0.000000
52 52 52312177.001358
53 52 -0.000000
55 52 22409276.361481
56 52 -0.000001
112 52 -14526819.717438
113 52 24173683.279861
115 52 -25458945.192928
116 52 -84526.616848
118 52 -10905998.819881
119 52 -24595790.511709
49 53 -0.000001
50 53 -78992711.445011
52 53 -0.000000
53 53 186429661.845120
55 53 0.000000
56 53 -107427129.976101
112 53 24367361.516528
113 53 -40549059.706703
115 53 84526.616848
116 53 95699303.760156
118 53 -24451888.133377
119 53 -55145202.989537
51 54 -0.017085
54 54 0.063661
57 54 -0.025660
114 54 -0.007344
117 54 0.005973
120 54 -0.008807
52 55 22409276.361481
53 55 0.000000
55 55 39216626.038919
56 55 -0.000000
58 55 16777762.149164
59 55 -0.000000
115 55 -10905998.819881
116 55 24451888.133377
118 55 -19085688.821073
119 55 -62776.946012
121 55 -8165290.638454
122 55 -24765486.514389
52 56 -0.000001
53 56 -107427129.976101
55 56 -0.000000
56 56 253130917.973646
58 56 0.000000
59 56 -145696558.395584
115 56 24595790.511710
116 56 -55145202.989537
118 56 62776.946012
119 56 129938832.544539
121 56 -24658567.457723
122 56 -74789918.423716
54 57 -0.025660
57 57 0.077958
60 57 -0.036616
117 57 -0.008807
120 57 0.012237
123 57 -0.011061
55 58 16777762.149164
56 58 0.000000
58 58 29330417.904115
59 58 -0.000001
61 58 12536341.650496
62 58 -0.000000
118 58 -8165290.638454
119 58 24658567.457723
121 58 -14274334.241821
122 58 -46629.025841
124 58 -6101104.098567
125 58 -24891556.093563
55 59 -0.000000
56 59 -145696558.395584
58 59 -0.000001
59 59 342904950.044481
61 59 -0.000000
62 59 -197203056.432615
118 59 24765486.514388
119 59 -74789918.423715
121 59 46629.025841
122 59 176022230.870937
124 59 -24812115.540230
125 59 -101229573.750533
57 60 -0.036616
60 60 0.099262
63 60 -0.050916
120 60 -0.011061
123 60 0.019664
126 60 -0.014311
58 61 12536341.650496
59 61 -0.000000
61 61 21898730.855468
62 61 -0.000000
121 61 -6101104.098567
122 61 24812115.540230
124 61 -10657529.787571
125 61 -34637.602084
58 62 -0.000000
59 62 -197203056.432615
61 62 -0.000000
62 62 463732421.378017
121 62 24891556.093563
122 62 -101229573.750535
124 62 34637.602085
125 62 238046185.478438
60 63 -0.050916
63 63 0.129501
123 63 -0.014311
126 63 0.028898
1 64 -6458634.044142
2 64 34581.470395
4 64 -3718838.313117
5 64 15187758.732976
64 64 12581919.870919
65 64 -0.000000
67 64 7244585.247253
68 64 0.000000
127 64 -6123285.708275
128 64 -34581.470395
130 64 -3525746.984851
131 64 -15187758.732976
1 65 -34581.470395
2 65 144182405.056196
4 65 15108318.179643
5 65 -61702465.292670
64 65 -0.000000
65 65 296261114.788120
67 65 -0.000000
68 65 -126784132.536458
127 65 34581.470395
128 65 152078709.685712
130 65 -15108318.179643
131 65 -65081667.228816
3 66 0.017502
6 66 -0.008723
66 66 0.082359
69 66 -0.032843
129 66 0.018644
132 66 -0.009148
1 67 -3718838.313117
2 67 -15108318.179643
4 67 -8762329.965525
5 67 46527.811008
7 67 -5051360.662448
8 67 15341205.600651
64 67 7244585.247253
65 67 -0.000000
67 67 17069698.065899
68 67 -0.000000
70 67 9840442.085751
71 67 0.000000
127 67 -3525746.984851
128 67 15108318.179643
130 67 -8307368.011632
131 67 -46527.811008
133 67 -4789081.461331
134 67 -15341205.600651
1 68 -15187758.732976
2 68 -61702465.292670
4 68 -46527.811008
5 68 107974122.014258
7 68 15234286.543985
8 68 -46267201.655006
64 68 0.000000
65 68 -126784132.536458
67 68 -0.000000
68 68 221861563.096752
70 68 -0.000000
71 68 -95068276.426576
127 68 15187758.732976
128 68 -65081667.228816
130 68 46527.811008
131 68 113887441.043808
133 68 -15234286.543985
134 68 -48801074.761519
3 69 -0.008723
6 69 0.012060
9 69 -0.006843
66 69 -0.032843
69 69 0.063716
72 69 -0.024040
129 69 -0.009148
132 69 0.012969
135 69 -0.007145
4 70 -5051360.662448
5 70 -15234286.543985
7 70 -11919400.162865
8 70 62594.676776
10 70 -6882267.605444
11 70 15547702.655760
67 70 9840442.085751
68 70 -0.000000
70 70 23219915.506667
71 70 0.000000
73 70 13407190.741434
74 70 -0.000000
130 70 -4789081.461331
131 70 15234286.543985
133 70 -11300515.277171
134 70 -62594.676776
136 70 -6524923.164593
137 70 -15547702.655761
4 71 -15341205.600651
5 71 -46267201.655006
7 71 -62594.676776
8 71 81071794.952805
10 71 15403800.277427
11 71 -34798662.365929
67 71 0.000000
68 71 -95068276.426576
70 71 0.000000
71 71 166583574.067210
73 71 -0.000000
74 71 -71503110.943930
130 71 15341205.600651
131 71 -48801074.761519
133 71 62594.676776
134 71 85511779.079808
136 71 -15403800.277427
137 71 -36704448.572043
6 72 -0.006843
9 72 0.007630
12 72 -0.005558
69 72 -0.024040
72 72 0.050617
75 72 -0.017280
132 72 -0.007145
135 72 0.008387
138 72 -0.005764
7 73 -6882267.605444
8 73 -15403800.277427
10 73 -16270902.132949
11 73 84198.887422
13 73 -9414345.844450
14 73 15825579.779849
70 73 13407190.741434
71 73 -0.000000
73 73 31696978.631863
74 73 -0.000000
76 73 18339875.430166
77 73 0.000000
133 73 -6524923.164593
134 73 15403800.277427
136 73 -15426076.448712
137 73 -84198.887422
139 73 -8925529.607315
140 73 -15825579.779849
7 74 -15547702.655760
8 74 -34798662.365929
10 74 -84198.887422
11 74 61083863.292862
13 74 15631901.543183
14 74 -26277333.469546
70 74 -0.000000
71 74 -71503110.943930
73 74 -0.000000
74 74 125513050.151572
76 74 -0.000000
77 74 -53993773.397017
133 74 15547702.655760
134 74 -36704448.572043
136 74 84198.887422
137 74 64429186.825062
139 74 -15631901.543183
140 74 -27716439.925163
9 75 -0.005558
12 75 0.003804
15 75 -0.004759
72 75 -0.017280
75 75 0.041927
78 75 -0.011953
135 75 -0.005764
138 75 0.004476
141 75 -0.004886
10 76 -9414345.844450
11 76 -15631901.543183
13 76 -22313100.977505
14 76 113241.788133
16 76 -12945183.556902
17 76 16199493.146315
73 76 18339875.430166
74 76 -0.000000
76 76 43467650.325860
77 76 0.000000
79 76 25218220.989540
80 76 -0.000000
136 76 -8925529.607315
137 76 15631901.543183
139 76 -21154549.310360
140 76 -113241.788132
142 76 -12273037.449034
143 76 -16199493.146315
10 77 -15825579.779849
11 77 -26277333.469546
13 77 -113241.788133
14 77 46233427.448448
16 77 15938821.567982
17 77 -19945706.428972
73 77 0.000000
74 77 -53993773.397017
76 77 0.000000
77 77 94998878.359196
80 77 -40983760.941198
136 77 15825579.779849
137 77 -27716439.925163
139 77 113241.788133
140 77 48765450.874887
142 77 -15938821.567982
143 77 -21038054.513486
12 78 -0.004759
15 78 0.000211
18 78 -0.004386
75 78 -0.011953
78 78 0.036931
81 78 -0.007567
138 78 -0.004886
141 78 0.000858
144 78 -0.004442
13 79 -12945183.556902
14 79 -15938821.567982
16 79 -30781382.230058
17 79 152273.895348
19 79 -17919960.750016
20 79 16702604.968330
76 79 25218220.989540
79 79 59964518.609791
80 79 -0.000000
82 79 34909472.581884
83 79 0.000000
139 79 -12273037.449034
140 79 15938821.567982
142 79 -29183136.350808
143 79 -152273.895348
145 79 -16989511.844397
146 79 -16702604.968330
13 80 -16199493.146315
14 80 -19945706.428972
16 80 -152273.895348
17 80 35200281.867171
19 80 16351767.041664
20 80 -15240943.291544
76 80 -0.000000
77 80 -40983760.941198
79 80 -0.000000
80 80 72328345.107417
82 80 -0.000000
83 80 -31316573.244367
139 80 16199493.146315
140 80 -21038054.513487
142 80 152273.895348
143 80 37128063.198600
145 80 -16351767.041664
146 80 -16075629.957956
15 81 -0.004386
18 81 -0.003520
21 81 -0.004422
78 81 -0.007567
81 81 0.035290
84 81 -0.003697
141 81 -0.004442
144 81 -0.002837
147 81 -0.004409
16 82 -17919960.750016
17 82 -16351767.041664
19 82 -42787732.910946
20 82 204715.725037
22 82 -25018720.969313
23 82 17379513.526700
79 82 34909472.581884
80 82 -0.000000
82 82 83353820.393375
85 82 48738407.747307
86 82 -0.000000
142 82 -16989511.844397
143 82 16351767.041664
145 82 -40566087.460243
146 82 -204715.725037
148 82 -23719686.787651
149 82 -17379513.526700
16 83 -16702604.968330
17 83 -15240943.291544
19 83 -204715.725037
20 83 27003541.219848
22 83 16907320.693367
23 83 -11744845.359252
79 83 0.000000
80 83 -31316573.244367
83 83 55485960.497787
86 83 -24132909.808126
142 83 16702604.968330
143 83 -16075629.957956
145 83 204715.725037
146 83 28482419.226046
148 83 -16907320.693367
149 83 -12388064.458654
18 84 -0.004422
21 84 -0.007819
24 84 -0.004902
81 84 -0.003697
84 84 0.037045
87 84 0.000062
144 84 -0.004409
147 84 -0.007029
150 84 -0.004815
19 85 -25018720.969313
20 85 -16907320.693367
22 85 -55650948.339606
23 85 256145.387895
25 85 -30758542.523446
26 85 18191214.469596
82 85 48738407.747307
85 85 108412361.127625
86 85 -0.000000
88 85 59920025.054053
89 85 0.000000
145 85 -23719686.787651
146 85 16907320.693367
148 85 -52761412.769785
149 85 -256145.387895
151 85 -29161482.539184
152 85 -18191214.469596
19 86 -17379513.526700
20 86 -11744845.359252
22 86 -256145.387895
23 86 22196238.618378
25 86 17635658.914596
26 86 -10430079.826109
82 86 -0.000000
83 86 -24132909.808126
85 86 -0.000000
86 86 45608078.205086
88 86 -0.000000
89 86 -21431374.188610
145 86 17379513.526700
146 86 -12388064.458654
148 86 256145.387895
149 86 23411839.522775
151 86 -17635658.914596
152 86 -11001294.375623
21 87 -0.004902
24 87 -0.011888
27 87 -0.005492
84 87 0.000062
87 87 0.041090
90 87 0.002274
147 87 -0.004815
150 87 -0.010955
153 87 -0.005356
22 88 -30758542.523446
23 88 -17635658.914596
25 88 -62955112.730401
26 88 277921.332305
28 88 -32189340.635141
29 88 19024691.358568
85 88 59920025.054053
86 88 -0.000000
88 88 122641439.537395
89 88 0.000000
91 88 62707330.682554
92 88 -0.000000
148 88 -29161482.539184
149 88 17635658.914596
151 88 -59686326.789441
152 88 -277921.332305
154 88 -30517990.056389
155 88 -19024691.358568
22 89 -18191214.469596
23 89 -10430079.826108
25 89 -277921.332305
26 89 21367867.183909
28 89 18469135.801901
29 89 -10915713.139983
85 89 0.000000
86 89 -21431374.188610
88 89 0.000000
89 89 43905968.690309
92 89 -22429237.046961
148 89 18191214.469596
149 89 -11001294.375623
151 89 277921.332305
152 89 22538101.435139
154 89 -18469135.801901
155 89 -11513523.920710
24 90 -0.005492
27 90 -0.013938
30 90 -0.005748
87 90 0.002274
90 90 0.044413
93 90 0.002379
150 90 -0.005356
153 90 -0.012910
156 90 -0.005605
25 91 -32189340.635141
26 91 -18469135.801901
28 91 -65816387.141463
29 91 277909.114945
31 91 -33620131.561870
32 91 19858156.028513
88 91 62707330.682554
91 91 128215423.880603
92 91 -0.000000
94 91 65494622.314184
95 91 0.000000
151 91 -30517990.056389
152 91 18469135.801901
154 91 -62399036.720789
155 91 -277909.114946
157 91 -31874490.761689
158 91 -19858156.028513
25 92 -19024691.358567
26 92 -10915713.139983
28 92 -277909.114945
29 92 22338151.849791
31 92 19302600.473514
32 92 -11401325.171021
88 92 -0.000000
89 92 -22429237.046961
91 92 -0.000000
92 92 45899676.709658
95 92 -23427056.174060
151 92 19024691.358568
152 92 -11513523.920710
154 92 277909.114945
155 92 23561524.785369
157 92 -19302600.473514
158 92 -12025731.017382
27 93 -0.005748
30 93 -0.014571
33 93 -0.006003
90 93 0.002379
93 93 0.046431
96 93 0.002485
153 93 -0.005605
156 93 -0.013497
159 93 -0.005854
28 94 -33620131.561870
29 94 -19302600.473514
31 94 -68677674.572766
32 94 277898.393121
34 94 -35050916.447318
35 94 20691609.976636
91 94 65494622.314184
94 94 133789433.588251
95 94 -0.000000
97 94 68281902.176928
98 94 0.000000
154 94 -31874490.761689
155 94 19302600.473514
157 94 -65111758.996336
158 94 -277898.393121
160 94 -33230985.739384
161 94 -20691609.976635
28 95 -19858156.028513
29 95 -11401325.171020
31 95 -277898.393121
32 95 23308476.630395
34 95 20136054.421636
35 95 -11886918.434238
91 95 0.000000
92 95 -23427056.174060
94 95 -0.000000
95 95 47893467.155377
97 95 -0.000000
98 95 -24424836.737680
154 95 19858156.028513
155 95 -12025731.017382
157 95 277898.393121
158 95 24584990.447245
160 95 -20136054.421635
161 95 -12537918.318394
30 96 -0.006003
33 96 -0.015205
36 96 -0.006259
93 96 0.002485
96 96 0.048449
99 96 0.002590
156 96 -0.005854
159 96 -0.014084
162 96 -0.006103
31 97 -35050916.447318
32 97 -20136054.421635
34 97 -71538973.759680
35 97 277888.933473
37 97 -36481696.030474
38 97 21525054.466775
94 97 68281902.176928
95 97 -0.000000
97 97 139363466.196738
98 97 -0.000000
100 97 71069171.710399
101 97 0.000000
157 97 -33230985.739384
158 97 20136054.421635
160 97 -67824492.417111
161 97 -277888.933473
163 97 -34587475.690098
164 97 -21525054.466775
31 98 -20691609.976635
32 98 -11886918.434238
34 98 -277888.933473
35 98 24278836.605715
37 98 20969498.910109
38 98 -12372495.130772
94 98 0.000000
95 98 -24424836.737680
97 98 -0.000000
98 98 49887329.918006
100 98 -0.000000
101 98 -25422583.260639
157 98 20691609.976635
158 98 -12537918.318394
160 98 277888.933473
161 98 25608493.231315
163 98 -20969498.910109
164 98 -13050088.145430
33 99 -0.006259
36 99 -0.015839
39 99 -0.006514
96 99 0.002590
99 99 0.050467
102 99 0.002696
159 99 -0.006103
162 99 -0.014671
165 99 -0.006352
34 100 -36481696.030474
35 100 -20969498.910109
37 100 -74400283.062687
38 100 277880.544406
40 100 -37912470.593810
41 100 22358490.566182
97 100 71069171.710399
98 100 -0.000000
100 100 144937518.512159
103 100 73856431.464870
104 100 0.000000
160 100 -34587475.690098
161 100 20969498.910109
163 100 -70537235.428728
164 100 -277880.544406
166 100 -35943960.881632
167 100 -22358490.566181
34 101 -21525054.466775
35 101 -12372495.130772
37 101 -277880.544406
38 101 25249227.808072
40 101 21802935.011182
41 101 -12858057.242671
97 101 0.000000
98 101 -25422583.260639
101 101 51881256.844890
103 101 -0.000000
104 101 -26420299.815586
160 101 21525054.466775
161 101 -13050088.145430
163 101 277880.544406
164 101 26632028.952604
166 101 -21802935.011182
167 101 -13562242.589088
36 102 -0.006514
39 102 -0.016472
42 102 -0.006770
99 102 0.002696
102 102 0.052485
105 102 0.002802
162 102 -0.006352
165 102 -0.015258
168 102 -0.006601
37 103 -37912470.593810
38 103 -21802935.011182
40 103 -71398411.186734
41 103 257728.383645
43 103 -33348777.533037
44 103 23088411.783159
100 103 73856431.464870
101 103 -0.000000
103 103 139089639.412467
106 103 64966003.628763
107 103 -0.000000
163 103 -35943960.881632
164 103 21802935.011182
166 103 -67691228.202289
167 103 -257728.383644
169 103 -31617226.108598
170 103 -23088411.783159
37 104 -22358490.566182
38 104 -12858057.242671
40 104 -257728.383644
41 104 28532659.363697
43 104 22616218.949827
44 104 -15657922.569864
100 104 0.000000
101 104 -26420299.815586
104 104 58627940.617653
106 104 -0.000000
107 104 -32173368.111954
163 104 22358490.566181
164 104 -13562242.589088
166 104 257728.383644
167 104 30095281.171994
169 104 -22616218.949826
170 104 -16515445.555124
39 105 -0.006770
42 105 -0.015225
45 105 -0.006535
102 105 0.002802
105 105 0.052708
108 105 0.000082
165 105 -0.006601
168 105 -0.014029
171 105 -0.006418
40 106 -33348777.533037
41 106 -22616218.949826
43 106 -58953204.133782
44 106 206603.673451
46 106 -25447606.263353
47 106 23645853.383278
103 106 64966003.628763
104 106 -0.000000
106 106 114845411.398933
107 106 -0.000000
109 106 49573909.536844
166 106 -31617226.108598
167 106 22616218.949826
169 106 -55892207.234486
170 106 -206603.673451
172 106 -24126303.291284
173 106 -23645853.383278
40 107 -23088411.783159
41 107 -15657922.569864
43 107 -206603.673451
44 107 37316556.681886
46 107 23295015.456612
47 107 -21645671.291967
103 107 -0.000000
104 107 -32173368.111954
106 107 -0.000000
107 107 76676794.835892
109 107 -0.000000
110 107 -44476791.066764
166 107 23088411.783159
167 107 -16515445.555124
169 107 206603.673451
170 107 39360238.082572
172 107 -23295015.456612
173 107 -22831119.782086
42 108 -0.006535
45 108 -0.010734
48 108 -0.006279
105 108 0.000082
108 108 0.051053
111 108 -0.005251
168 108 -0.006418
171 108 -0.009646
174 108 -0.006261
43 109 -25447606.263353
44 109 -23295015.456612
46 109 -44810878.101087
47 109 153328.242741
49 109 -19277078.095019
50 109 24059853.204353
106 109 49573909.536844
107 109 -0.000000
109 109 87295064.066122
110 109 -0.000000
112 109 37553242.354267
113 109 -0.000000
169 109 -24126303.291284
170 109 23295015.456612
172 109 -42484185.922827
173 109 -153328.242741
175 109 -18276164.283663
176 109 -24059853.204353
43 110 -23645853.383278
44 110 -21645671.291967
46 110 -153328.242741
47 110 51358999.786694
49 110 23799181.626020
50 110 -29703921.611108
107 110 -44476791.066764
109 110 -0.000000
110 110 105530730.547998
113 110 -61034610.464209
169 110 23645853.383278
170 110 -22831119.782086
172 110 153328.242741
173 110 54171730.700700
175 110 -23799181.626020
176 110 -31330688.854977
45 111 -0.006279
48 111 -0.005096
51 111 -0.006531
108 111 -0.005251
111 111 0.051410
114 111 -0.011269
171 111 -0.006261
174 111 -0.004100
177 111 -0.006614
46 112 -19277078.095019
47 112 -23799181.626020
49 112 -33851331.973095
50 112 113830.075508
52 112 -14526819.717438
53 112 24367361.516528
109 112 37553242.354267
112 112 65945018.702544
113 112 -0.000001
115 112 28299370.813039
116 112 0.000000
172 112 -18276164.283663
173 112 23799181.626020
175 112 -32093686.671705
176 112 -113830.075508
178 112 -13772551.128930
179 112 -24367361.516527
46 113 -24059853.204353
47 113 -29703921.611108
49 113 -113830.075507
50 113 70259851.753098
52 113 24173683.279861
53 113 -40549059.706703
109 113 -0.000000
110 113 -61034610.464209
112 113 -0.000001
113 113 144367559.979535
115 113 -0.000001
116 113 -83318832.323805
172 113 24059853.204353
173 113 -31330688.854977
175 113 113830.075508
176 113 74107708.172032
178 113 -24173683.279861
179 113 -42769772.613540
48 114 -0.006531
51 114 0.000344
54 114 -0.007344
111 114 -0.011269
114 114 0.056078
117 114 -0.018445
174 114 -0.006614
177 114 0.001326
180 114 -0.007539
49 115 -14526819.717438
50 115 -24173683.279861
52 115 -25458945.192928
53 115 84526.616848
55 115 -10905998.819881
56 115 24595790.511710
112 115 28299370.813039
113 115 -0.000001
115 115 49595998.745362
116 115 -0.000001
118 115 21245731.027422
119 115 0.000000
175 115 -13772551.128930
176 115 24173683.279861
178 115 -24137053.473781
179 115 -84526.616849
181 115 -10339732.252866
182 115 -24595790.511709
49 116 -24367361.516528
50 116 -40549059.706703
52 116 -84526.616848
53 116 95699303.760156
55 116 24451888.133377
56 116 -55145202.989537
112 116 0.000000
113 116 -83318832.323805
115 116 -0.000001
116 116 196639682.967125
118 116 -0.000000
119 116 -113310492.395451
175 116 24367361.516527
176 116 -42769772.613540
178 116 84526.616849
179 116 100940379.154306
181 116 -24451888.133376
182 116 -58165289.396471
51 117 -0.007344
54 117 0.005973
57 117 -0.008807
114 117 -0.018445
117 117 0.065660
120 117 -0.027384
177 117 -0.007539
180 117 0.007024
183 117 -0.009134
52 118 -10905998.819881
53 118 -24451888.133377
55 118 -19085688.821073
56 118 62776.946012
58 118 -8165290.638454
59 118 24765486.514388
115 118 21245731.027422
116 118 -0.000000
118 118 37180401.342154
119 118 -0.000000
121 118 15906619.030068
122 118 0.000000
178 118 -10339732.252866
179 118 24451888.133376
181 118 -18094712.414286
182 118 -62776.946012
184 118 -7741328.453085
185 118 -24765486.514389
52 119 -24595790.511709
53 119 -55145202.989537
55 119 -62776.946012
56 119 129938832.544539
58 119 24658567.457723
59 119 -74789918.423715
115 119 0.000000
116 119 -113310492.395451
118 119 -0.000000
119 119 266993905.192166
121 119 -0.000000
122 119 -153675787.259496
178 119 24595790.511709
179 119 -58165289.396471
181 119 62776.946012
182 119 137055072.592204
184 119 -24658567.457722
185 119 -78885868.819531
54 120 -0.008807
57 120 0.012237
60 120 -0.011061
117 120 -0.027384
120 120 0.081112
123 120 -0.038859
180 120 -0.009134
183 120 0.013450
186 120 -0.011550
55 121 -8165290.638454
56 121 -24658567.457723
58 121 -14274334.241821
59 121 46629.025841
61 121 -6101104.098567
62 121 24891556.093563
118 121 15906619.030068
119 121 -0.000000
121 121 27807509.710224
122 121 0.000000
124 121 11885423.625044
125 121 -0.000000
181 121 -7741328.453085
182 121 24658567.457722
184 121 -13533175.323731
185 121 -46629.025841
187 121 -5784319.609679
188 121 -24891556.093563
55 122 -24765486.514389
56 122 -74789918.423716
58 122 -46629.025841
59 122 176022230.870937
61 122 24812115.540230
62 122 -101229573.750535
118 122 0.000000
119 122 -153675787.259496
121 122 0.000000
122 122 361684508.771885
124 122 0.000000
125 122 -208003094.108490
181 122 24765486.514389
182 122 -78885868.819531
184 122 46629.025841
185 122 185662277.837894
187 122 -24812115.540231
188 122 -106773520.333390
57 123 -0.011061
60 123 0.019664
63 123 -0.014311
120 123 -0.038859
123 123 0.103864
126 123 -0.053883
183 123 -0.011550
186 123 0.021147
189 123 -0.015008
58 124 -6101104.098567
59 124 -24812115.540230
61 124 -10657529.787571
62 124 34637.602085
121 124 11885423.625044
122 124 0.000000
124 124 20761694.329384
184 124 -5784319.609679
185 124 24812115.540231
187 124 -10104164.346163
188 124 -34637.602084
58 125 -24891556.093563
59 125 -101229573.750533
61 125 -34637.602084
62 125 238046185.478438
121 125 -0.000000
122 125 -208003094.108490
125 125 489129226.644632
184 125 24891556.093563
185 125 -106773520.333390
187 125 34637.602084
188 125 251083041.089906
60 126 -0.014311
63 126 0.028898
123 126 -0.053883
126 126 0.135971
186 126 -0.015008
189 126 0.030784
64 127 -6123285.708275
65 127 34581.470395
67 127 -3525746.984851
68 127 15187758.732976
127 127 11928635.324406
128 127 0.000000
130 127 6868428.369533
131 127 -0.000000
190 127 -5805349.491139
191 127 -34581.470395
193 127 -3342681.438174
194 127 -15187758.732976
64 128 -34581.470395
65 128 152078709.685712
67 128 15108318.179643
68 128 -65081667.228816
127 128 0.000000
128 128 312486173.681744
130 128 0.000000
131 128 -133727602.045537
190 128 34581.470395
191 128 160407463.948005
193 128 -15108318.179643
194 128 -68645934.800723
66 129 0.018644
69 129 -0.009148
129 129 0.086511
132 129 -0.034745
192 129 0.019839
195 129 -0.009599
64 130 -3525746.984851
65 130 -15108318.179643
67 130 -8307368.011632
68 130 46527.811008
70 130 -4789081.461331
71 130 15341205.600651
127 130 6868428.369533
128 130 0.000000
130 130 16183396.917986
131 130 -0.000001
133 130 9329501.869281
134 130 0.000000
190 130 -3342681.438174
191 130 15108318.179644
193 130 -7876028.812751
194 130 -46527.811008
196 130 -4540420.448061
197 130 -15341205.600651
64 131 -15187758.732976
65 131 -65081667.228816
67 131 -46527.811008
68 131 113887441.043808
70 131 15234286.543985
71 131 -48801074.761519
127 131 -0.000000
128 131 -133727602.045537
130 131 -0.000001
131 131 234012050.446354
133 131 -0.000000
134 131 -100274792.931838
190 131 15187758.732976
191 131 -68645934.800724
193 131 46527.811008
194 131 120124609.362712
196 131 -15234286.543985
197 131 -51473718.159438
66 132 -0.009148
69 132 0.012969
72 132 -0.007145
129 132 -0.034745
132 132 0.066720
135 132 -0.025496
192 132 -0.009599
195 132 0.013916
198 132 -0.007469
67 133 -4789081.461331
68 133 -15234286.543985
70 133 -11300515.277171
71 133 62594.676776
73 133 -6524923.164593
74 133 15547702.655760
130 133 9329501.869281
131 133 -0.000000
133 133 22014279.779882
134 133 -0.000000
136 133 12711056.069461
137 133 0.000000
193 133 -4540420.448061
194 133 15234286.543985
196 133 -10713764.432431
197 133 -62594.676776
199 133 -6186132.935037
200 133 -15547702.655760
67 134 -15341205.600651
68 134 -48801074.761519
70 134 -62594.676776
71 134 85511779.079808
73 134 15403800.277427
74 134 -36704448.572043
130 134 0.000000
131 134 -100274792.931838
133 134 -0.000000
134 134 175706702.837407
136 134 -0.000000
137 134 -75419055.792293
193 134 15341205.600651
194 134 -51473718.159438
196 134 62594.676776
197 134 90194923.722428
199 134 -15403800.277427
200 134 -38714607.213583
69 135 -0.007145
72 135 0.008387
75 135 -0.005764
132 135 -0.025496
135 135 0.052728
138 135 -0.018417
195 135 -0.007469
198 135 0.009168
201 135 -0.005987
70 136 -6524923.164593
71 136 -15403800.277427
73 136 -15426076.448712
74 136 84198.887422
76 136 -8925529.607315
77 136 15825579.779849
133 136 12711056.069461
134 136 -0.000000
136 136 30051192.714767
137 136 0.000000
139 136 17387623.508334
140 136 -0.000000
196 136 -6186132.935037
197 136 15403800.277427
199 136 -14625116.213104
200 136 -84198.887422
202 136 -8462093.923802
203 136 -15825579.779849
70 137 -15547702.655761
71 137 -36704448.572043
73 137 -84198.887422
74 137 64429186.825062
76 137 15631901.543183
77 137 -27716439.925163
133 137 0.000000
134 137 -75419055.792293
136 137 0.000000
137 137 132386907.464442
140 137 -56950800.524856
196 137 15547702.655760
197 137 -38714607.213583
199 137 84198.887422
200 137 67957720.605694
202 137 -15631901.543183
203 137 -29234360.596736
72 138 -0.005764
75 138 0.004476
78 138 -0.004886
135 138 -0.018417
138 138 0.043321
141 138 -0.012869
198 138 -0.005987
201 138 0.005160
204 138 -0.005026
73 139 -8925529.607315
74 139 -15631901.543183
76 139 -21154549.310360
77 139 113241.788133
79 139 -12273037.449034
80 139 16199493.146315
136 139 17387623.508334
139 139 41210701.874843
140 139 -0.000000
142 139 23908828.268933
199 139 -8462093.923802
200 139 15631901.543183
202 139 -20056152.524407
203 139 -113241.788132
205 139 -11635790.837193
206 139 -16199493.146315
73 140 -15825579.779849
74 140 -27716439.925163
76 140 -113241.788132
77 140 48765450.874887
79 140 15938821.567982
80 140 -21038054.513487
136 140 -0.000000
137 140 -56950800.524856
139 140 -0.000000
140 140 100201594.203211
142 140 -0.000000
143 140 -43228280.730944
199 140 15825579.779849
200 140 -29234360.596737
202 140 113241.788133
203 140 51436143.292973
205 140 -15938821.567982
206 140 -22190226.218069
75 141 -0.004886
78 141 0.000858
81 141 -0.004442
138 141 -0.012869
141 141 0.037717
144 141 -0.008340
201 141 -0.005026
204 141 0.001507
207 141 -0.004510
76 142 -12273037.449034
77 142 -15938821.567982
79 142 -29183136.350808
80 142 152273.895348
82 142 -16989511.844397
83 142 16702604.968330
139 142 23908828.268933
140 142 -0.000000
142 142 56851011.750083
143 142 0.000000
145 142 33096885.989052
146 142 -0.000000
202 142 -11635790.837193
203 142 15938821.567982
205 142 -27667875.368766
206 142 -152273.895348
208 142 -16107374.157870
209 142 -16702604.968330
76 143 -16199493.146315
77 143 -21038054.513486
79 143 -152273.895348
80 143 37128063.198600
82 143 16351767.041664
83 143 -16075629.957956
140 143 -43228280.730944
142 143 0.000000
143 143 76289484.791258
145 143 -0.000000
146 143 -33031659.092734
202 143 16199493.146315
203 143 -22190226.218069
205 143 152273.895348
206 143 39161421.552145
208 143 -16351767.041664
209 143 -16956029.139199
78 144 -0.004442
81 144 -0.002837
84 144 -0.004409
141 144 -0.008340
144 144 0.035516
147 144 -0.004396
204 144 -0.004510
207 144 -0.002161
210 144 -0.004409
79 145 -16989511.844397
80 145 -16351767.041664
82 145 -40566087.460243
83 145 204715.725037
85 145 -23719686.787651
86 145 17379513.526700
142 145 33096885.989052
143 145 -0.000000
145 145 79025882.845118
146 145 -0.000000
148 145 46207788.465905
149 145 -0.000000
205 145 -16107374.157870
206 145 16351767.041664
208 145 -38459795.361474
209 145 -204715.725037
211 145 -22488101.688440
212 145 -17379513.526700
79 146 -16702604.968330
80 146 -16075629.957956
82 146 -204715.725037
83 146 28482419.226046
85 146 16907320.693367
86 146 -12388064.458654
142 146 -0.000000
143 146 -33031659.092734
145 146 -0.000000
146 146 58524708.855992
149 146 -25454574.594966
205 146 16702604.968330
206 146 -16956029.139199
208 146 204715.725037
209 146 30042289.579959
211 146 -16907320.693367
212 146 -13066510.145241
81 147 -0.004409
84 147 -0.007029
87 147 -0.004815
144 147 -0.004396
147 147 0.036700
150 147 -0.000628
207 147 -0.004409
210 147 -0.006259
213 147 -0.004741
82 148 -23719686.787651
83 148 -16907320.693367
85 148 -52761412.769785
86 148 256145.387895
88 148 -29161482.539184
89 148 18191214.469596
145 148 46207788.465905
148 148 102783321.855420
149 148 -0.000000
151 148 56808828.407690
152 148 -0.000000
208 148 -22488101.688440
209 148 16907320.693367
211 148 -50021909.066403
212 148 -256145.387895
214 148 -27647345.877552
215 148 -18191214.469596
82 149 -17379513.526700
83 149 -12388064.458654
85 149 -256145.387895
86 149 23411839.522775
88 149 17635658.914596
89 149 -11001294.375623
145 149 -0.000000
146 149 -25454574.594966
148 149 -0.000000
149 149 48105853.704695
151 149 -0.000000
152 149 -22605086.469043
208 149 17379513.526701
209 149 -13066510.145241
211 149 256145.387896
212 149 24694014.120658
214 149 -17635658.914596
215 149 -11603792.105555
84 150 -0.004815
87 150 -0.010955
90 150 -0.005356
147 150 -0.000628
150 150 0.040254
153 150 0.001546
210 150 -0.004741
213 150 -0.010053
216 150 -0.005234
85 151 -29161482.539184
86 151 -17635658.914596
88 151 -59686326.789441
89 151 277921.332305
91 151 -30517990.056389
92 151 19024691.358568
148 151 56808828.407690
149 151 -0.000000
151 151 116273591.144474
152 151 -0.000000
154 151 59451410.199445
155 151 0.000000
211 151 -27647345.877552
212 151 17635658.914596
214 151 -56587264.336518
215 151 -277921.332305
217 151 -28933420.152523
218 151 -19024691.358567
85 152 -18191214.469596
86 152 -11001294.375623
88 152 -277921.332305
89 152 22538101.435139
91 152 18469135.801901
92 152 -11513523.920710
148 152 -0.000000
149 152 -22605086.469043
151 152 -0.000000
152 152 46310526.329516
155 152 -23657598.361130
211 152 18191214.469596
212 152 -11603792.105556
214 152 277921.332305
215 152 23772424.826192
217 152 -18469135.801901
218 152 -12144074.453120
87 153 -0.005356
90 153 -0.012910
93 153 -0.005605
150 153 0.001546
153 153 0.043356
156 153 0.001618
213 153 -0.005234
216 153 -0.011919
219 153 -0.005477
88 154 -30517990.056389
89 154 -18469135.801901
91 154 -62399036.720789
92 154 277909.114945
94 154 -31874490.761689
95 154 19858156.028513
151 154 59451410.199445
154 154 121558160.365225
155 154 0.000000
157 154 62093978.721080
158 154 -0.000000
214 154 -28933420.152523
215 154 18469135.801901
217 154 -59159123.625080
218 154 -277909.114945
220 154 -30219487.969280
221 154 -19858156.028513
88 155 -19024691.358568
89 155 -11513523.920710
91 155 -277909.114946
92 155 23561524.785369
94 155 19302600.473514
95 155 -12025731.017382
151 155 0.000000
152 155 -23657598.361130
154 155 0.000000
155 155 48413421.914731
158 155 -24710064.126975
214 155 19024691.358567
215 155 -12144074.453120
217 155 277909.114945
218 155 24851897.058079
220 155 -19302600.473514
221 155 -12684333.122858
90 156 -0.005605
93 156 -0.013497
96 156 -0.005854
153 156 0.001618
156 156 0.045326
159 156 0.001689
216 156 -0.005477
219 156 -0.012461
222 156 -0.005721
91 157 -31874490.761689
92 157 -19302600.473514
94 157 -65111758.996336
95 157 277898.393121
97 157 -33230985.739384
98 157 20691609.976635
154 157 62093978.721080
157 157 126842753.633430
158 157 -0.000000
