485 485 3135
1 1 346518423.699500
3 1 30695529658.430000
4 1 -346518423.699500
6 1 30695529658.430000
2 2 541504674.977500
5 2 -541504674.977500
1 3 30695529658.430000
3 3 3625456258870.000000
4 3 -30695529658.430000
6 3 1812728129435.000000
1 4 -346518423.699500
3 4 -30695529658.430000
4 4 5820061048.858000
6 4 163248894067.700012
7 4 -5473542625.158000
9 4 193944423726.100006
2 5 -541504674.977500
5 5 1718525253.227000
8 5 -1177020578.250000
1 6 30695529658.430000
3 6 1812728129435.000000
4 6 163248894067.700012
6 6 12788184938840.000000
7 6 -193944423726.100006
9 6 4581364339987.000000
4 7 -5473542625.158000
6 7 -193944423726.100006
7 7 11034132683.920000
9 7 3084357883.685000
10 7 -5560590058.765000
12 7 197028781609.799988
5 8 -1177020578.250000
8 8 2368142840.744000
11 8 -1191122262.494000
4 9 193944423726.100006
6 9 4581364339987.000000
7 9 3084357883.685000
9 9 18471175055240.000000
10 9 -197028781609.799988
12 9 4654223187633.000000
7 10 -5560590058.765000
9 10 -197028781609.799988
10 10 11211709448.480000
12 10 3207732199.033000
13 10 -5651119389.715000
15 10 200236513808.799988
8 11 -1191122262.494000
11 11 2395406096.949000
14 11 -1204283834.455000
7 12 197028781609.799988
9 12 4654223187633.000000
10 12 3207732199.033000
12 12 18768439153640.000000
13 12 -200236513808.799988
15 12 4729996389185.000000
10 13 -5651119389.715000
12 13 -200236513808.799988
13 13 11392768110.379999
15 13 3207732199.030000
16 13 -5741648720.666000
18 13 203444246007.799988
11 14 -1204283834.455000
14 14 2422669353.155000
17 14 -1218385518.700000
10 15 200236513808.799988
12 15 4729996389185.000000
13 15 3207732199.030000
15 15 19071531959840.000000
16 15 -203444246007.799988
18 15 4805769590737.000000
13 16 -5741648720.666000
15 16 -203444246007.799988
16 16 11570344874.940001
18 16 3084357883.684000
19 16 -5828696154.272000
21 16 206528603891.500000
14 17 -1218385518.700000
17 17 2449932609.360000
20 17 -1231547090.661000
13 18 203444246007.799988
15 18 4805769590737.000000
16 18 3084357883.684000
18 18 19368796058240.000000
19 18 -206528603891.500000
21 18 4878628438383.000000
16 19 -5828696154.272000
18 19 -206528603891.500000
19 19 11747921639.490000
21 19 3207732199.032000
22 19 -5919225485.222000
24 19 209736336090.600006
17 20 -1231547090.661000
20 20 2477195865.566000
23 20 -1245648774.905000
16 21 206528603891.500000
18 21 4878628438383.000000
19 21 3207732199.032000
21 21 19666060156640.000000
22 21 -209736336090.600006
24 21 4954401639935.000000
19 22 -5919225485.222000
21 22 -209736336090.600006
22 22 11928980301.389999
24 22 3207732199.030000
25 22 -6009754816.173000
27 22 212944068289.600006
20 23 -1245648774.905000
23 23 2504459121.771000
26 23 -1258810346.866000
19 24 209736336090.600006
21 24 4954401639935.000000
22 24 3207732199.030000
24 24 19969152962840.000000
25 24 -212944068289.600006
27 24 5030174841487.000000
22 25 -6009754816.173000
24 25 -212944068289.600006
25 25 12106557065.950001
27 25 3084357883.686000
28 25 -6096802249.779000
30 25 216028426173.299988
23 26 -1258810346.866000
26 26 2531722377.977000
29 26 -1272912031.110000
22 27 212944068289.600006
24 27 5030174841487.000000
25 27 3084357883.686000
27 27 20266417061240.000000
28 27 -216028426173.299988
30 27 5103033689133.000000
25 28 -6096802249.779000
27 28 -216028426173.299988
28 28 12284133830.500000
30 28 3207732198.854000
31 28 -6187331580.722000
33 28 219236158372.100006
26 29 -1272912031.110000
29 29 2558985634.182000
32 29 -1286073603.071000
25 30 216028426173.299988
27 30 5103033689133.000000
28 30 3207732198.854000
30 30 20563681159630.000000
31 30 -219236158372.100006
33 30 5178806890683.000000
28 31 -6187331580.722000
30 31 -219236158372.100006
31 31 12465192492.400000
33 31 3207732199.211000
34 31 -6277860911.680000
36 31 222443890571.299988
29 32 -1286073603.071000
32 32 2586248890.387000
35 32 -1300175287.316000
28 33 219236158372.100006
30 33 5178806890683.000000
31 33 3207732199.211000
33 33 20866773965840.000000
34 33 -222443890571.299988
36 33 5254580092237.000000
31 34 -6277860911.680000
33 34 -222443890571.299988
34 34 12646251154.309999
36 34 3207732199.031000
37 34 -6368390242.630000
39 34 225651622770.399994
32 35 -1300175287.316000
35 35 2613512146.593000
38 35 -1313336859.277000
31 36 222443890571.299988
33 36 5254580092237.000000
34 36 3207732199.031000
36 36 21169866772050.000000
37 36 -225651622770.399994
39 36 5330353293789.000000
34 37 -6368390242.630000
36 37 -225651622770.399994
37 37 12823827918.870001
39 37 3084357883.686000
40 37 -6455437676.236000
42 37 228735980654.100006
35 38 -1313336859.277000
38 38 2640775402.799000
41 38 -1327438543.521000
34 39 225651622770.399994
36 39 5330353293789.000000
37 39 3084357883.686000
39 39 21467130870450.000000
40 39 -228735980654.100006
42 39 5403212141435.000000
37 40 -6455437676.236000
39 40 -228735980654.100006
40 40 13001404683.420000
42 40 3207732199.029000
43 40 -6545967007.187000
45 40 231943712853.100006
38 41 -1327438543.521000
41 41 2668038659.004000
44 41 -1340600115.483000
37 42 228735980654.100006
39 42 5403212141435.000000
40 42 3207732199.029000
42 42 21764394968840.000000
43 42 -231943712853.100006
45 42 5478985342987.000000
40 43 -6545967007.187000
42 43 -231943712853.100006
43 43 13182463345.320000
45 43 3207732199.032000
46 43 -6636496338.137000
48 43 235151445052.100006
41 44 -1340600115.483000
44 44 2695301915.210000
47 44 -1354701799.727000
40 45 231943712853.100006
42 45 5478985342987.000000
43 45 3207732199.032000
45 45 22067487775050.000000
46 45 -235151445052.100006
48 45 5554758544539.000000
43 46 -6636496338.137000
45 46 -235151445052.100006
46 46 13360040109.879999
48 46 3084357883.683000
49 46 -6723543771.744000
51 46 238235802935.799988
44 47 -1354701799.727000
47 47 2722565171.415000
50 47 -1367863371.688000
43 48 235151445052.100006
45 48 5554758544539.000000
46 48 3084357883.683000
48 48 22364751873450.000000
49 48 -238235802935.799988
51 48 5627617392185.000000
46 49 -6723543771.744000
48 49 -238235802935.799988
49 49 13537616874.440001
51 49 3207732199.034000
52 49 -6814073102.694000
54 49 241443535134.799988
47 50 -1367863371.688000
50 50 2749828427.620000
53 50 -1381965055.932000
46 51 238235802935.799988
48 51 5627617392185.000000
49 51 3207732199.034000
51 51 22662015971840.000000
52 51 -241443535134.799988
54 51 5703390593737.000000
49 52 -6814073102.694000
51 52 -241443535134.799988
52 52 13718675536.340000
54 52 3207732199.030000
55 52 -6904602433.645000
57 52 244651267333.899994
50 53 -1381965055.932000
53 53 2777091683.826000
56 53 -1395126627.894000
49 54 241443535134.799988
51 54 5703390593737.000000
52 54 3207732199.030000
54 54 22965108778050.000000
55 54 -244651267333.899994
57 54 5779163795289.000000
52 55 -6904602433.645000
54 55 -244651267333.899994
55 55 13896252300.889999
57 55 3084357883.481000
58 55 -6991649867.242000
60 55 247735625217.399994
53 56 -1395126627.894000
56 56 2803414827.748000
59 56 -1408288199.854000
52 57 244651267333.899994
54 57 5779163795289.000000
55 57 3084357883.481000
57 57 23262372876440.000000
58 57 -247735625217.399994
60 57 5852022642932.000000
55 58 -6991649867.242000
57 58 -247735625217.399994
58 58 14073829065.440001
60 58 3207732199.235000
61 58 -7082179198.201000
63 58 250943357416.600006
56 59 -1408288199.854000
59 59 2830678083.953000
62 59 -1422389884.099000
55 60 247735625217.399994
57 60 5852022642932.000000
58 60 3207732199.235000
60 60 23559636974840.000000
61 60 -250943357416.600006
63 60 5927795844487.000000
58 61 -7082179198.201000
60 61 -250943357416.600006
61 61 14254887727.350000
63 61 3207732199.031000
64 61 -7172708529.152000
66 61 254151089615.600006
59 62 -1422389884.099000
62 62 2857941340.159000
65 62 -1435551456.060000
58 63 250943357416.600006
60 63 5927795844487.000000
61 63 3207732199.031000
63 63 23862729781050.000000
64 63 -254151089615.600006
66 63 6003569046039.000000
61 64 -7172708529.152000
63 64 -254151089615.600006
64 64 14432464491.910000
66 64 3084357883.686000
67 64 -7259755962.758000
69 64 257235447499.299988
62 65 -1435551456.060000
65 65 2885204596.365000
68 65 -1449653140.305000
61 66 254151089615.600006
63 66 6003569046039.000000
64 66 3084357883.686000
66 66 24159993879450.000000
67 66 -257235447499.299988
69 66 6076427893685.000000
64 67 -7259755962.758000
66 67 -257235447499.299988
67 67 14610041256.469999
69 67 3207732199.030000
70 67 -7350285293.708000
72 67 260443179698.299988
65 68 -1449653140.305000
68 68 2912467852.570000
71 68 -1462814712.266000
64 69 257235447499.299988
66 69 6076427893685.000000
67 69 3207732199.030000
69 69 24457257977840.000000
70 69 -260443179698.299988
72 69 6152201095237.000000
67 70 -7350285293.708000
69 70 -260443179698.299988
70 70 14791099918.370001
72 70 3207732199.031000
73 70 -7440814624.659000
75 70 263650911897.399994
68 71 -1462814712.266000
71 71 2939731108.776000
74 71 -1476916396.510000
67 72 260443179698.299988
69 72 6152201095237.000000
70 72 3207732199.031000
72 72 24760350784050.000000
73 72 -263650911897.399994
75 72 6227974296789.000000
70 73 -7440814624.659000
72 73 -263650911897.399994
73 73 14972158580.270000
75 73 3207732199.033000
76 73 -7531343955.609000
78 73 266858644096.399994
71 74 -1476916396.510000
74 74 2966994364.981000
77 74 -1490077968.471000
70 75 263650911897.399994
72 75 6227974296789.000000
73 75 3207732199.033000
75 75 25063443590260.000000
76 75 -266858644096.399994
78 75 6303747498341.000000
73 76 -7531343955.609000
75 76 -266858644096.399994
76 76 15149735344.820000
78 76 3084357883.685000
79 76 -7618391389.215000
81 76 269943001980.100006
74 77 -1490077968.471000
77 77 2994257621.187000
80 77 -1504179652.715000
73 78 266858644096.399994
75 78 6303747498341.000000
76 78 3084357883.685000
78 78 25360707688650.000000
79 78 -269943001980.100006
81 78 6376606345987.000000
76 79 -7618391389.215000
78 79 -269943001980.100006
79 79 15327312109.379999
81 79 3207732199.029000
82 79 -7708920720.166000
84 79 273150734179.100006
77 80 -1504179652.715000
80 80 3021520877.392000
83 80 -1517341224.677000
76 81 269943001980.100006
78 81 6376606345987.000000
79 81 3207732199.029000
81 81 25657971787050.000000
82 81 -273150734179.100006
84 81 6452379547539.000000
79 82 -7708920720.166000
81 82 -273150734179.100006
82 82 15508370771.280001
84 82 3207732199.031000
85 82 -7799450051.116000
87 82 276358466378.200012
80 83 -1517341224.677000
83 83 3048784133.598000
86 83 -1531442908.921000
79 84 273150734179.100006
81 84 6452379547539.000000
82 84 3207732199.031000
84 84 25961064593260.000000
85 84 -276358466378.200012
87 84 6528152749090.000000
82 85 -7799450051.116000
84 85 -276358466378.200012
85 85 15685947535.830000
87 85 3084357883.457000
88 85 -7886497484.713000
90 85 279442824261.599976
83 86 -1531442908.921000
86 86 3076047389.803000
89 86 -1544604480.882000
82 87 276358466378.200012
84 87 6528152749090.000000
85 87 3084357883.457000
87 87 26258328691650.000000
88 87 -279442824261.599976
90 87 6601011596734.000000
85 88 -7886497484.713000
87 88 -279442824261.599976
88 88 15863524300.389999
90 88 3207732199.262000
91 88 -7977026815.673000
93 88 282650556460.900024
86 89 -1544604480.882000
89 89 3103310646.008000
92 89 -1558706165.126000
85 90 279442824261.599976
87 90 6601011596734.000000
88 90 3207732199.262000
90 90 26555592790050.000000
91 90 -282650556460.900024
93 90 6676784798289.000000
88 91 -7977026815.673000
90 91 -282650556460.900024
91 91 16044582962.309999
93 91 3207732199.266000
94 91 -8067556146.633000
96 91 285858288660.099976
89 92 -1558706165.126000
92 92 3130573902.215000
95 92 -1571867737.088000
88 93 282650556460.900024
90 93 6676784798289.000000
91 93 3207732199.266000
93 93 26858685596260.000000
94 93 -285858288660.099976
96 93 6752557999843.000000
91 94 -8067556146.633000
93 94 -285858288660.099976
94 94 16222159726.860001
96 94 3084357883.447000
97 94 -8154603580.230000
99 94 288942646543.599976
92 95 -1571867737.088000
95 95 3157837158.420000
98 95 -1585969421.332000
91 96 285858288660.099976
93 96 6752557999843.000000
94 96 3084357883.447000
96 96 27155949694660.000000
97 96 -288942646543.599976
99 96 6825416847487.000000
94 97 -8154603580.230000
96 97 -288942646543.599976
97 97 16399736491.400000
99 97 3207732198.914000
100 97 -8245132911.175000
102 97 292150378742.500000
95 98 -1585969421.332000
98 98 3185100414.625000
101 98 -1599130993.293000
94 99 288942646543.599976
96 99 6825416847487.000000
97 99 3207732198.914000
99 99 27453213793050.000000
100 99 -292150378742.500000
102 99 6901190049037.000000
97 100 -8245132911.175000
99 100 -292150378742.500000
100 100 16580795153.309999
102 100 3207732199.152000
103 100 -8335662242.131000
105 100 295358110941.700012
98 101 -1599130993.293000
101 101 3212363670.830000
104 101 -1613232677.537000
97 102 292150378742.500000
99 102 6901190049037.000000
100 102 3207732199.152000
102 102 27756306599260.000000
103 102 -295358110941.700012
105 102 6976963250591.000000
100 103 -8335662242.131000
102 103 -295358110941.700012
103 103 22890104561.990002
105 103 134399044170.500000
106 103 -14554442319.860001
108 103 429757155112.200012
101 104 -1613232677.537000
104 104 3564905776.944000
107 104 -1951673099.407000
100 105 295358110941.700012
102 105 6976963250591.000000
103 105 134399044170.500000
105 105 30873499537020.000000
106 105 -429757155112.200012
108 105 8459786517920.000000
103 106 -14554442319.860001
105 106 -429757155112.200012
106 106 15710546907.280001
108 106 -350104279994.400024
109 106 -1156104587.423000
111 106 79652875117.740005
104 107 -1951673099.407000
107 107 2793906263.524000
110 107 -842233164.117000
103 108 429757155112.200012
105 108 8459786517920.000000
106 108 -350104279994.400024
108 108 24236766288130.000000
109 108 -79652875117.740005
111 108 3658596626143.000000
106 109 -1156104587.423000
108 109 -79652875117.740005
109 109 3594176683.565000
110 109 -16666550.489990
111 109 2930134444.976000
112 109 -1197123882.652000
113 109 16666550.489990
114 109 82583009562.710007
115 109 -1240948213.490000
107 110 -842233164.117000
109 110 -16666550.489990
110 110 24106175048.119999
111 110 780882213918.099976
112 110 16666550.489990
113 110 -1014617854.251000
114 110 -7479661151.823000
116 110 -22249324029.750000
117 110 788361875069.900024
106 111 79652875117.740005
108 111 3658596626143.000000
109 111 2930134444.976000
110 111 780882213918.099976
111 111 52211234228150.000000
112 111 -82583009562.710007
113 111 7479661151.823000
114 111 3824299029588.000000
116 111 -788361875069.900024
117 111 18622721458340.000000
109 112 -1197123882.652000
110 112 16666550.489990
111 112 -82583009562.710007
112 112 3188755989.180000
113 112 -70871771.094650
114 112 35325426461.500000
118 112 -1991632106.528000
119 112 54205220.604660
120 112 117908436024.199997
109 113 16666550.489990
110 113 -1014617854.251000
111 113 7479661151.823000
112 113 -70871771.094650
113 113 2417712887.422000
114 113 -3289309338.384000
118 113 54205220.604660
119 113 -1403095033.171000
120 113 -10768970490.209999
109 114 82583009562.710007
110 114 -7479661151.823000
111 114 3824299029588.000000
112 114 35325426461.500000
113 114 -3289309338.384000
114 114 17010173019460.000000
118 114 -117908436024.199997
119 114 10768970490.209999
120 114 4680787480144.000000
109 115 -1240948213.490000
115 115 1613232677.537000
121 115 -372284464.047100
110 116 -22249324029.750000
111 116 -788361875069.900024
116 116 22850055778.549999
117 116 -717409306313.599976
122 116 -600731748.803300
123 116 70952568756.289993
110 117 788361875069.900024
111 117 18622721458340.000000
116 117 -717409306313.599976
117 117 48419075791700.000000
122 117 -70952568756.289993
123 117 5586816437503.000000
112 118 -1991632106.528000
113 118 54205220.604660
114 118 -117908436024.199997
118 118 4018085718.925000
119 118 -109384707.110000
120 118 2061643040.604000
124 118 -2026453612.397000
125 118 55179486.505330
126 118 119970079064.800003
112 119 54205220.604660
113 119 -1403095033.171000
114 119 10768970490.209999
118 119 -109384707.110000
119 119 2830433410.264000
120 119 -188296731.045200
124 119 55179486.505330
125 119 -1427338377.094000
126 119 -10957267221.250000
112 120 117908436024.199997
113 120 -10768970490.209999
114 120 4680787480144.000000
118 120 2061643040.604000
119 120 -188296731.045200
120 120 18886838173230.000000
124 120 -119970079064.800003
125 120 10957267221.250000
126 120 4762631606471.000000
115 121 -372284464.047100
121 121 744568928.094200
127 121 -372284464.047100
116 122 -600731748.803300
117 122 -70952568756.289993
122 122 1201463497.607000
123 122 -0.000488
128 122 -600731748.803300
129 122 70952568756.289993
116 123 70952568756.289993
117 123 5586816437503.000000
122 123 -0.000488
123 123 22347265750010.000000
128 123 -70952568756.289993
129 123 5586816437503.000000
118 124 -2026453612.397000
119 124 55179486.505330
120 124 -119970079064.800003
124 124 4087733377.719000
125 124 -111282358.730800
126 124 2061643040.601000
130 124 -2061279765.322000
131 124 56102872.225470
132 124 122031722105.399994
118 125 55179486.505330
119 125 -1427338377.094000
120 125 10957267221.250000
124 125 -111282358.730800
125 125 2879477180.379000
126 125 -188296731.041600
130 125 56102872.225470
131 125 -1452138803.285000
132 125 -11145563952.290001
118 126 119970079064.800003
119 126 -10957267221.250000
120 126 4762631606471.000000
124 126 2061643040.601000
125 126 -188296731.041600
126 126 19214214678540.000000
130 126 -122031722105.399994
131 126 11145563952.290001
132 126 4844475732798.000000
121 127 -372284464.047100
127 127 744568928.094200
133 127 -372284464.047100
122 128 -600731748.803300
123 128 -70952568756.289993
128 128 1201463497.607000
129 128 -0.000488
134 128 -600731748.803300
135 128 70952568756.289993
122 129 70952568756.289993
123 129 5586816437503.000000
128 129 -0.000488
129 129 22347265750010.000000
134 129 -70952568756.289993
135 129 5586816437503.000000
124 130 -2061279765.322000
125 130 56102872.225470
126 130 -122031722105.399994
130 130 4157381036.512000
131 130 -113180010.351500
132 130 2061643040.571000
136 130 -2096101271.190000
137 130 57077138.126050
138 130 124093365146.000000
124 131 56102872.225470
125 131 -1452138803.285000
126 131 11145563952.290001
130 131 -113180010.351500
131 131 2928520950.494000
132 131 -188296731.033600
136 131 57077138.126050
137 131 -1476382147.208000
138 131 -11333860683.330000
124 132 122031722105.399994
125 132 -11145563952.290001
126 132 4844475732798.000000
130 132 2061643040.571000
131 132 -188296731.033600
132 132 19541591183840.000000
136 132 -124093365146.000000
137 132 11333860683.330000
138 132 4926319859124.000000
127 133 -372284464.047100
133 133 744568928.094200
139 133 -372284464.047100
128 134 -600731748.803300
129 134 -70952568756.289993
134 134 1201463497.607000
135 134 -0.000488
140 134 -600731748.803300
141 134 70952568756.289993
128 135 70952568756.289993
129 135 5586816437503.000000
134 135 -0.000488
135 135 22347265750010.000000
140 135 -70952568756.289993
141 135 5586816437503.000000
130 136 -2096101271.190000
131 136 57077138.126050
132 136 -124093365146.000000
136 136 4227028695.305000
137 136 -115077661.972300
138 136 2061643040.630000
142 136 -2130927424.116000
143 136 58000523.846260
144 136 126155008186.600006
130 137 57077138.126050
131 137 -1476382147.208000
132 137 11333860683.330000
136 137 -115077661.972300
137 137 2977564720.608000
138 137 -188296731.049400
142 137 58000523.846260
143 137 -1501182573.400000
144 137 -11522157414.379999
130 138 124093365146.000000
131 138 -11333860683.330000
132 138 4926319859124.000000
136 138 2061643040.630000
137 138 -188296731.049400
138 138 19868967689150.000000
142 138 -126155008186.600006
143 138 11522157414.379999
144 138 5008163985452.000000
133 139 -372284464.047100
139 139 1613232677.537000
145 139 -1240948213.490000
134 140 -600731748.803300
135 140 -70952568756.289993
140 140 22850055778.549999
141 140 717409306313.599976
146 140 -22249324029.750000
147 140 788361875069.900024
134 141 70952568756.289993
135 141 5586816437503.000000
140 141 717409306313.599976
141 141 48419075791700.000000
146 141 -788361875069.900024
147 141 18622721458340.000000
136 142 -2130927424.116000
137 142 58000523.846260
138 142 -126155008186.600006
142 142 4296676354.100000
143 142 -116975313.593200
144 142 2061643040.600000
148 142 -2165748929.984000
149 142 58974789.746920
150 142 128216651227.199997
136 143 58000523.846260
137 143 -1501182573.400000
138 143 11522157414.379999
142 143 -116975313.593200
143 143 3026608490.723000
144 143 -188296731.041700
148 143 58974789.746920
149 143 -1525425917.323000
150 143 -11710454145.420000
136 144 126155008186.600006
137 144 -11522157414.379999
138 144 5008163985452.000000
142 144 2061643040.600000
143 144 -188296731.041700
144 144 20196344194460.000000
148 144 -128216651227.199997
149 144 11710454145.420000
150 144 5090008111778.000000
139 145 -1240948213.490000
145 145 3594176683.565000
146 145 16666550.489990
147 145 2930134444.976000
151 145 -1156104587.423000
153 145 -79652875117.740005
154 145 -1197123882.652000
155 145 -16666550.489990
156 145 82583009562.710007
140 146 -22249324029.750000
141 146 -788361875069.900024
145 146 16666550.489990
146 146 24106175048.119999
147 146 -780882213918.099976
152 146 -842233164.117000
154 146 -16666550.489990
155 146 -1014617854.251000
156 146 7479661151.823000
140 147 788361875069.900024
141 147 18622721458340.000000
145 147 2930134444.976000
146 147 -780882213918.099976
147 147 52211234228150.000000
151 147 79652875117.740005
153 147 3658596626143.000000
154 147 -82583009562.710007
155 147 -7479661151.823000
156 147 3824299029588.000000
142 148 -2165748929.984000
143 148 58974789.746920
144 148 -128216651227.199997
148 148 4366324012.894000
149 148 -118872965.214000
150 148 2061643040.600000
157 148 -2200575082.909000
158 148 59898175.467040
159 148 130278294267.800003
142 149 58974789.746920
143 149 -1525425917.323000
144 149 11710454145.420000
148 149 -118872965.214000
149 149 3075652260.838000
150 149 -188296731.037600
157 149 59898175.467040
158 149 -1550226343.515000
159 149 -11898750876.459999
142 150 128216651227.199997
143 150 -11710454145.420000
144 150 5090008111778.000000
148 150 2061643040.600000
149 150 -188296731.037600
150 150 20523720699770.000000
157 150 -130278294267.800003
158 150 11898750876.459999
159 150 5171852238105.000000
145 151 -1156104587.423000
147 151 79652875117.740005
151 151 15710546907.280001
153 151 -350104279994.400024
160 151 -14554442319.860001
162 151 -429757155112.200012
146 152 -842233164.117000
152 152 2793906263.524000
161 152 -1951673099.407000
145 153 -79652875117.740005
147 153 3658596626143.000000
151 153 -350104279994.400024
153 153 24236766288130.000000
160 153 429757155112.200012
162 153 8459786517920.000000
145 154 -1197123882.652000
146 154 -16666550.489990
147 154 -82583009562.710007
154 154 3188755989.180000
155 154 70871771.094650
156 154 35325426461.500000
163 154 -1991632106.528000
164 154 -54205220.604660
165 154 117908436024.199997
145 155 -16666550.489990
146 155 -1014617854.251000
147 155 -7479661151.823000
154 155 70871771.094650
155 155 2417712887.422000
156 155 3289309338.384000
163 155 -54205220.604660
164 155 -1403095033.171000
165 155 10768970490.209999
145 156 82583009562.710007
146 156 7479661151.823000
147 156 3824299029588.000000
154 156 35325426461.500000
155 156 3289309338.384000
156 156 17010173019460.000000
163 156 -117908436024.199997
164 156 -10768970490.209999
165 156 4680787480144.000000
148 157 -2200575082.909000
149 157 59898175.467040
150 157 -130278294267.800003
157 157 4435971671.687000
158 157 -120770616.834800
159 157 2061643040.600000
166 157 -2235396588.778000
167 157 60872441.367710
168 157 132339937308.399994
148 158 59898175.467040
149 158 -1550226343.515000
150 158 11898750876.459999
157 158 -120770616.834800
158 158 3124696030.953000
159 158 -188296731.045500
166 158 60872441.367710
167 158 -1574469687.438000
168 158 -12087047607.500000
148 159 130278294267.800003
149 159 -11898750876.459999
150 159 5171852238105.000000
157 159 2061643040.600000
158 159 -188296731.045500
159 159 20851097205080.000000
166 159 -132339937308.399994
167 159 12087047607.500000
168 159 5253696364432.000000
151 160 -14554442319.860001
153 160 429757155112.200012
160 160 22890104561.990002
162 160 134399044170.500000
169 160 -8335662242.131000
171 160 -295358110941.700012
152 161 -1951673099.407000
161 161 3564905776.944000
170 161 -1613232677.537000
151 162 -429757155112.200012
153 162 8459786517920.000000
160 162 134399044170.500000
162 162 30873499537020.000000
169 162 295358110941.700012
171 162 6976963250591.000000
154 163 -1991632106.528000
155 163 -54205220.604660
156 163 -117908436024.199997
163 163 4018085718.925000
164 163 109384707.110000
165 163 2061643040.604000
172 163 -2026453612.397000
173 163 -55179486.505330
174 163 119970079064.800003
154 164 -54205220.604660
155 164 -1403095033.171000
156 164 -10768970490.209999
163 164 109384707.110000
164 164 2830433410.264000
165 164 188296731.045200
172 164 -55179486.505330
173 164 -1427338377.094000
174 164 10957267221.250000
154 165 117908436024.199997
155 165 10768970490.209999
156 165 4680787480144.000000
163 165 2061643040.604000
164 165 188296731.045200
165 165 18886838173230.000000
172 165 -119970079064.800003
173 165 -10957267221.250000
174 165 4762631606471.000000
157 166 -2235396588.778000
158 166 60872441.367710
159 166 -132339937308.399994
166 166 4504882698.939000
167 166 -122600989.441400
168 166 2017778295.024000
175 166 -2269486110.161000
176 166 61728548.073670
177 166 134357715603.500000
157 167 60872441.367710
158 167 -1574469687.438000
159 167 12087047607.500000
166 167 -122600989.441400
167 167 3173733656.251000
168 167 -184290417.606700
175 167 61728548.073670
176 167 -1599263968.813000
177 167 -12271338025.110001
157 168 132339937308.399994
158 168 -12087047607.500000
159 168 5253696364432.000000
166 168 2017778295.024000
167 168 -184290417.606700
168 168 21174990981600.000000
175 168 -134357715603.500000
176 168 12271338025.110001
177 168 5333799126369.000000
160 169 -8335662242.131000
162 169 295358110941.700012
169 169 16580795153.309999
171 169 3207732199.152000
178 169 -8245132911.175000
180 169 -292150378742.500000
161 170 -1613232677.537000
170 170 3212363670.830000
179 170 -1599130993.293000
160 171 -295358110941.700012
162 171 6976963250591.000000
169 171 3207732199.152000
171 171 27756306599260.000000
178 171 292150378742.500000
180 171 6901190049037.000000
163 172 -2026453612.397000
164 172 -55179486.505330
165 172 -119970079064.800003
172 172 4087733377.719000
173 172 111282358.730800
174 172 2061643040.601000
181 172 -2061279765.322000
182 172 -56102872.225470
183 172 122031722105.399994
163 173 -55179486.505330
164 173 -1427338377.094000
165 173 -10957267221.250000
172 173 111282358.730800
173 173 2879477180.379000
174 173 188296731.041600
181 173 -56102872.225470
182 173 -1452138803.285000
183 173 11145563952.290001
163 174 119970079064.800003
164 174 10957267221.250000
165 174 4762631606471.000000
172 174 2061643040.601000
173 174 188296731.041600
174 174 19214214678540.000000
181 174 -122031722105.399994
182 174 -11145563952.290001
183 174 4844475732798.000000
166 175 -2269486110.161000
167 175 61728548.073670
168 175 -134357715603.500000
175 175 3723946346.400000
176 175 -67859868.535060
177 175 -34110580654.160000
184 175 -1454460236.239000
185 175 6131320.461396
186 175 100247134949.300003
166 176 61728548.073670
167 176 -1599263968.813000
168 176 12271338025.110001
175 176 -67859868.535060
176 176 2986583560.266000
177 176 3191811802.542000
184 176 6131320.461396
185 176 -1387319591.453000
186 176 -9079526222.566999
166 177 134357715603.500000
167 177 -12271338025.110001
168 177 5333799126369.000000
175 177 -34110580654.160000
176 177 3191811802.542000
177 177 19952196209040.000000
184 177 -100247134949.300003
185 177 9079526222.566999
186 177 4642298978150.000000
169 178 -8245132911.175000
171 178 292150378742.500000
178 178 16399736491.400000
180 178 3207732198.914000
187 178 -8154603580.230000
189 178 -288942646543.599976
170 179 -1599130993.293000
179 179 3185100414.625000
188 179 -1585969421.332000
169 180 -292150378742.500000
171 180 6901190049037.000000
178 180 3207732198.914000
180 180 27453213793050.000000
187 180 288942646543.599976
189 180 6825416847487.000000
172 181 -2061279765.322000
173 181 -56102872.225470
174 181 -122031722105.399994
181 181 4157381036.512000
182 181 113180010.351500
183 181 2061643040.571000
190 181 -2096101271.190000
191 181 -57077138.126050
192 181 124093365146.000000
172 182 -56102872.225470
173 182 -1452138803.285000
174 182 -11145563952.290001
181 182 113180010.351500
182 182 2928520950.494000
183 182 188296731.033600
190 182 -57077138.126050
191 182 -1476382147.208000
192 182 11333860683.330000
172 183 122031722105.399994
173 183 11145563952.290001
174 183 4844475732798.000000
181 183 2061643040.571000
182 183 188296731.033600
183 183 19541591183840.000000
190 183 -124093365146.000000
191 183 -11333860683.330000
192 183 4926319859124.000000
175 184 -1454460236.239000
176 184 6131320.461396
177 184 -100247134949.300003
184 184 4609907881.160000
185 184 -31405032.548080
186 184 31773771716.730000
193 184 -1914499431.430000
194 184 25273712.086680
195 184 132020906666.000000
196 184 -1240948213.490000
175 185 6131320.461396
176 185 -1387319591.453000
177 185 9079526222.566999
184 185 -31405032.548080
185 185 25174807172.680000
186 185 788614860675.400024
193 185 25273712.086680
194 185 -1538163551.476000
195 185 -8826540617.100000
197 185 -22249324029.750000
198 185 788361875069.900024
175 186 100247134949.300003
176 186 -9079526222.566999
177 186 4642298978150.000000
184 186 31773771716.730000
185 186 788614860675.400024
186 186 58712155934290.000000
193 186 -132020906666.000000
194 186 8826540617.100000
195 186 6091057530650.000000
197 186 -788361875069.900024
198 186 18622721458340.000000
178 187 -8154603580.230000
180 187 288942646543.599976
187 187 16222159726.860001
189 187 3084357883.447000
199 187 -8067556146.633000
201 187 -285858288660.099976
179 188 -1585969421.332000
188 188 3157837158.420000
200 188 -1571867737.088000
178 189 -288942646543.599976
180 189 6825416847487.000000
187 189 3084357883.447000
189 189 27155949694660.000000
199 189 285858288660.099976
201 189 6752557999843.000000
181 190 -2096101271.190000
182 190 -57077138.126050
183 190 -124093365146.000000
190 190 4227028695.305000
191 190 115077661.972300
192 190 2061643040.630000
202 190 -2130927424.116000
203 190 -58000523.846260
204 190 126155008186.600006
181 191 -57077138.126050
182 191 -1476382147.208000
183 191 -11333860683.330000
190 191 115077661.972300
191 191 2977564720.608000
192 191 188296731.049400
202 191 -58000523.846260
203 191 -1501182573.400000
204 191 11522157414.379999
181 192 124093365146.000000
182 192 11333860683.330000
183 192 4926319859124.000000
190 192 2061643040.630000
191 192 188296731.049400
192 192 19868967689150.000000
202 192 -126155008186.600006
203 192 -11522157414.379999
204 192 5008163985452.000000
184 193 -1914499431.430000
185 193 25273712.086680
186 193 -132020906666.000000
193 193 5515299691.113000
194 193 -230553992.946700
195 193 81731998373.410004
205 193 -3600800259.683000
206 193 205280280.860000
207 193 213752905039.399994
184 194 25273712.086680
185 194 -1538163551.476000
186 194 8826540617.100000
193 194 -230553992.946700
194 194 2910118427.490000
195 194 -10696224709.830000
205 194 205280280.860000
206 194 -1371954876.015000
207 194 -19522765326.930000
184 195 132020906666.000000
185 195 -8826540617.100000
186 195 6091057530650.000000
193 195 81731998373.410004
194 195 -10696224709.830000
195 195 29153452405600.000000
205 195 -213752905039.399994
206 195 19522765326.930000
207 195 8485668672150.000000
184 196 -1240948213.490000
196 196 2304618110.768000
208 196 -1063669897.277000
185 197 -22249324029.750000
186 197 -788361875069.900024
197 197 36260560153.440002
198 197 -209157232161.399994
209 197 -14011236123.690001
210 197 579204642908.500000
185 198 788361875069.900024
186 198 18622721458340.000000
197 198 -209157232161.399994
198 198 69170108273850.000000
209 198 -579204642908.500000
210 198 15962332678580.000000
187 199 -8067556146.633000
189 199 285858288660.099976
199 199 16044582962.309999
201 199 3207732199.266000
211 199 -7977026815.673000
213 199 -282650556460.900024
188 200 -1571867737.088000
200 200 3130573902.215000
212 200 -1558706165.126000
187 201 -285858288660.099976
189 201 6752557999843.000000
199 201 3207732199.266000
201 201 26858685596260.000000
211 201 282650556460.900024
213 201 6676784798289.000000
190 202 -2130927424.116000
191 202 -58000523.846260
192 202 -126155008186.600006
202 202 4296676354.100000
203 202 116975313.593200
204 202 2061643040.600000
214 202 -2165748929.984000
215 202 -58974789.746920
216 202 128216651227.199997
190 203 -58000523.846260
191 203 -1501182573.400000
192 203 -11522157414.379999
202 203 116975313.593200
203 203 3026608490.723000
204 203 188296731.041700
214 203 -58974789.746920
215 203 -1525425917.323000
216 203 11710454145.420000
190 204 126155008186.600006
191 204 11522157414.379999
192 204 5008163985452.000000
202 204 2061643040.600000
203 204 188296731.041700
204 204 20196344194460.000000
214 204 -128216651227.199997
215 204 -11710454145.420000
216 204 5090008111778.000000
193 205 -3600800259.683000
194 205 205280280.860000
195 205 -213752905039.399994
205 205 7867877903.079000
206 205 -467412136.388500
207 205 39653729972.430000
217 205 -4267077643.396000
218 205 262131855.528500
219 205 253406635011.899994
193 206 205280280.860000
194 206 -1371954876.015000
195 206 19522765326.930000
205 206 -467412136.388500
206 206 2792917083.192000
207 206 -3621707337.480000
217 206 262131855.528500
218 206 -1420962207.177000
219 206 -23144472664.410000
193 207 213752905039.399994
194 207 -19522765326.930000
195 207 8485668672150.000000
205 207 39653729972.430000
206 207 -3621707337.480000
207 207 37091061505600.000000
217 207 -253406635011.899994
218 207 23144472664.410000
219 207 10059862080650.000000
196 208 -1063669897.277000
208 208 13705789125720.000000
210 208 -269770731719600.000000
220 208 -13704353171350.000000
222 208 -269770731719600.000000
223 208 -372284464.047100
197 209 -14011236123.690001
198 209 -579204642908.500000
209 209 128814910967.100006
210 209 -508252074152.200012
221 209 -114202943094.600006
224 209 -600731748.803300
225 209 70952568756.289993
197 210 579204642908.500000
198 210 15962332678580.000000
208 210 -269770731719600.000000
209 210 -508252074152.200012
210 210 7123694931293000.000000
220 210 269770731719600.000000
222 210 3540298316530000.000000
224 210 -70952568756.289993
225 210 5586816437503.000000
199 211 -7977026815.673000
201 211 282650556460.900024
211 211 15863524300.389999
213 211 3207732199.262000
226 211 -7886497484.713000
228 211 -279442824261.599976
200 212 -1558706165.126000
212 212 3103310646.008000
227 212 -1544604480.882000
199 213 -282650556460.900024
201 213 6676784798289.000000
211 213 3207732199.262000
213 213 26555592790050.000000
226 213 279442824261.599976
228 213 6601011596734.000000
202 214 -2165748929.984000
203 214 -58974789.746920
204 214 -128216651227.199997
214 214 4366324012.894000
215 214 118872965.214000
216 214 2061643040.600000
229 214 -2200575082.909000
230 214 -59898175.467040
231 214 130278294267.800003
202 215 -58974789.746920
203 215 -1525425917.323000
204 215 -11710454145.420000
214 215 118872965.214000
215 215 3075652260.838000
216 215 188296731.037600
229 215 -59898175.467040
230 215 -1550226343.515000
231 215 11898750876.459999
202 216 128216651227.199997
203 216 11710454145.420000
204 216 5090008111778.000000
214 216 2061643040.600000
215 216 188296731.037600
216 216 20523720699770.000000
229 216 -130278294267.800003
230 216 -11898750876.459999
231 216 5171852238105.000000
205 217 -4267077643.396000
206 217 262131855.528500
207 217 -253406635011.899994
217 217 9246821869.379999
218 217 -585557384.336100
219 217 42417208941.739998
232 217 -4979744225.984000
233 217 323425528.807600
234 217 295823843953.599976
205 218 262131855.528500
206 218 -1420962207.177000
207 218 23144472664.410000
217 218 -585557384.336100
218 218 2889090539.890000
219 218 -3874105083.344000
232 218 323425528.807600
233 218 -1468128332.713000
234 218 -27018577747.750000
205 219 253406635011.899994
206 219 -23144472664.410000
207 219 10059862080650.000000
217 219 42417208941.739998
218 219 -3874105083.344000
219 219 43607247052740.000000
232 219 -295823843953.599976
233 219 27018577747.750000
234 219 11743761445720.000000
208 220 -13704353171350.000000
210 220 269770731719600.000000
220 220 13704353171350.000000
222 220 269770731719600.000000
209 221 -114202943094.600006
221 221 114202943094.600006
208 222 -269770731719600.000000
210 222 3540298316530000.000000
220 222 269770731719600.000000
222 222 7080596633061000.000000
208 223 -372284464.047100
223 223 13705097740280.000000
225 223 -269770731719600.000000
235 223 -13704353171350.000000
237 223 -269770731719600.000000
238 223 -372284464.047100
209 224 -600731748.803300
210 224 -70952568756.289993
224 224 115404406592.199997
225 224 -0.000488
236 224 -114202943094.600006
239 224 -600731748.803300
240 224 70952568756.289993
209 225 70952568756.289993
210 225 5586816437503.000000
223 225 -269770731719600.000000
224 225 -0.000488
225 225 7102943898811000.000000
235 225 269770731719600.000000
237 225 3540298316530000.000000
239 225 -70952568756.289993
240 225 5586816437503.000000
211 226 -7886497484.713000
213 226 279442824261.599976
226 226 15685947535.830000
228 226 3084357883.457000
241 226 -7799450051.116000
243 226 -276358466378.200012
212 227 -1544604480.882000
227 227 3076047389.803000
242 227 -1531442908.921000
211 228 -279442824261.599976
213 228 6601011596734.000000
226 228 3084357883.457000
228 228 26258328691650.000000
241 228 276358466378.200012
243 228 6528152749090.000000
214 229 -2200575082.909000
215 229 -59898175.467040
216 229 -130278294267.800003
229 229 4435971671.687000
230 229 120770616.834800
231 229 2061643040.600000
244 229 -2235396588.778000
245 229 -60872441.367710
246 229 132339937308.399994
214 230 -59898175.467040
215 230 -1550226343.515000
216 230 -11898750876.459999
229 230 120770616.834800
230 230 3124696030.953000
231 230 188296731.045500
244 230 -60872441.367710
245 230 -1574469687.438000
246 230 12087047607.500000
214 231 130278294267.800003
215 231 11898750876.459999
216 231 5171852238105.000000
229 231 2061643040.600000
230 231 188296731.045500
231 231 20851097205080.000000
244 231 -132339937308.399994
245 231 -12087047607.500000
246 231 5253696364432.000000
217 232 -4979744225.984000
218 232 323425528.807600
219 232 -295823843953.599976
232 232 10716325044.690001
233 232 -712486752.823300
234 232 45049093674.379997
247 232 -5736580818.707000
248 232 389061224.015700
249 232 340872937628.000000
217 233 323425528.807600
218 233 -1468128332.713000
219 233 27018577747.750000
232 233 -712486752.823300
233 233 2980448986.348000
234 233 -4114483888.924000
247 233 389061224.015700
248 233 -1512320653.635000
249 233 -31133061636.680000
217 234 295823843953.599976
218 234 -27018577747.750000
219 234 11743761445720.000000
232 234 45049093674.379997
233 234 -4114483888.924000
234 234 50551808239790.000000
247 234 -340872937628.000000
248 234 31133061636.680000
249 234 13532142674180.000000
223 235 -13704353171350.000000
225 235 269770731719600.000000
235 235 13704353171350.000000
237 235 269770731719600.000000
224 236 -114202943094.600006
236 236 114202943094.600006
223 237 -269770731719600.000000
225 237 3540298316530000.000000
235 237 269770731719600.000000
237 237 7080596633061000.000000
223 238 -372284464.047100
238 238 2605991248.330000
250 238 -2233706784.283000
224 239 -600731748.803300
225 239 -70952568756.289993
239 239 130358789490.300003
240 239 2483339906470.000000
251 239 -129758057741.500000
252 239 2554292475227.000000
