2870 2870 23754
1 1 1.000000
2 2 1.000000
3 3 1.000000
4 4 1.000000
5 5 1.000000
6 6 1.000000
7 7 1.000000
8 8 1.000000
9 9 1.000000
10 10 1.000000
11 11 1.000000
12 12 1.000000
13 13 1.000000
14 14 1.000000
15 15 1.000000
16 16 1.000000
17 17 1.000000
18 18 1.000000
19 19 1.000000
20 20 1.000000
21 21 1.000000
22 22 1.000000
23 23 1.000000
24 24 1.000000
25 25 1.000000
26 26 1.000000
27 27 1.000000
28 28 1.000000
29 29 1.000000
30 30 1.000000
31 31 1.000000
32 32 1.000000
33 33 1.000000
34 34 1.000000
35 35 1.000000
36 36 1.000000
37 37 1.000000
38 38 1.000000
39 39 1.000000
40 40 1.000000
41 41 1.000000
42 42 1.000000
43 43 0.060450
44 43 -0.020197
84 43 0.006006
85 43 -0.005307
43 44 -0.019708
44 44 0.088292
45 44 -0.019036
84 44 -0.005396
85 44 0.010462
86 44 -0.005082
44 45 -0.018225
45 45 0.085528
46 45 -0.018048
85 45 -0.005172
86 45 0.009987
87 45 -0.004832
45 46 -0.016922
46 46 0.083223
47 46 -0.017096
86 46 -0.004921
87 46 0.009497
88 46 -0.004594
46 47 -0.015663
47 47 0.081286
48 47 -0.016173
87 47 -0.004683
88 47 0.009032
89 47 -0.004368
47 48 -0.014447
48 48 0.079596
49 48 -0.015273
88 48 -0.004457
89 48 0.008590
90 48 -0.004153
48 49 -0.013271
49 49 0.078118
50 49 -0.014391
89 49 -0.004241
90 49 0.008169
91 49 -0.003949
49 50 -0.012133
50 50 0.076847
51 50 -0.013519
90 50 -0.004037
91 50 0.007769
92 50 -0.003755
50 51 -0.011033
51 51 0.075782
52 51 -0.012650
91 51 -0.003842
92 51 0.007388
93 51 -0.003570
51 52 -0.009969
52 52 0.074920
53 52 -0.011776
92 52 -0.003658
93 52 0.007026
94 52 -0.003394
52 53 -0.008942
53 53 0.074262
54 53 -0.010891
93 53 -0.003482
94 53 0.006682
95 53 -0.003227
53 54 -0.007952
54 54 0.073810
55 54 -0.009985
94 54 -0.003315
95 54 0.006355
96 54 -0.003068
54 55 -0.007001
55 55 0.073566
56 55 -0.009050
95 55 -0.003157
96 55 0.006044
97 55 -0.002917
55 56 -0.006090
56 56 0.073746
57 56 -0.008075
96 56 -0.003007
97 56 0.005748
98 56 -0.002774
56 57 -0.005223
57 57 0.074216
58 57 -0.007050
97 57 -0.002864
98 57 0.005468
99 57 -0.002637
57 58 -0.004404
58 58 0.074899
59 58 -0.005965
98 58 -0.002729
99 58 0.005201
100 58 -0.002508
58 59 -0.003640
59 59 0.075807
60 59 -0.004808
99 59 -0.002601
100 59 0.004947
101 59 -0.002385
59 60 -0.002940
60 60 0.076992
61 60 -0.003565
100 60 -0.002480
101 60 0.004706
102 60 -0.002268
60 61 -0.002312
61 61 0.078904
62 61 -0.002224
101 61 -0.002365
102 61 0.004478
103 61 -0.002156
61 62 -0.001772
62 62 0.080345
63 62 -0.001820
102 62 -0.002256
103 62 0.004393
104 62 -0.002182
62 63 -0.002281
63 63 0.080476
64 63 -0.002477
103 63 -0.002285
104 63 0.004589
105 63 -0.002348
63 64 -0.003780
64 64 0.080069
65 64 -0.003246
104 64 -0.002454
105 64 0.004937
106 64 -0.002524
64 65 -0.005233
65 65 0.080370
66 65 -0.004117
105 65 -0.002632
106 65 0.005304
107 65 -0.002711
65 66 -0.006645
66 66 0.080854
67 66 -0.005084
106 66 -0.002821
107 66 0.005693
108 66 -0.002909
66 67 -0.008021
67 67 0.081523
68 67 -0.006139
107 67 -0.003020
108 67 0.006103
109 67 -0.003118
67 68 -0.009368
68 68 0.082379
69 68 -0.007277
108 68 -0.003231
109 68 0.006537
110 68 -0.003340
68 69 -0.010691
69 69 0.083672
70 69 -0.008495
109 69 -0.003453
110 69 0.006995
111 69 -0.003573
69 70 -0.011998
70 70 0.085294
71 70 -0.009788
110 70 -0.003688
111 70 0.007478
112 70 -0.003821
70 71 -0.013297
71 71 0.087145
72 71 -0.011156
111 71 -0.003935
112 71 0.007988
113 71 -0.004081
71 72 -0.014594
72 72 0.089231
73 72 -0.012596
112 72 -0.004196
113 72 0.008526
114 72 -0.004357
72 73 -0.015897
73 73 0.091560
74 73 -0.014109
113 73 -0.004472
114 73 0.009093
115 73 -0.004647
73 74 -0.017215
74 74 0.094139
75 74 -0.015695
114 74 -0.004762
115 74 0.009691
116 74 -0.004953
74 75 -0.018555
75 75 0.096980
76 75 -0.017356
115 75 -0.005068
116 75 0.010321
117 75 -0.005276
75 76 -0.019925
76 76 0.100094
77 76 -0.019092
116 76 -0.005391
117 76 0.010986
118 76 -0.005617
76 77 -0.021334
77 77 0.103708
78 77 -0.020907
117 77 -0.005731
118 77 0.011686
119 77 -0.005976
77 78 -0.022790
78 78 0.107649
79 78 -0.022803
118 78 -0.006089
119 78 0.012423
120 78 -0.006353
78 79 -0.024299
79 79 0.111898
80 79 -0.024783
119 79 -0.006466
120 79 0.013199
121 79 -0.006751
79 80 -0.025872
80 80 0.116634
81 80 -0.026934
120 80 -0.006864
121 80 0.013931
122 80 -0.007085
80 81 -0.027597
81 81 0.079496
121 81 -0.007195
122 81 0.008035
82 82 1.000000
83 83 1.000000
43 84 0.006006
44 84 -0.005396
84 84 0.039955
85 84 -0.020292
125 84 0.005387
126 84 -0.004734
43 85 -0.005307
44 85 0.010462
45 85 -0.005172
84 85 -0.020292
85 85 0.069891
86 85 -0.019627
125 85 -0.004859
126 85 0.009464
127 85 -0.004621
44 86 -0.005082
45 86 0.009987
46 86 -0.004921
85 86 -0.019627
86 86 0.066978
87 86 -0.018626
126 86 -0.004750
127 86 0.009103
128 86 -0.004372
45 87 -0.004832
46 87 0.009497
47 87 -0.004683
86 87 -0.018626
87 87 0.063563
88 87 -0.017674
127 87 -0.004501
128 87 0.008616
129 87 -0.004136
46 88 -0.004594
47 88 0.009032
48 88 -0.004457
87 88 -0.017674
88 88 0.060318
89 88 -0.016769
128 88 -0.004264
129 88 0.008154
130 88 -0.003912
47 89 -0.004368
48 89 0.008590
49 89 -0.004241
88 89 -0.016769
89 89 0.057236
90 89 -0.015910
129 89 -0.004040
130 89 0.007716
131 89 -0.003699
48 90 -0.004153
49 90 0.008169
50 90 -0.004037
89 90 -0.015910
90 90 0.054308
91 90 -0.015094
130 90 -0.003827
131 90 0.007300
132 90 -0.003497
49 91 -0.003949
50 91 0.007769
51 91 -0.003842
90 91 -0.015094
91 91 0.051528
92 91 -0.014319
131 91 -0.003625
132 91 0.006905
133 91 -0.003306
50 92 -0.003755
51 92 0.007388
52 92 -0.003658
91 92 -0.014319
92 92 0.048889
93 92 -0.013583
132 92 -0.003434
133 92 0.006531
134 92 -0.003124
51 93 -0.003570
52 93 0.007026
53 93 -0.003482
92 93 -0.013583
93 93 0.046384
94 93 -0.012884
133 93 -0.003252
134 93 0.006176
135 93 -0.002952
52 94 -0.003394
53 94 0.006682
54 94 -0.003315
93 94 -0.012884
94 94 0.044006
95 94 -0.012221
134 94 -0.003081
135 94 0.005839
136 94 -0.002789
53 95 -0.003227
54 95 0.006355
55 95 -0.003157
94 95 -0.012221
95 95 0.041750
96 95 -0.011592
135 95 -0.002918
136 95 0.005520
137 95 -0.002635
54 96 -0.003068
55 96 0.006044
56 96 -0.003007
95 96 -0.011592
96 96 0.039610
97 96 -0.010995
136 96 -0.002765
137 96 0.005218
138 96 -0.002489
55 97 -0.002917
56 97 0.005748
57 97 -0.002864
96 97 -0.010995
97 97 0.037581
98 97 -0.010429
137 97 -0.002619
138 97 0.004932
139 97 -0.002350
56 98 -0.002774
57 98 0.005468
58 98 -0.002729
97 98 -0.010429
98 98 0.035658
99 98 -0.009892
138 98 -0.002482
139 98 0.004661
140 98 -0.002219
57 99 -0.002637
58 99 0.005201
59 99 -0.002601
98 99 -0.009892
99 99 0.033835
100 99 -0.009383
139 99 -0.002352
140 99 0.004404
141 99 -0.002095
58 100 -0.002508
59 100 0.004947
60 100 -0.002480
99 100 -0.009383
100 100 0.032109
101 100 -0.008900
140 100 -0.002230
141 100 0.004161
142 100 -0.001978
59 101 -0.002385
60 101 0.004706
61 101 -0.002365
100 101 -0.008900
101 101 0.030474
102 101 -0.008444
141 101 -0.002115
142 101 0.003932
143 101 -0.001867
60 102 -0.002268
61 102 0.004478
62 102 -0.002256
101 102 -0.008444
102 102 0.028927
103 102 -0.008011
142 102 -0.002006
143 102 0.003714
144 102 -0.001761
61 103 -0.002156
62 103 0.004393
63 103 -0.002285
102 103 -0.008011
103 103 0.028345
104 103 -0.008108
143 103 -0.001904
144 103 0.003630
145 103 -0.001781
62 104 -0.002182
63 104 0.004589
64 104 -0.002454
103 104 -0.008108
104 104 0.029630
105 104 -0.008748
144 104 -0.001927
145 104 0.003803
146 104 -0.001930
63 105 -0.002348
64 105 0.004937
65 105 -0.002632
104 105 -0.008748
105 105 0.031930
106 105 -0.009427
145 105 -0.002079
146 105 0.004116
147 105 -0.002088
64 106 -0.002524
65 106 0.005304
66 106 -0.002821
105 106 -0.009427
106 106 0.034370
107 106 -0.010147
146 106 -0.002240
147 106 0.004449
148 106 -0.002257
65 107 -0.002711
66 107 0.005693
67 107 -0.003020
106 107 -0.010147
107 107 0.036958
108 107 -0.010910
147 107 -0.002411
148 107 0.004802
149 107 -0.002436
66 108 -0.002909
67 108 0.006103
68 108 -0.003231
107 108 -0.010910
108 108 0.039700
109 108 -0.011718
148 108 -0.002593
149 108 0.005177
150 108 -0.002627
67 109 -0.003118
68 109 0.006537
69 109 -0.003453
108 109 -0.011718
109 109 0.042605
110 109 -0.012573
149 109 -0.002785
150 109 0.005575
151 109 -0.002830
68 110 -0.003340
69 110 0.006995
70 110 -0.003688
109 110 -0.012573
110 110 0.045680
111 110 -0.013479
150 110 -0.002989
151 110 0.005997
152 110 -0.003046
69 111 -0.003573
70 111 0.007478
71 111 -0.003935
110 111 -0.013479
111 111 0.048933
112 111 -0.014436
151 111 -0.003206
152 111 0.006445
153 111 -0.003275
70 112 -0.003821
71 112 0.007988
72 112 -0.004196
111 112 -0.014436
112 112 0.052374
113 112 -0.015449
152 112 -0.003435
153 112 0.006919
154 112 -0.003517
71 113 -0.004081
72 113 0.008526
73 113 -0.004472
112 113 -0.015449
113 113 0.056013
114 113 -0.016519
153 113 -0.003678
154 113 0.007420
155 113 -0.003774
72 114 -0.004357
73 114 0.009093
74 114 -0.004762
113 114 -0.016519
114 114 0.059857
115 114 -0.017649
154 114 -0.003936
155 114 0.007952
156 114 -0.004046
73 115 -0.004647
74 115 0.009691
75 115 -0.005068
114 115 -0.017649
115 115 0.063919
116 115 -0.018843
155 115 -0.004208
156 115 0.008514
157 115 -0.004334
74 116 -0.004953
75 116 0.010321
76 116 -0.005391
115 116 -0.018843
116 116 0.068208
117 116 -0.020103
156 116 -0.004496
157 116 0.009109
158 116 -0.004639
75 117 -0.005276
76 117 0.010986
77 117 -0.005731
116 117 -0.020103
117 117 0.072736
118 117 -0.021433
157 117 -0.004801
158 117 0.009738
159 117 -0.004962
76 118 -0.005617
77 118 0.011686
78 118 -0.006089
117 118 -0.021433
118 118 0.077514
119 118 -0.022836
158 118 -0.005123
159 118 0.010402
160 118 -0.005303
77 119 -0.005976
78 119 0.012423
79 119 -0.006466
118 119 -0.022836
119 119 0.082556
120 119 -0.024317
159 119 -0.005464
160 119 0.011104
161 119 -0.005663
78 120 -0.006353
79 120 0.013199
80 120 -0.006864
119 120 -0.024317
120 120 0.087873
121 120 -0.025878
160 120 -0.005824
161 120 0.011846
162 120 -0.006044
79 121 -0.006751
80 121 0.013931
81 121 -0.007195
120 121 -0.025878
121 121 0.092295
122 121 -0.026842
161 121 -0.006204
162 121 0.012384
163 121 -0.006202
80 122 -0.007085
81 122 0.008035
121 122 -0.026842
122 122 0.052962
162 122 -0.006356
163 122 0.007068
123 123 1.000000
124 124 1.000000
84 125 0.005387
85 125 -0.004859
125 125 0.035808
126 125 -0.018166
166 125 0.004821
167 125 -0.004217
84 126 -0.004734
85 126 0.009464
86 126 -0.004750
125 126 -0.018166
126 126 0.063157
127 126 -0.017903
166 126 -0.004363
167 126 0.008537
168 126 -0.004190
85 127 -0.004621
86 127 0.009103
87 127 -0.004501
126 127 -0.017903
127 127 0.060969
128 127 -0.016912
167 127 -0.004344
168 127 0.008268
169 127 -0.003946
86 128 -0.004372
87 128 0.008616
88 128 -0.004264
127 128 -0.016912
128 128 0.057597
129 128 -0.015974
168 128 -0.004099
169 128 0.007791
170 128 -0.003715
87 129 -0.004136
88 129 0.008154
89 129 -0.004040
128 129 -0.015974
129 129 0.054401
130 129 -0.015084
169 129 -0.003867
170 129 0.007339
171 129 -0.003496
88 130 -0.003912
89 130 0.007716
90 130 -0.003827
129 130 -0.015084
130 130 0.051374
131 130 -0.014241
170 130 -0.003649
171 130 0.006912
172 130 -0.003289
89 131 -0.003699
90 131 0.007300
91 131 -0.003625
130 131 -0.014241
131 131 0.048507
132 131 -0.013443
171 131 -0.003442
172 131 0.006508
173 131 -0.003094
90 132 -0.003497
91 132 0.006905
92 132 -0.003434
131 132 -0.013443
132 132 0.045793
133 132 -0.012687
172 132 -0.003246
173 132 0.006126
174 132 -0.002909
91 133 -0.003306
92 133 0.006531
93 133 -0.003252
132 133 -0.012687
133 133 0.043225
134 133 -0.011972
173 133 -0.003062
174 133 0.005764
175 133 -0.002734
92 134 -0.003124
93 134 0.006176
94 134 -0.003081
133 134 -0.011972
134 134 0.040795
135 134 -0.011295
174 134 -0.002887
175 134 0.005423
176 134 -0.002569
93 135 -0.002952
94 135 0.005839
95 135 -0.002918
134 135 -0.011295
135 135 0.038498
136 135 -0.010655
175 135 -0.002723
176 135 0.005101
177 135 -0.002414
94 136 -0.002789
95 136 0.005520
96 136 -0.002765
135 136 -0.010655
136 136 0.036326
137 136 -0.010050
176 136 -0.002568
177 136 0.004796
178 136 -0.002267
95 137 -0.002635
96 137 0.005218
97 137 -0.002619
136 137 -0.010050
137 137 0.034274
138 137 -0.009479
177 137 -0.002422
178 137 0.004509
179 137 -0.002129
96 138 -0.002489
97 138 0.004932
98 138 -0.002482
137 138 -0.009479
138 138 0.032336
139 138 -0.008939
178 138 -0.002285
179 138 0.004238
180 138 -0.001998
97 139 -0.002350
98 139 0.004661
99 139 -0.002352
138 139 -0.008939
139 139 0.030507
140 139 -0.008429
179 139 -0.002155
180 139 0.003982
181 139 -0.001875
98 140 -0.002219
99 140 0.004404
100 140 -0.002230
139 140 -0.008429
140 140 0.028781
141 140 -0.007947
180 140 -0.002034
181 140 0.003741
182 140 -0.001759
99 141 -0.002095
100 141 0.004161
101 141 -0.002115
140 141 -0.007947
141 141 0.027154
142 141 -0.007493
181 141 -0.001920
182 141 0.003514
183 141 -0.001650
100 142 -0.001978
101 142 0.003932
102 142 -0.002006
141 142 -0.007493
142 142 0.025620
143 142 -0.007065
182 142 -0.001813
183 142 0.003300
184 142 -0.001547
101 143 -0.001867
102 143 0.003714
103 143 -0.001904
142 143 -0.007065
143 143 0.024176
144 143 -0.006661
183 143 -0.001713
184 143 0.003098
185 143 -0.001450
102 144 -0.001761
103 144 0.003630
104 144 -0.001927
143 144 -0.006661
144 144 0.023611
145 144 -0.006738
184 144 -0.001619
185 144 0.003017
186 144 -0.001465
103 145 -0.001781
104 145 0.003803
105 145 -0.002079
144 145 -0.006738
145 145 0.024738
146 145 -0.007307
185 145 -0.001638
186 145 0.003168
187 145 -0.001595
104 146 -0.001930
105 146 0.004116
106 146 -0.002240
145 146 -0.007307
146 146 0.026787
147 146 -0.007915
186 146 -0.001772
187 146 0.003446
188 146 -0.001735
105 147 -0.002088
106 147 0.004449
107 147 -0.002411
146 147 -0.007915
147 147 0.028972
148 147 -0.008562
187 147 -0.001915
188 147 0.003743
189 147 -0.001885
106 148 -0.002257
107 148 0.004802
108 148 -0.002593
147 148 -0.008562
148 148 0.031301
149 148 -0.009251
188 148 -0.002068
189 148 0.004059
190 148 -0.002046
107 149 -0.002436
108 149 0.005177
109 149 -0.002785
148 149 -0.009251
149 149 0.033781
150 149 -0.009984
189 149 -0.002230
190 149 0.004397
191 149 -0.002217
108 150 -0.002627
109 150 0.005575
110 150 -0.002989
149 150 -0.009984
150 150 0.036420
151 150 -0.010763
190 150 -0.002404
191 150 0.004757
192 150 -0.002401
109 151 -0.002830
110 151 0.005997
111 151 -0.003206
150 151 -0.010763
151 151 0.039227
152 151 -0.011592
191 151 -0.002588
192 151 0.005140
193 151 -0.002596
110 152 -0.003046
111 152 0.006445
112 152 -0.003435
151 152 -0.011592
152 152 0.042211
153 152 -0.012473
192 152 -0.002785
193 152 0.005547
194 152 -0.002804
111 153 -0.003275
112 153 0.006919
113 153 -0.003678
152 153 -0.012473
153 153 0.045381
154 153 -0.013407
193 153 -0.002994
194 153 0.005981
195 153 -0.003026
112 154 -0.003517
113 154 0.007420
114 154 -0.003936
153 154 -0.013407
154 154 0.048746
155 154 -0.014400
194 154 -0.003217
195 154 0.006442
196 154 -0.003263
113 155 -0.003774
114 155 0.007952
115 155 -0.004208
154 155 -0.014400
155 155 0.052317
156 155 -0.015452
195 155 -0.003454
196 155 0.006933
197 155 -0.003514
114 156 -0.004046
115 156 0.008514
116 156 -0.004496
155 156 -0.015452
156 156 0.056104
157 156 -0.016567
196 156 -0.003705
197 156 0.007454
198 156 -0.003781
115 157 -0.004334
116 157 0.009109
117 157 -0.004801
156 157 -0.016567
157 157 0.060119
158 157 -0.017749
197 157 -0.003972
198 157 0.008007
199 157 -0.004065
116 158 -0.004639
117 158 0.009738
118 158 -0.005123
157 158 -0.017749
158 158 0.064373
159 158 -0.019002
198 158 -0.004256
199 158 0.008594
200 158 -0.004366
117 159 -0.004962
118 159 0.010402
119 159 -0.005464
158 159 -0.019002
159 159 0.068878
160 159 -0.020327
199 159 -0.004557
200 159 0.009216
201 159 -0.004686
118 160 -0.005303
119 160 0.011104
120 160 -0.005824
159 160 -0.020327
160 160 0.073648
161 160 -0.021730
200 160 -0.004877
201 160 0.009877
202 160 -0.005025
119 161 -0.005663
120 161 0.011846
121 161 -0.006204
160 161 -0.021730
161 161 0.078695
162 161 -0.023214
201 161 -0.005216
202 161 0.010577
203 161 -0.005385
120 162 -0.006044
121 162 0.012384
122 162 -0.006356
161 162 -0.023214
162 162 0.081909
163 162 -0.023566
202 162 -0.005575
203 162 0.010963
204 162 -0.005416
121 163 -0.006202
122 163 0.007068
162 163 -0.023566
163 163 0.046532
203 163 -0.005594
204 163 0.006199
164 164 1.000000
165 165 1.000000
125 166 0.004821
126 166 -0.004363
166 166 0.032025
167 166 -0.016228
207 166 0.004306
208 166 -0.003752
125 167 -0.004217
126 167 0.008537
127 167 -0.004344
166 167 -0.016228
167 167 0.056915
168 167 -0.016271
207 167 -0.003906
208 167 0.007679
209 167 -0.003789
126 168 -0.004190
127 168 0.008268
128 168 -0.004099
167 168 -0.016271
168 168 0.055306
169 168 -0.015305
208 168 -0.003955
209 168 0.007484
210 168 -0.003552
127 169 -0.003946
128 169 0.007791
129 169 -0.003867
168 169 -0.015305
169 169 0.052025
170 169 -0.014393
209 169 -0.003718
210 169 0.007022
211 169 -0.003329
128 170 -0.003715
129 170 0.007339
130 170 -0.003649
169 170 -0.014393
170 170 0.048925
171 170 -0.013531
210 170 -0.003495
211 170 0.006587
212 170 -0.003119
129 171 -0.003496
130 171 0.006912
131 171 -0.003442
170 171 -0.013531
171 171 0.045998
172 171 -0.012717
211 171 -0.003285
212 171 0.006176
213 171 -0.002920
130 172 -0.003289
131 172 0.006508
132 172 -0.003246
171 172 -0.012717
172 172 0.043236
173 172 -0.011949
212 172 -0.003086
213 172 0.005789
214 172 -0.002734
131 173 -0.003094
132 173 0.006126
133 173 -0.003062
172 173 -0.011949
173 173 0.040631
174 173 -0.011225
213 173 -0.002900
214 173 0.005425
215 173 -0.002558
132 174 -0.002909
133 174 0.005764
134 174 -0.002887
173 174 -0.011225
174 174 0.038174
175 174 -0.010542
214 174 -0.002724
215 174 0.005081
216 174 -0.002393
133 175 -0.002734
134 175 0.005423
135 175 -0.002723
174 175 -0.010542
175 175 0.035859
176 175 -0.009898
215 175 -0.002559
216 175 0.004758
217 175 -0.002237
134 176 -0.002569
135 176 0.005101
136 176 -0.002568
175 176 -0.009898
176 176 0.033679
177 176 -0.009292
216 176 -0.002404
217 176 0.004454
218 176 -0.002091
135 177 -0.002414
136 177 0.004796
137 177 -0.002422
176 177 -0.009292
177 177 0.031627
178 177 -0.008721
217 177 -0.002259
218 177 0.004168
219 177 -0.001954
136 178 -0.002267
137 178 0.004509
138 178 -0.002285
177 178 -0.008721
178 178 0.029696
179 178 -0.008183
218 178 -0.002122
219 178 0.003899
220 178 -0.001825
137 179 -0.002129
138 179 0.004238
139 179 -0.002155
178 179 -0.008183
179 179 0.027880
180 179 -0.007678
219 179 -0.001994
220 179 0.003646
221 179 -0.001703
138 180 -0.001998
139 180 0.003982
140 180 -0.002034
179 180 -0.007678
180 180 0.026174
181 180 -0.007202
220 180 -0.001875
221 180 0.003408
222 180 -0.001590
139 181 -0.001875
140 181 0.003741
141 181 -0.001920
180 181 -0.007202
181 181 0.024571
182 181 -0.006756
221 181 -0.001763
222 181 0.003185
223 181 -0.001483
140 182 -0.001759
141 182 0.003514
142 182 -0.001813
181 182 -0.006756
182 182 0.023068
183 182 -0.006336
222 182 -0.001658
223 182 0.002975
224 182 -0.001383
141 183 -0.001650
142 183 0.003300
143 183 -0.001713
182 183 -0.006336
183 183 0.021658
184 183 -0.005942
223 183 -0.001561
224 183 0.002779
225 183 -0.001289
142 184 -0.001547
143 184 0.003098
144 184 -0.001619
183 184 -0.005942
184 184 0.020337
185 184 -0.005573
224 184 -0.001470
225 184 0.002594
226 184 -0.001201
143 185 -0.001450
144 185 0.003017
145 185 -0.001638
184 185 -0.005573
185 185 0.019805
186 185 -0.005634
225 185 -0.001386
226 185 0.002517
227 185 -0.001213
144 186 -0.001465
145 186 0.003168
146 186 -0.001772
185 186 -0.005634
186 186 0.020782
187 186 -0.006134
226 186 -0.001401
227 186 0.002649
228 186 -0.001326
145 187 -0.001595
146 187 0.003446
147 187 -0.001915
186 187 -0.006134
187 187 0.022584
188 187 -0.006671
227 187 -0.001518
228 187 0.002893
229 187 -0.001449
146 188 -0.001735
147 188 0.003743
148 188 -0.002068
187 188 -0.006671
188 188 0.024516
189 188 -0.007245
228 188 -0.001644
229 188 0.003155
230 188 -0.001581
147 189 -0.001885
148 189 0.004059
149 189 -0.002230
188 189 -0.007245
189 189 0.026584
190 189 -0.007859
229 189 -0.001778
230 189 0.003436
231 189 -0.001722
148 190 -0.002046
149 190 0.004397
150 190 -0.002404
189 190 -0.007859
190 190 0.028797
191 190 -0.008515
230 190 -0.001922
231 190 0.003737
232 190 -0.001875
149 191 -0.002217
150 191 0.004757
151 191 -0.002588
190 191 -0.008515
191 191 0.031163
192 191 -0.009216
231 191 -0.002077
232 191 0.004058
233 191 -0.002038
150 192 -0.002401
151 192 0.005140
152 192 -0.002785
191 192 -0.009216
192 192 0.033690
193 192 -0.009965
232 192 -0.002242
233 192 0.004402
234 192 -0.002213
151 193 -0.002596
152 193 0.005547
153 193 -0.002994
192 193 -0.009965
193 193 0.036389
194 193 -0.010763
233 193 -0.002418
234 193 0.004769
235 193 -0.002401
152 194 -0.002804
153 194 0.005981
154 194 -0.003217
193 194 -0.010763
194 194 0.039268
195 194 -0.011615
234 194 -0.002606
235 194 0.005162
236 194 -0.002602
153 195 -0.003026
154 195 0.006442
155 195 -0.003454
194 195 -0.011615
195 195 0.042338
196 195 -0.012522
235 195 -0.002808
236 195 0.005581
237 195 -0.002816
154 196 -0.003263
155 196 0.006933
156 196 -0.003705
195 196 -0.012522
196 196 0.045609
197 196 -0.013488
236 196 -0.003023
237 196 0.006028
238 196 -0.003045
155 197 -0.003514
156 197 0.007454
157 197 -0.003972
196 197 -0.013488
197 197 0.049093
198 197 -0.014517
237 197 -0.003252
238 197 0.006505
239 197 -0.003290
156 198 -0.003781
157 198 0.008007
158 198 -0.004256
197 198 -0.014517
198 198 0.052801
199 198 -0.015611
238 198 -0.003497
239 198 0.007013
240 198 -0.003551
157 199 -0.004065
158 199 0.008594
159 199 -0.004557
198 199 -0.015611
199 199 0.056746
200 199 -0.016775
239 199 -0.003758
240 199 0.007554
241 199 -0.003829
158 200 -0.004366
159 200 0.009216
160 200 -0.004877
199 200 -0.016775
200 200 0.060939
201 200 -0.018011
240 200 -0.004036
241 200 0.008131
242 200 -0.004126
159 201 -0.004686
160 201 0.009877
161 201 -0.005216
200 201 -0.018011
201 201 0.065395
202 201 -0.019324
241 201 -0.004332
242 201 0.008744
243 201 -0.004441
160 202 -0.005025
161 202 0.010577
162 202 -0.005575
201 202 -0.019324
202 202 0.070127
203 202 -0.020719
242 202 -0.004648
243 202 0.009397
244 202 -0.004777
161 203 -0.005385
162 203 0.010963
163 203 -0.005594
202 203 -0.020719
203 203 0.072409
204 203 -0.020628
243 203 -0.004983
244 203 0.009668
245 203 -0.004718
162 204 -0.005416
163 204 0.006199
203 204 -0.020628
204 204 0.040768
244 204 -0.004907
245 204 0.005421
205 205 1.000000
206 206 1.000000
166 207 0.004306
167 207 -0.003906
207 207 0.028586
208 207 -0.014467
248 207 0.003838
249 207 -0.003333
166 208 -0.003752
167 208 0.007679
168 208 -0.003955
207 208 -0.014467
208 208 0.051155
209 208 -0.014736
248 208 -0.003489
249 208 0.006889
250 208 -0.003416
167 209 -0.003789
168 209 0.007484
169 209 -0.003718
208 209 -0.014736
209 209 0.050004
210 209 -0.013806
249 209 -0.003587
250 209 0.006751
251 209 -0.003190
168 210 -0.003552
169 210 0.007022
170 210 -0.003495
209 210 -0.013806
210 210 0.046851
211 210 -0.012931
250 210 -0.003361
251 210 0.006310
252 210 -0.002977
169 211 -0.003329
170 211 0.006587
171 211 -0.003285
210 211 -0.012931
211 211 0.043883
212 211 -0.012107
251 211 -0.003148
252 211 0.005895
253 211 -0.002777
170 212 -0.003119
171 212 0.006176
172 212 -0.003086
211 212 -0.012107
212 212 0.041090
213 212 -0.011332
252 212 -0.002948
253 212 0.005505
254 212 -0.002590
171 213 -0.002920
172 213 0.005789
173 213 -0.002900
212 213 -0.011332
213 213 0.038464
214 213 -0.010603
253 213 -0.002760
254 213 0.005139
255 213 -0.002414
172 214 -0.002734
173 214 0.005425
174 214 -0.002724
213 214 -0.010603
214 214 0.035997
215 214 -0.009918
254 214 -0.002584
255 214 0.004795
256 214 -0.002249
173 215 -0.002558
174 215 0.005081
175 215 -0.002559
214 215 -0.009918
215 215 0.033680
216 215 -0.009274
255 215 -0.002419
256 215 0.004473
257 215 -0.002094
174 216 -0.002393
175 216 0.004758
176 216 -0.002404
215 216 -0.009274
216 216 0.031504
217 216 -0.008670
256 216 -0.002265
257 216 0.004170
258 216 -0.001949
175 217 -0.002237
176 217 0.004454
177 217 -0.002259
216 217 -0.008670
217 217 0.029464
218 217 -0.008103
257 217 -0.002121
258 217 0.003887
259 217 -0.001814
176 218 -0.002091
177 218 0.004168
178 218 -0.002122
217 218 -0.008103
218 218 0.027551
219 218 -0.007571
258 218 -0.001986
259 218 0.003621
260 218 -0.001687
177 219 -0.001954
178 219 0.003899
179 219 -0.001994
218 219 -0.007571
219 219 0.025759
220 219 -0.007073
259 219 -0.001860
260 219 0.003372
261 219 -0.001568
178 220 -0.001825
179 220 0.003646
180 220 -0.001875
219 220 -0.007073
220 220 0.024081
221 220 -0.006606
260 220 -0.001742
261 220 0.003139
262 220 -0.001457
179 221 -0.001703
180 221 0.003408
181 221 -0.001763
220 221 -0.006606
221 221 0.022511
222 221 -0.006169
261 221 -0.001632
262 221 0.002920
263 221 -0.001353
180 222 -0.001590
181 222 0.003185
182 222 -0.001658
221 222 -0.006169
222 222 0.021044
223 222 -0.005760
262 222 -0.001530
263 222 0.002715
264 222 -0.001256
181 223 -0.001483
182 223 0.002975
183 223 -0.001561
222 223 -0.005760
223 223 0.019673
224 223 -0.005377
263 223 -0.001436
264 223 0.002524
265 223 -0.001166
182 224 -0.001383
183 224 0.002779
184 224 -0.001470
223 224 -0.005377
224 224 0.018394
225 224 -0.005019
264 224 -0.001348
265 224 0.002345
266 224 -0.001081
183 225 -0.001289
184 225 0.002594
185 225 -0.001386
224 225 -0.005019
225 225 0.017201
226 225 -0.004685
265 225 -0.001266
266 225 0.002177
267 225 -0.001002
184 226 -0.001201
185 226 0.002517
186 226 -0.001401
225 226 -0.004685
226 226 0.016709
227 226 -0.004732
266 226 -0.001191
267 226 0.002105
268 226 -0.001011
185 227 -0.001213
186 227 0.002649
187 227 -0.001518
226 227 -0.004732
227 227 0.017550
228 227 -0.005169
267 227 -0.001204
268 227 0.002219
269 227 -0.001109
186 228 -0.001326
187 228 0.002893
188 228 -0.001644
227 228 -0.005169
228 228 0.019123
229 228 -0.005639
268 228 -0.001306
269 228 0.002433
270 228 -0.001215
187 229 -0.001449
188 229 0.003155
189 229 -0.001778
228 229 -0.005639
229 229 0.020815
230 229 -0.006144
269 229 -0.001415
270 229 0.002663
271 229 -0.001330
188 230 -0.001581
189 230 0.003436
190 230 -0.001922
229 230 -0.006144
230 230 0.022635
231 230 -0.006687
270 230 -0.001533
271 230 0.002911
272 230 -0.001454
189 231 -0.001722
190 231 0.003737
191 231 -0.002077
230 231 -0.006687
231 231 0.024590
232 231 -0.007269
271 231 -0.001659
272 231 0.003176
273 231 -0.001588
190 232 -0.001875
191 232 0.004058
192 232 -0.002242
231 232 -0.007269
232 232 0.026688
233 232 -0.007893
272 232 -0.001795
273 232 0.003462
274 232 -0.001733
191 233 -0.002038
192 233 0.004402
193 233 -0.002418
232 233 -0.007893
233 233 0.028940
234 233 -0.008562
273 233 -0.001941
274 233 0.003768
275 233 -0.001888
192 234 -0.002213
193 234 0.004769
194 234 -0.002606
233 234 -0.008562
234 234 0.031355
235 234 -0.009278
274 234 -0.002098
275 234 0.004096
276 234 -0.002055
193 235 -0.002401
194 235 0.005162
195 235 -0.002808
234 235 -0.009278
235 235 0.033941
236 235 -0.010045
275 235 -0.002266
276 235 0.004447
277 235 -0.002235
194 236 -0.002602
195 236 0.005581
196 236 -0.003023
235 236 -0.010045
236 236 0.036711
237 236 -0.010866
276 236 -0.002447
277 236 0.004824
278 236 -0.002428
195 237 -0.002816
196 237 0.006028
197 237 -0.003252
236 237 -0.010866
237 237 0.039674
238 237 -0.011744
277 237 -0.002640
278 237 0.005228
279 237 -0.002635
196 238 -0.003045
197 238 0.006505
198 238 -0.003497
237 238 -0.011744
238 238 0.042842
239 238 -0.012681
278 238 -0.002847
279 238 0.005660
280 238 -0.002856
197 239 -0.003290
198 239 0.007013
199 239 -0.003758
238 239 -0.012681
239 239 0.046228
240 239 -0.013683
279 239 -0.003069
280 239 0.006122
281 239 -0.003094
198 240 -0.003551
199 240 0.007554
200 240 -0.004036
239 240 -0.013683
240 240 0.049844
241 240 -0.014752
280 240 -0.003307
281 240 0.006617
282 240 -0.003348
199 241 -0.003829
200 241 0.008131
201 241 -0.004332
240 241 -0.014752
241 241 0.053704
242 241 -0.015892
281 241 -0.003561
282 241 0.007145
283 241 -0.003620
200 242 -0.004126
201 242 0.008744
202 242 -0.004648
241 242 -0.015892
242 242 0.057820
243 242 -0.017108
282 242 -0.003832
283 242 0.007709
284 242 -0.003910
201 243 -0.004441
202 243 0.009397
203 243 -0.004983
242 243 -0.017108
243 243 0.062209
244 243 -0.018404
283 243 -0.004122
284 243 0.008312
285 243 -0.004220
202 244 -0.004777
203 244 0.009668
204 244 -0.004907
243 244 -0.018404
244 244 0.063780
245 244 -0.018008
284 244 -0.004432
285 244 0.008496
286 244 -0.004102
203 245 -0.004718
204 245 0.005421
244 245 -0.018008
245 245 0.035623
285 245 -0.004292
286 245 0.004729
246 246 1.000000
247 247 1.000000
207 248 0.003838
208 248 -0.003489
248 248 0.025469
249 248 -0.012874
289 248 0.003415
290 248 -0.002958
207 249 -0.003333
208 249 0.006889
209 249 -0.003587
248 249 -0.012874
249 249 0.045863
250 249 -0.013302
289 249 -0.003110
290 249 0.006165
291 249 -0.003073
208 250 -0.003416
209 250 0.006751
210 250 -0.003361
249 250 -0.013302
250 250 0.045071
251 250 -0.012417
290 250 -0.003242
291 250 0.006071
292 250 -0.002858
209 251 -0.003190
210 251 0.006310
211 251 -0.003148
250 251 -0.012417
251 251 0.042074
252 251 -0.011586
291 251 -0.003027
292 251 0.005654
293 251 -0.002658
210 252 -0.002977
211 252 0.005895
212 252 -0.002948
251 252 -0.011586
252 252 0.039263
253 252 -0.010807
292 252 -0.002826
293 252 0.005262
294 252 -0.002470
211 253 -0.002777
212 253 0.005505
213 253 -0.002760
252 253 -0.010807
253 253 0.036628
254 253 -0.010076
293 253 -0.002638
294 253 0.004896
295 253 -0.002294
212 254 -0.002590
213 254 0.005139
214 254 -0.002584
253 254 -0.010076
254 254 0.034160
255 254 -0.009392
294 254 -0.002462
295 254 0.004553
296 254 -0.002130
213 255 -0.002414
214 255 0.004795
215 255 -0.002419
254 255 -0.009392
255 255 0.031849
256 255 -0.008751
295 255 -0.002298
296 255 0.004232
297 255 -0.001977
214 256 -0.002249
215 256 0.004473
216 256 -0.002265
255 256 -0.008751
256 256 0.029687
257 256 -0.008151
296 256 -0.002145
297 256 0.003932
298 256 -0.001833
215 257 -0.002094
216 257 0.004170
217 257 -0.002121
256 257 -0.008151
257 257 0.027666
258 257 -0.007591
297 257 -0.002002
298 257 0.003652
299 257 -0.001700
216 258 -0.001949
217 258 0.003887
218 258 -0.001986
257 258 -0.007591
258 258 0.025777
259 258 -0.007066
298 258 -0.001869
299 258 0.003390
300 258 -0.001575
217 259 -0.001814
218 259 0.003621
219 259 -0.001860
258 259 -0.007066
259 259 0.024013
260 259 -0.006576
299 259 -0.001745
300 259 0.003145
301 259 -0.001459
218 260 -0.001687
219 260 0.003372
220 260 -0.001742
259 260 -0.006576
260 260 0.022368
261 260 -0.006119
300 260 -0.001630
301 260 0.002916
302 260 -0.001350
219 261 -0.001568
220 261 0.003139
221 261 -0.001632
260 261 -0.006119
261 261 0.020834
262 261 -0.005692
301 261 -0.001522
302 261 0.002702
303 261 -0.001250
220 262 -0.001457
221 262 0.002920
222 262 -0.001530
261 262 -0.005692
262 262 0.019404
263 262 -0.005294
302 262 -0.001423
303 262 0.002503
304 262 -0.001156
221 263 -0.001353
222 263 0.002715
223 263 -0.001436
262 263 -0.005294
263 263 0.018074
264 263 -0.004922
303 263 -0.001331
304 263 0.002317
305 263 -0.001068
222 264 -0.001256
223 264 0.002524
224 264 -0.001348
263 264 -0.004922
264 264 0.016836
265 264 -0.004576
304 264 -0.001246
305 264 0.002143
306 264 -0.000987
223 265 -0.001166
224 265 0.002345
225 265 -0.001266
264 265 -0.004576
265 265 0.015686
266 265 -0.004254
305 265 -0.001167
306 265 0.001980
307 265 -0.000912
224 266 -0.001081
225 266 0.002177
226 266 -0.001191
265 266 -0.004254
266 266 0.014618
267 266 -0.003953
306 266 -0.001095
307 266 0.001828
308 266 -0.000842
225 267 -0.001002
226 267 0.002105
227 267 -0.001204
266 267 -0.003953
267 267 0.014169
268 267 -0.003989
307 267 -0.001028
308 267 0.001762
309 267 -0.000848
226 268 -0.001011
227 268 0.002219
228 268 -0.001306
267 268 -0.003989
268 268 0.014890
269 268 -0.004369
308 268 -0.001039
309 268 0.001860
310 268 -0.000932
227 269 -0.001109
228 269 0.002433
229 269 -0.001415
268 269 -0.004369
269 269 0.016253
270 269 -0.004779
309 269 -0.001127
310 269 0.002047
311 269 -0.001024
228 270 -0.001215
229 270 0.002663
230 270 -0.001533
269 270 -0.004779
270 270 0.017726
271 270 -0.005220
310 270 -0.001222
311 270 0.002248
312 270 -0.001123
229 271 -0.001330
230 271 0.002911
231 271 -0.001659
270 271 -0.005220
271 271 0.019316
272 271 -0.005696
311 271 -0.001324
312 271 0.002466
313 271 -0.001231
230 272 -0.001454
231 272 0.003176
232 272 -0.001795
271 272 -0.005696
272 272 0.021030
273 272 -0.006209
312 272 -0.001434
313 272 0.002699
314 272 -0.001348
231 273 -0.001588
232 273 0.003462
233 273 -0.001941
272 273 -0.006209
273 273 0.022877
274 273 -0.006760
313 273 -0.001553
314 273 0.002951
315 273 -0.001475
232 274 -0.001733
233 274 0.003768
234 274 -0.002098
273 274 -0.006760
274 274 0.024867
275 274 -0.007353
314 274 -0.001682
315 274 0.003222
316 274 -0.001612
233 275 -0.001888
234 275 0.004096
235 275 -0.002266
274 275 -0.007353
275 275 0.027009
276 275 -0.007991
315 275 -0.001820
316 275 0.003513
317 275 -0.001760
234 276 -0.002055
235 276 0.004447
236 276 -0.002447
275 276 -0.007991
276 276 0.029312
277 276 -0.008676
316 276 -0.001969
317 276 0.003826
318 276 -0.001920
235 277 -0.002235
236 277 0.004824
237 277 -0.002640
276 277 -0.008676
277 277 0.031788
278 277 -0.009412
317 277 -0.002129
318 277 0.004162
319 277 -0.002091
236 278 -0.002428
237 278 0.005228
238 278 -0.002847
277 278 -0.009412
278 278 0.034447
279 278 -0.010201
318 278 -0.002301
319 278 0.004524
320 278 -0.002277
237 279 -0.002635
238 279 0.005660
239 279 -0.003069
278 279 -0.010201
279 279 0.037301
280 279 -0.011048
319 279 -0.002487
320 279 0.004912
321 279 -0.002476
238 280 -0.002856
239 280 0.006122
240 280 -0.003307
279 280 -0.011048
280 280 0.040363
281 280 -0.011956
320 280 -0.002686
321 280 0.005329
322 280 -0.002690
239 281 -0.003094
240 281 0.006617
241 281 -0.003561
280 281 -0.011956
281 281 0.043645
282 281 -0.012928
321 281 -0.002900
322 281 0.005776
323 281 -0.002920
240 282 -0.003348
241 282 0.007145
242 282 -0.003832
281 282 -0.012928
282 282 0.047161
283 282 -0.013970
322 282 -0.003130
323 282 0.006256
324 282 -0.003167
241 283 -0.003620
242 283 0.007709
243 283 -0.004122
282 283 -0.013970
283 283 0.050926
284 283 -0.015084
323 283 -0.003376
324 283 0.006770
325 283 -0.003431
242 284 -0.003910
243 284 0.008312
244 284 -0.004432
283 284 -0.015084
284 284 0.054955
285 284 -0.016276
324 284 -0.003641
325 284 0.007321
326 284 -0.003715
243 285 -0.004220
244 285 0.008496
245 285 -0.004292
284 285 -0.016276
285 285 0.055993
286 285 -0.015681
325 285 -0.003924
326 285 0.007441
327 285 -0.003560
244 286 -0.004102
245 286 0.004729
285 286 -0.015681
286 286 0.031053
326 286 -0.003744
327 286 0.004114
287 287 1.000000
288 288 1.000000
248 289 0.003415
249 289 -0.003110
289 289 0.022653
290 289 -0.011436
330 289 0.003033
331 289 -0.002622
248 290 -0.002958
249 290 0.006165
250 290 -0.003242
289 290 -0.011436
290 290 0.041024
291 290 -0.011971
330 290 -0.002765
331 290 0.005504
332 290 -0.002757
249 291 -0.003073
250 291 0.006071
251 291 -0.003027
290 291 -0.011971
291 291 0.040508
292 291 -0.011136
331 291 -0.002919
332 291 0.005443
333 291 -0.002556
250 292 -0.002858
251 292 0.005654
252 292 -0.002826
291 292 -0.011136
292 292 0.037686
293 292 -0.010355
332 292 -0.002718
333 292 0.005052
334 292 -0.002369
251 293 -0.002658
252 293 0.005262
253 293 -0.002638
292 293 -0.010355
293 293 0.035050
294 293 -0.009625
333 293 -0.002530
334 293 0.004686
335 293 -0.002194
252 294 -0.002470
253 294 0.004896
254 294 -0.002462
293 294 -0.009625
294 294 0.032587
295 294 -0.008943
334 294 -0.002355
335 294 0.004345
336 294 -0.002031
253 295 -0.002294
254 295 0.004553
255 295 -0.002298
294 295 -0.008943
295 295 0.030289
296 295 -0.008306
335 295 -0.002192
336 295 0.004026
337 295 -0.001879
254 296 -0.002130
255 296 0.004232
256 296 -0.002145
295 296 -0.008306
296 296 0.028145
297 296 -0.007713
336 296 -0.002040
337 296 0.003729
338 296 -0.001737
255 297 -0.001977
256 297 0.003932
257 297 -0.002002
296 297 -0.007713
297 297 0.026147
298 297 -0.007159
337 297 -0.001899
338 297 0.003452
339 297 -0.001606
256 298 -0.001833
257 298 0.003652
258 298 -0.001869
297 298 -0.007159
298 298 0.024285
299 298 -0.006643
338 298 -0.001767
339 298 0.003194
340 298 -0.001483
257 299 -0.001700
258 299 0.003390
259 299 -0.001745
298 299 -0.006643
299 299 0.022553
300 299 -0.006162
339 299 -0.001645
340 299 0.002954
341 299 -0.001370
258 300 -0.001575
259 300 0.003145
260 300 -0.001630
299 300 -0.006162
300 300 0.020941
301 300 -0.005714
340 300 -0.001532
341 300 0.002730
342 300 -0.001264
259 301 -0.001459
260 301 0.002916
261 301 -0.001522
300 301 -0.005714
301 301 0.019443
302 301 -0.005297
341 301 -0.001428
342 301 0.002521
343 301 -0.001166
260 302 -0.001350
261 302 0.002702
262 302 -0.001423
301 302 -0.005297
302 302 0.018051
303 302 -0.004910
342 302 -0.001331
343 302 0.002326
344 302 -0.001075
261 303 -0.001250
262 303 0.002503
263 303 -0.001331
302 303 -0.004910
303 303 0.016760
304 303 -0.004549
343 303 -0.001241
344 303 0.002145
345 303 -0.000991
262 304 -0.001156
263 304 0.002317
264 304 -0.001246
303 304 -0.004549
304 304 0.015562
305 304 -0.004214
344 304 -0.001159
345 304 0.001976
346 304 -0.000913
263 305 -0.001068
264 305 0.002143
265 305 -0.001167
304 305 -0.004214
305 305 0.014453
306 305 -0.003903
345 305 -0.001083
346 305 0.001819
347 305 -0.000841
264 306 -0.000987
265 306 0.001980
266 306 -0.001095
305 306 -0.003903
306 306 0.013426
307 306 -0.003613
346 306 -0.001013
347 306 0.001671
348 306 -0.000774
265 307 -0.000912
266 307 0.001828
267 307 -0.001028
306 307 -0.003613
307 307 0.012477
308 307 -0.003345
347 307 -0.000949
348 307 0.001534
349 307 -0.000712
266 308 -0.000842
267 308 0.001762
268 308 -0.001039
307 308 -0.003345
308 308 0.012071
309 308 -0.003372
348 308 -0.000891
349 308 0.001473
350 308 -0.000716
267 309 -0.000848
268 309 0.001860
269 309 -0.001127
308 309 -0.003372
309 309 0.012685
310 309 -0.003701
349 309 -0.000899
350 309 0.001557
351 309 -0.000788
268 310 -0.000932
269 310 0.002047
270 310 -0.001222
309 310 -0.003701
310 310 0.013862
311 310 -0.004057
350 310 -0.000975
351 310 0.001720
352 310 -0.000867
269 311 -0.001024
270 311 0.002248
271 311 -0.001324
310 311 -0.004057
311 311 0.015137
312 311 -0.004441
351 311 -0.001057
352 311 0.001897
353 311 -0.000953
270 312 -0.001123
271 312 0.002466
272 312 -0.001434
311 312 -0.004441
312 312 0.016518
313 312 -0.004857
352 312 -0.001145
353 312 0.002087
354 312 -0.001046
271 313 -0.001231
272 313 0.002699
273 313 -0.001553
312 313 -0.004857
313 313 0.018013
314 313 -0.005305
353 313 -0.001241
354 313 0.002292
355 313 -0.001148
272 314 -0.001348
273 314 0.002951
274 314 -0.001682
313 314 -0.005305
314 314 0.019629
315 314 -0.005790
354 314 -0.001345
355 314 0.002513
356 314 -0.001258
273 315 -0.001475
274 315 0.003222
275 315 -0.001820
314 315 -0.005790
315 315 0.021376
316 315 -0.006312
355 315 -0.001457
356 315 0.002751
357 315 -0.001378
274 316 -0.001612
275 316 0.003513
276 316 -0.001969
315 316 -0.006312
316 316 0.023262
317 316 -0.006876
356 316 -0.001578
357 316 0.003008
358 316 -0.001508
275 317 -0.001760
276 317 0.003826
277 317 -0.002129
316 317 -0.006876
317 317 0.025298
318 317 -0.007484
357 317 -0.001709
358 317 0.003285
359 317 -0.001649
276 318 -0.001920
277 318 0.004162
278 318 -0.002301
317 318 -0.007484
318 318 0.027495
319 318 -0.008138
358 318 -0.001850
359 318 0.003584
360 318 -0.001801
277 319 -0.002091
278 319 0.004524
279 319 -0.002487
318 319 -0.008138
319 319 0.029862
320 319 -0.008843
359 319 -0.002003
360 319 0.003906
361 319 -0.001965
278 320 -0.002277
279 320 0.004912
280 320 -0.002686
319 320 -0.008843
320 320 0.032412
321 320 -0.009602
360 320 -0.002167
361 320 0.004252
362 320 -0.002143
279 321 -0.002476
280 321 0.005329
281 321 -0.002900
320 321 -0.009602
321 321 0.035158
322 321 -0.010418
361 321 -0.002345
362 321 0.004626
363 321 -0.002334
280 322 -0.002690
281 322 0.005776
282 322 -0.003130
321 322 -0.010418
322 322 0.038111
323 322 -0.011295
362 322 -0.002536
363 322 0.005027
364 322 -0.002541
281 323 -0.002920
282 323 0.006256
