1821 1821 52685
1 1 61941.691211
2 1 247766.356266
3 1 -0.000000
4 1 -30970.799130
6 1 -123883.231403
7 1 0.000000
28 1 61941.618198
29 1 -0.000115
84 1 -30970.802485
85 1 -111111.111002
1 2 247766.356266
2 2 991065.950629
3 2 -0.000000
4 2 -123883.231403
6 2 -495532.869498
7 2 0.000000
28 2 247766.356497
29 2 -0.000462
84 2 -123883.231519
85 2 -444444.444214
1 3 -0.000000
2 3 -0.000000
3 3 5669306.891210
4 3 444444.444389
6 3 0.000110
7 3 1417326.676484
28 3 0.000000
29 3 -2834653.426362
84 3 -444444.444500
85 3 -708663.347368
1 4 -30970.799130
2 4 -123883.231403
3 4 444444.444389
4 4 140033.563076
5 4 -39045.953765
6 4 245058.629801
7 4 -0.000216
8 4 -156183.836675
9 4 -444444.444389
10 4 -39045.959590
12 4 19522.982735
13 4 -111111.111097
28 4 -30970.802485
29 4 -111111.111026
84 4 -17504.187344
85 4 0.000079
86 4 -39045.954268
87 4 111111.111084
92 4 48807.444943
93 4 83333.333301
4 5 -39045.953765
5 5 78091.981306
6 5 -156183.836675
7 5 0.000000
8 5 312367.589034
9 5 -0.000000
10 5 -39045.953765
12 5 -156183.836675
13 5 0.000000
84 5 -39045.954268
85 5 111111.111059
86 5 78091.919075
87 5 -0.000000
92 5 -39045.954268
93 5 -111111.111059
1 6 -123883.231403
2 6 -495532.869498
3 6 0.000110
4 6 245058.629801
5 6 -156183.836675
6 6 980234.763025
7 6 -0.000000
8 6 -624735.305772
9 6 -0.000110
10 6 19522.982735
12 6 78091.906898
13 6 -0.000028
28 6 -123883.231519
29 6 444444.444620
84 6 245058.629990
85 6 -0.000115
86 6 -156183.836820
87 6 -444444.444389
92 6 19522.982775
93 6 111111.111125
1 7 0.000000
2 7 0.000000
3 7 1417326.676484
4 7 -0.000216
5 7 0.000000
6 7 -0.000000
7 7 635383.586435
8 7 0.000000
9 7 1124207.253921
10 7 111111.111097
12 7 0.000028
13 7 281051.807861
28 7 0.000000
29 7 -708663.347368
84 7 0.000216
85 7 -317691.774764
86 7 0.000000
87 7 -562103.638543
92 7 -111111.111125
93 7 -140525.902434
4 8 -156183.836675
5 8 312367.589034
6 8 -624735.305772
7 8 0.000000
8 8 1249470.780175
9 8 -0.000000
10 8 -156183.836675
12 8 -624735.305772
13 8 0.000000
84 8 -156183.836820
85 8 444444.444444
86 8 312367.589325
87 8 -0.000000
92 8 -156183.836820
93 8 -444444.444444
4 9 -444444.444389
5 9 -0.000000
6 9 -0.000110
7 9 1124207.253921
8 9 -0.000000
9 9 4496829.195591
10 9 444444.444389
12 9 0.000110
13 9 1124207.253922
84 9 444444.444500
85 9 -562103.638544
86 9 -0.000000
87 9 -2248414.573844
92 9 -444444.444500
93 9 -562103.638544
4 10 -39045.959590
5 10 -39045.953765
6 10 19522.982735
7 10 111111.111097
8 10 -156183.836675
9 10 444444.444389
10 10 176545.103825
11 10 -49226.577613
12 10 308953.843616
13 10 0.000000
14 10 -196906.319964
15 10 -444444.444389
16 10 -49226.579783
18 10 24613.292490
19 10 -111111.111097
84 10 48807.444943
85 10 -83333.333301
86 10 -39045.954268
87 10 -111111.111083
92 10 -22068.132062
93 10 -0.000000
94 10 -49226.575291
95 10 111111.111084
100 10 61533.221402
101 10 83333.333301
10 11 -49226.577613
11 11 98453.213745
12 11 -196906.319964
13 11 -0.000000
14 11 393812.573050
15 11 0.000000
16 11 -49226.577613
18 11 -196906.319964
19 11 0.000000
92 11 -49226.575291
93 11 111111.111059
94 11 98453.158941
95 11 -0.000000
100 11 -49226.575291
101 11 -111111.111059
4 12 19522.982735
5 12 -156183.836675
6 12 78091.906898
7 12 0.000028
8 12 -624735.305772
9 12 0.000110
10 12 308953.843616
11 12 -196906.319964
12 12 1235815.574909
13 12 0.000000
14 12 -787625.251911
15 12 -0.000110
16 12 24613.292490
18 12 98453.151473
19 12 -0.000028
84 12 19522.982775
85 12 -111111.111125
86 12 -156183.836820
87 12 444444.444389
92 12 308953.843854
93 12 -0.000000
94 12 -196906.320148
95 12 -444444.444389
100 12 24613.292540
101 12 111111.111125
4 13 -111111.111097
5 13 0.000000
6 13 -0.000028
7 13 281051.807861
8 13 0.000000
9 13 1124207.253922
10 13 0.000000
11 13 -0.000000
12 13 0.000000
13 13 503978.985333
14 13 -0.000000
15 13 891708.285068
16 13 111111.111097
18 13 0.000028
19 13 222927.070096
84 13 111111.111125
85 13 -140525.902434
86 13 0.000000
87 13 -562103.638544
92 13 -0.000000
93 13 -251989.469436
94 13 -0.000000
95 13 -445854.157198
100 13 -111111.111125
101 13 -111463.533176
10 14 -196906.319964
11 14 393812.573050
12 14 -787625.251911
13 14 -0.000000
14 14 1575250.637579
15 14 0.000000
16 14 -196906.319964
18 14 -787625.251911
19 14 0.000000
92 14 -196906.320148
93 14 444444.444445
94 14 393812.573417
95 14 -0.000000
100 14 -196906.320148
101 14 -444444.444444
10 15 -444444.444389
11 15 0.000000
12 15 -0.000110
13 15 891708.285068
14 15 0.000000
15 15 3566833.335549
16 15 444444.444389
18 15 0.000110
19 15 891708.285069
92 15 444444.444500
93 15 -445854.157198
94 15 0.000000
95 15 -1783416.637823
100 15 -444444.444500
101 15 -445854.157198
10 16 -49226.579783
11 16 -49226.577613
12 16 24613.292490
13 16 111111.111097
14 16 -196906.319964
15 16 444444.444389
16 16 222576.459473
17 16 -62061.638545
18 16 389508.728549
19 16 -0.000434
20 16 -248246.552101
21 16 -444444.444389
22 16 -62061.637298
23 16 31030.821045
24 16 -111111.110664
92 16 61533.221402
93 16 -83333.333301
94 16 -49226.575291
95 16 -111111.111083
100 16 -27822.053425
101 16 0.000159
102 16 -62061.633272
103 16 111111.111199
108 16 77577.044333
109 16 83333.333026
16 17 -62061.638545
17 17 124123.323748
18 17 -248246.552101
19 17 -0.000000
20 17 496493.052123
21 17 -0.000000
22 17 -62061.638787
23 17 -248246.553069
24 17 0.000000
100 17 -62061.633272
101 17 111111.111175
102 17 124123.273417
103 17 -0.000231
108 17 -62061.633514
109 17 -111111.110944
10 18 24613.292490
11 18 -196906.319964
12 18 98453.151473
13 18 0.000028
14 18 -787625.251911
15 18 0.000110
16 18 389508.728549
17 18 -248246.552101
18 18 1558035.082077
19 18 -0.000000
20 18 -992986.191932
21 18 -0.000110
22 18 31030.821045
23 18 124123.270255
24 18 -0.000028
92 18 24613.292540
93 18 -111111.111125
94 18 -196906.320148
95 18 444444.444389
100 18 389508.728849
101 18 -0.000231
102 18 -248246.552332
103 18 -444444.443927
108 18 31030.821109
109 18 111111.110894
10 19 -111111.111097
11 19 0.000000
12 19 -0.000028
13 19 222927.070096
14 19 0.000000
15 19 891708.285069
16 19 -0.000434
17 19 -0.000000
18 19 -0.000000
19 19 399750.367337
20 19 -0.000000
21 19 707292.773242
22 19 111111.111531
23 19 0.000028
24 19 176823.195834
92 19 111111.111125
93 19 -111463.533176
94 19 0.000000
95 19 -445854.157199
100 19 0.000434
101 19 -199875.154409
102 19 -0.000000
103 19 -353646.405157
108 19 -111111.111559
109 19 -88411.595569
16 20 -248246.552101
17 20 496493.052123
18 20 -992986.191932
19 20 -0.000000
20 20 1985972.493833
21 20 -0.000000
22 20 -248246.553069
23 20 -992986.195807
24 20 0.000000
100 20 -248246.552332
101 20 444444.444907
102 20 496493.052586
103 20 -0.000925
108 20 -248246.553301
109 20 -444444.443982
16 21 -444444.444389
17 21 -0.000000
18 21 -0.000110
19 21 707292.773242
20 21 -0.000000
21 21 2829171.303100
22 21 444444.444389
23 21 0.000110
24 21 707292.767721
100 21 444444.444500
101 21 -353646.405157
102 21 0.000000
103 21 -1414585.613984
108 21 -444444.444500
109 21 -353646.402397
16 22 -62061.637298
17 22 -62061.638787
18 22 31030.821045
19 22 111111.111531
20 22 -248246.553069
21 22 444444.444389
22 22 249338.082800
23 22 426210.953290
24 22 -7348.037447
25 22 -57749.437155
26 22 -254906.512464
27 22 -472449.709796
63 22 -55732.726796
64 22 21092.042955
65 22 -119237.443431
100 22 77577.044333
101 22 -83333.333575
102 22 -62061.633514
103 22 -111111.110968
108 22 -36065.161923
109 22 1151.617978
110 22 -45051.877537
111 22 124439.795913
116 22 78688.234119
117 22 87253.633904
16 23 31030.821045
17 23 -248246.553069
18 23 124123.270255
19 23 0.000028
20 23 -992986.195807
21 23 0.000110
22 23 426210.953290
23 23 1726146.071973
24 23 8663.438578
25 23 -231031.339256
26 23 -922327.050655
27 23 39658.311997
63 23 32380.020503
64 23 111695.920702
65 23 7417.403208
100 23 31030.821109
101 23 -111111.111356
102 23 -248246.553301
103 23 444444.444852
108 23 403068.590803
109 23 -15394.018842
110 23 -277469.906274
111 23 -470471.441266
116 23 34621.128683
117 23 111659.128902
16 24 -111111.110664
17 24 0.000000
18 24 -0.000028
19 24 176823.195834
20 24 0.000000
21 24 707292.767721
22 24 -7348.037447
23 24 8663.438578
24 24 372663.284962
25 24 -21.995702
26 24 39458.845249
27 24 783139.756124
63 24 103631.143616
64 24 11108.050728
65 24 196597.654912
100 24 111111.110691
101 24 -88411.595569
102 24 0.000000
103 24 -353646.402397
108 24 -2309.097515
109 24 -186734.569973
110 24 -39485.682466
111 24 -392990.412643
116 24 -113696.665042
117 24 -96330.793482
22 25 -57749.437155
23 25 -231031.339256
24 25 -21.995702
25 25 112221.228979
26 25 448856.490556
27 25 -2523.614225
63 25 -54012.908409
64 25 -215997.293635
65 25 2460.252902
108 25 -47133.637991
109 25 109464.617280
110 25 110712.129091
111 25 -11043.986097
116 25 -65865.232179
117 25 -113163.516799
22 26 -254906.512464
23 26 -922327.050655
24 26 39458.845249
25 26 448856.490556
26 26 1803299.473567
27 26 148048.903588
63 26 -195113.531165
64 26 -861700.385833
65 26 49540.313150
108 26 -166553.738757
109 26 417980.543711
110 26 434851.543286
111 26 -123531.873936
116 26 -286406.288535
117 26 -472082.640497
22 27 -472449.709796
23 27 39658.311997
24 27 783139.756124
25 27 -2523.614225
26 27 148048.903588
27 27 3131731.536527
63 27 415580.098335
64 27 49107.706003
65 27 786115.684362
108 27 436108.441723
109 27 -395556.866338
110 27 -160301.139416
111 27 -1571279.111169
116 27 -453228.998209
117 27 -382758.541443
1 28 61941.618198
2 28 247766.356497
3 28 0.000000
4 28 -30970.802485
6 28 -123883.231519
7 28 0.000000
28 28 130232.391394
29 28 -0.000000
30 28 273162.424487
31 28 0.000000
32 28 68290.631974
33 28 -0.000115
84 28 -65116.107072
85 28 -0.000052
88 28 -136581.260585
89 28 0.000000
124 28 -34145.309994
125 28 -111111.111053
1 29 -0.000115
2 29 -0.000462
3 29 -2834653.426362
4 29 -111111.111026
6 29 444444.444620
7 29 -708663.347368
28 29 -0.000000
29 29 4730046.712274
30 29 0.000462
31 29 -2571114.219228
32 29 0.000115
33 29 321389.275867
84 29 0.000028
85 29 1182511.646702
88 29 -444444.444675
89 29 -642778.546987
124 29 111111.111053
125 29 80347.318954
28 30 273162.424487
29 30 0.000462
30 30 1092650.177139
31 30 -0.000000
32 30 273162.424487
33 30 -0.000462
84 30 -136581.260585
85 30 444444.444214
88 30 -546324.992685
89 30 0.000000
124 30 -136581.260585
125 30 -444444.444214
28 31 0.000000
29 31 -2571114.219228
30 31 -0.000000
31 31 5142228.479431
32 31 -0.000000
33 31 -2571114.219228
84 31 444444.444444
85 31 -642778.546987
88 31 0.000000
89 31 1285557.073486
124 31 -444444.444444
125 31 -642778.546987
28 32 68290.631974
29 32 0.000115
30 32 273162.424487
31 32 -0.000000
32 32 143581.183808
33 32 -0.000000
34 32 301161.588395
35 32 0.000000
36 32 75290.419918
37 32 -0.000115
84 32 -34145.309994
85 32 111111.111053
88 32 -136581.260585
89 32 0.000000
124 32 -71790.511531
125 32 0.000043
126 32 -150580.838070
127 32 0.000000
132 32 -37645.204530
133 32 -111111.111096
28 33 -0.000115
29 33 321389.275867
30 33 -0.000462
31 33 -2571114.219228
32 33 -0.000000
33 33 4290291.804714
34 33 0.000462
35 33 -2332076.386489
36 33 0.000115
37 33 291509.546673
84 33 -111111.111053
85 33 80347.318954
88 33 444444.444675
89 33 -642778.546987
124 33 -0.000023
125 33 1072572.920437
126 33 -444444.444630
127 33 -583019.090130
132 33 111111.111031
133 33 72877.386957
32 34 301161.588395
33 34 0.000462
34 34 1204646.790961
35 34 -0.000000
36 34 301161.588164
37 34 -0.000462
124 34 -150580.838070
125 34 444444.444214
126 34 -602323.308614
127 34 0.000000
132 34 -150580.837955
133 34 -444444.444214
32 35 0.000000
33 35 -2332076.386489
34 35 -0.000000
35 35 4664152.819045
36 35 -0.000000
37 35 -2332076.387382
124 35 444444.444490
125 35 -583019.090130
126 35 -0.000091
127 35 1166038.157895
132 35 -444444.444399
133 35 -583019.090353
32 36 75290.419918
33 36 0.000115
34 36 301161.588164
35 36 -0.000000
36 36 158298.229832
37 36 0.000000
38 36 332030.664404
39 36 -0.000000
40 36 83007.686162
41 36 -0.000115
124 36 -37645.204530
125 36 111111.111011
126 36 -150580.837955
127 36 0.000000
132 36 -79149.042029
133 36 0.000043
134 36 -166015.372025
135 36 0.000000
140 36 -41503.838164
141 36 -111111.111053
32 37 -0.000115
33 37 291509.546673
34 37 -0.000462
35 37 -2332076.387382
36 37 0.000000
37 37 3891421.142841
38 37 0.000462
39 37 -2115262.030308
40 37 0.000115
41 37 264407.751921
124 37 -111111.111076
125 37 72877.386957
126 37 444444.444721
127 37 -583019.090353
132 37 -0.000023
133 37 972855.255301
134 37 -444444.444675
135 37 -528815.502350
140 37 111111.111053
141 37 66101.938573
36 38 332030.664404
37 38 0.000462
38 38 1328123.058286
39 38 0.000000
40 38 332030.664404
41 38 -0.000462
132 38 -166015.372025
133 38 444444.444214
134 38 -664061.450467
135 38 0.000000
140 38 -166015.372025
141 38 -444444.444214
36 39 -0.000000
37 39 -2115262.030308
38 39 0.000000
39 39 4230524.110421
40 39 -0.000000
41 39 -2115262.030308
132 39 444444.444444
133 39 -528815.502350
134 39 0.000000
135 39 1057630.979798
140 39 -444444.444444
141 39 -528815.502350
36 40 83007.686162
37 40 0.000115
38 40 332030.664404
39 40 -0.000000
40 40 153994.971586
41 40 -0.000000
42 40 283948.536632
43 40 0.000000
44 40 70987.158501
45 40 -0.000115
132 40 -41503.838164
133 40 111111.111053
134 40 -166015.372025
135 40 0.000000
140 40 -76997.410584
141 40 0.000452
142 40 -141974.314831
143 40 0.000000
148 40 -35493.573488
149 40 -111111.111505
36 41 -0.000115
37 41 264407.751921
38 41 -0.000462
39 41 -2115262.030308
40 41 -0.000000
41 41 4015120.901363
42 41 0.000462
43 41 -2473447.541609
44 41 0.000115
45 41 309180.941732
132 41 -111111.111053
133 41 66101.938573
134 41 444444.444675
135 41 -528815.502350
140 41 -0.000241
141 41 1003780.194805
142 41 -444444.444194
143 41 -618361.878117
148 41 111111.110813
149 41 77295.235540
40 42 283948.536632
41 42 0.000462
42 42 1135794.604169
43 42 -0.000000
44 42 283948.534324
45 42 -0.000462
140 42 -141974.314831
141 42 444444.444214
142 42 -567897.209883
143 42 0.000000
148 42 -141974.313677
149 42 -444444.444214
40 43 0.000000
41 43 -2473447.541609
42 43 -0.000000
43 43 4946895.135863
44 43 -0.000000
45 43 -2473447.551662
140 43 444444.444926
141 43 -618361.878117
142 43 -0.000963
143 43 1236723.737451
148 43 -444444.443963
149 43 -618361.880630
40 44 70987.158501
41 44 0.000115
42 44 283948.534324
43 44 -0.000000
44 44 167585.889317
45 44 -0.000000
46 44 386394.374413
47 44 0.000000
48 44 96598.609705
49 44 -0.000115
140 44 -35493.573488
141 44 111111.110602
142 44 -141974.313677
143 44 0.000000
148 44 -83792.874339
149 44 0.000452
150 44 -193197.221476
151 44 0.000000
156 44 -48299.300639
157 44 -111111.111053
40 45 -0.000115
41 45 309180.941732
42 45 -0.000462
43 45 -2473447.551662
44 45 -0.000000
45 45 3754715.272249
46 45 0.000462
47 45 -1817655.582866
48 45 0.000115
49 45 227206.945685
140 45 -111111.111294
141 45 77295.235540
142 45 444444.445157
143 45 -618361.880630
148 45 -0.000241
149 45 938678.787385
150 45 -444444.444675
151 45 -454413.892362
156 45 111111.111053
157 45 56801.737499
44 46 386394.374413
45 46 0.000462
46 46 1545577.848015
47 46 -0.000000
48 46 386394.374413
49 46 -0.000462
148 46 -193197.221476
149 46 444444.444214
150 46 -772788.856598
151 46 0.000000
156 46 -193197.221476
157 46 -444444.444214
44 47 0.000000
45 47 -1817655.582866
46 47 -0.000000
47 47 3635311.223691
48 47 0.000000
49 47 -1817655.582866
148 47 444444.444444
149 47 -454413.892362
150 47 0.000000
151 47 908827.755745
156 47 -444444.444444
157 47 -454413.892362
44 48 96598.609705
45 48 0.000115
46 48 386394.374413
47 48 0.000000
48 48 228049.132586
49 48 -0.000000
50 48 525801.634440
51 48 0.000000
52 48 131450.417722
53 48 -0.000115
148 48 -48299.300639
149 48 111111.111053
150 48 -193197.221476
151 48 0.000000
156 48 -114024.514668
157 48 0.000000
158 48 -262900.842521
159 48 0.000000
164 48 -65725.205794
165 48 -111111.111053
44 49 -0.000115
45 49 227206.945685
46 49 -0.000462
47 49 -1817655.582866
48 49 -0.000000
49 49 2759217.280851
50 49 0.000462
51 49 -1335735.550292
52 49 0.000115
53 49 166966.940829
148 49 -111111.111053
149 49 56801.737499
150 49 444444.444675
151 49 -454413.892362
157 49 689804.288228
158 49 -444444.444675
159 49 -333933.887829
164 49 111111.111053
165 49 41741.737360
48 50 525801.634440
49 50 0.000462
50 50 2103206.809742
51 50 0.000000
52 50 525801.634440
53 50 -0.000462
156 50 -262900.842521
157 50 444444.444214
158 50 -1051603.355805
159 50 0.000000
164 50 -262900.842521
165 50 -444444.444214
48 51 0.000000
49 51 -1335735.550292
50 51 0.000000
51 51 2671471.179454
52 51 -0.000000
53 51 -1335735.550292
156 51 444444.444444
157 51 -333933.887829
158 51 0.000000
159 51 667867.736223
164 51 -444444.444444
165 51 -333933.887829
48 52 131450.417722
49 52 0.000115
50 52 525801.634440
51 52 -0.000000
52 52 310326.927846
53 52 -0.000000
54 52 715505.632613
55 52 0.000000
56 52 178876.410858
57 52 -0.000115
156 52 -65725.205794
157 52 111111.111053
158 52 -262900.842521
159 52 -0.000000
164 52 -155163.426055
165 52 0.000179
166 52 -357752.835060
167 52 0.000000
172 52 -89438.203216
173 52 -111111.111233
48 53 -0.000115
49 53 166966.940829
50 53 -0.000462
51 53 -1335735.550292
52 53 -0.000000
53 53 2027658.421974
54 53 0.000462
55 53 -981588.299470
56 53 0.000115
57 53 122698.533508
156 53 -111111.111053
157 53 41741.737360
158 53 444444.444675
159 53 -333933.887829
164 53 -0.000096
165 53 506914.569142
166 53 -444444.444484
167 53 -245397.078758
172 53 111111.110958
173 53 30674.636810
52 54 715505.632613
53 54 0.000462
54 54 2862022.745453
55 54 -0.000000
56 54 715505.630305
57 54 -0.000462
164 54 -357752.835060
165 54 444444.444214
166 54 -1431011.337310
167 54 0.000000
172 54 -357752.833906
173 54 -444444.444214
52 55 0.000000
53 55 -981588.299470
54 55 -0.000000
55 55 1963176.707849
56 55 -0.000000
57 55 -981588.301053
164 55 444444.444636
165 55 -245397.078758
166 55 -0.000382
167 55 490794.104249
172 55 -444444.444253
173 55 -245397.079154
52 56 178876.410858
53 56 0.000115
54 56 715505.630305
55 56 -0.000000
56 56 422289.740897
57 56 0.000000
58 56 973652.927180
59 56 -0.000000
164 56 -89438.203216
165 56 111111.110874
166 56 -357752.833906
167 56 -0.000000
172 56 -211144.842715
173 56 0.000179
174 56 -486826.477589
175 56 0.000000
52 57 -0.000115
53 57 122698.533508
54 57 -0.000462
55 57 -981588.301053
56 57 0.000000
57 57 1490059.784907
58 57 0.000462
59 57 -721337.084047
164 57 -111111.111149
165 57 30674.636810
166 57 444444.444866
167 57 -245397.079154
172 57 -0.000096
173 57 372514.902032
174 57 -444444.444675
175 57 -180334.278909
56 58 973652.927180
57 58 0.000462
58 58 3894611.896981
59 58 -0.000000
172 58 -486826.477589
173 58 444444.444214
174 58 -1947305.923336
175 58 0.000000
56 59 -0.000000
57 59 -721337.084047
58 59 -0.000000
59 59 1442674.314143
172 59 444444.444444
173 59 -180334.278909
174 59 0.000000
175 59 360668.484795
60 60 113774.964364
61 60 454928.459258
62 60 -8458.436154
63 60 -58700.860561
64 60 -234836.519832
65 60 2666.347658
69 60 -54595.348326
70 60 -218189.693351
71 60 5664.051635
116 60 -46905.761866
117 60 110571.684116
118 60 112071.331153
119 60 -14757.337849
180 60 -67546.570841
181 60 -111817.683003
60 61 454928.459258
61 61 1828624.592221
62 61 138195.605942
63 61 -261275.942503
64 61 -936922.442596
65 61 53455.227167
69 61 -195341.569026
70 61 -869733.119260
71 61 66089.073611
116 61 -163396.868512
117 61 420058.152500
118 61 438545.347294
119 61 -145330.835410
180 61 -295428.456876
181 61 -467738.044524
60 62 -8458.436154
61 62 138195.605942
62 62 3084574.787867
63 62 -471822.870723
64 62 54576.661697
65 62 767017.741394
69 62 415648.795820
70 62 64580.919354
71 62 778404.096628
116 62 436553.894588
117 62 -403756.575073
118 62 -179928.678315
119 62 -1546529.817906
180 62 -449345.892209
181 62 -361644.317450
22 63 -55732.726796
23 63 32380.020503
24 63 103631.143616
25 63 -54012.908409
26 63 -195113.531165
27 63 415580.098335
60 63 -58700.860561
61 63 -261275.942503
62 63 -471822.870723
63 63 227298.561194
64 63 395873.033869
65 63 -18962.789946
69 63 -56506.703848
70 63 20673.331369
71 63 -120975.687907
108 63 61873.214709
109 63 -78665.644505
110 63 -63712.577864
111 63 -98547.790259
116 63 -28897.196263
117 63 2644.086742
118 63 -44598.719659
119 63 126926.383111
180 63 80453.005425
181 63 85991.178709
22 64 21092.042955
23 64 111695.920702
24 64 11108.050728
25 64 -215997.293635
26 64 -861700.385833
27 64 49107.706003
60 64 -234836.519832
61 64 -936922.442596
62 64 54576.661697
63 64 395873.033869
64 64 1583950.552336
65 64 2264.234943
69 64 33164.867708
70 64 113248.533272
71 64 6496.767391
108 64 23373.556850
109 64 -112128.088667
110 64 -173508.784979
111 64 415289.766380
116 64 391294.875706
117 64 -40084.931263
118 64 -286470.308956
119 64 -466724.999991
180 64 35742.352431
181 64 111060.559269
22 65 -119237.443431
23 65 7417.403208
24 65 196597.654912
25 65 2460.252902
26 65 49540.313150
27 65 786115.684362
60 65 2666.347658
61 65 53455.227167
62 65 767017.741394
63 65 -18962.789946
64 65 2264.234943
65 65 388431.792265
69 65 102085.277106
70 65 10796.825449
71 65 193785.583097
108 65 109024.909481
109 65 -97478.325529
110 65 -37669.941673
111 65 -399537.780023
116 65 -10896.303655
117 65 -194792.492593
118 65 -39453.171249
119 65 -379862.808467
180 65 -113491.141111
181 65 -93333.107429
66 66 114093.791536
67 66 455803.212353
68 66 -15962.014777
69 66 -58999.032719
70 66 -235929.498862
71 66 6118.776535
75 66 -54593.454870
76 66 -217883.543680
77 66 9682.820132
180 66 -46149.934791
181 66 112103.300433
182 66 112060.535169
183 66 -19271.775763
188 66 -68402.074136
189 66 -110038.665159
66 67 455803.212353
67 67 1832088.393933
68 67 121356.899079
69 67 -264537.200821
70 67 -940167.457470
71 67 70176.029055
75 67 -193453.337256
76 67 -867274.772080
77 67 85791.625187
180 67 -158397.885435
181 67 423447.423165
182 67 436549.683288
183 67 -169883.625454
188 67 -300610.636513
189 67 -461091.223357
66 68 -15962.014777
67 68 121356.899079
68 68 3073363.544999
69 68 -470132.256935
70 68 72296.586052
71 68 757807.912251
75 68 416517.969123
76 68 83031.567431
77 68 780157.685812
180 68 437296.089149
181 68 -420534.542117
182 68 -200333.558776
183 68 -1538353.504920
188 68 -444071.280347
189 68 -341079.460121
60 69 -54595.348326
61 69 -195341.569026
62 69 415648.795820
63 69 -56506.703848
64 69 33164.867708
65 69 102085.277106
66 69 -58999.032719
67 69 -264537.200821
68 69 -470132.256935
69 69 229165.213975
70 69 398959.897928
71 69 -24601.840194
75 69 -56626.886179
76 69 19979.722481
77 69 -122971.807746
116 69 61935.213349
117 69 -79504.258540
118 69 -65203.806735
119 69 -96014.532988
180 69 -29012.252680
181 69 2953.387750
182 69 -43603.985257
183 69 129731.532729
188 69 81221.870150
189 69 84230.578404
60 70 -218189.693351
61 70 -869733.119260
62 70 64580.919354
63 70 20673.331369
64 70 113248.533272
65 70 10796.825449
66 70 -235929.498862
67 70 -940167.457470
68 70 72296.586052
69 70 398959.897928
70 70 1594814.761166
71 70 -19533.939808
75 70 33509.272577
76 70 113424.148869
77 70 5047.758210
116 70 23308.213567
117 70 -112944.771343
118 70 -171740.136397
119 70 417579.577116
180 70 393096.299665
181 70 -54025.030744
182 70 -291730.208551
183 70 -460679.417389
188 70 36455.655478
189 70 110260.192519
60 71 5664.051635
61 71 66089.073611
62 71 778404.096628
63 71 -120975.687907
64 71 6496.767391
65 71 193785.583097
66 71 6118.776535
67 71 70176.029055
68 71 757807.912251
69 71 -24601.840194
70 71 -19533.939808
71 71 385177.717291
75 71 100286.649761
76 71 10113.002012
77 71 193183.555777
116 71 108949.038956
117 71 -97133.337658
118 71 -38953.457775
119 71 -402368.894823
180 71 -18584.110159
181 71 -192325.033506
182 71 -38101.494071
183 71 -369170.882394
188 71 -113142.859042
189 71 -91019.289139
72 72 113278.585174
73 72 451684.684535
74 72 -25212.642444
75 72 -58696.461531
76 72 -234431.461661
77 72 10417.910980
81 72 -54055.806223
82 72 -215158.121189
83 72 14628.378126
188 72 -44844.240103
189 72 114127.997500
190 72 110676.347358
191 72 -24738.357346
196 72 -68453.526360
197 72 -107831.726206
72 73 451684.684535
73 73 1813743.578599
74 73 97661.557996
75 73 -264845.124720
76 73 -932126.282651
77 73 90056.375071
81 73 -189507.796823
82 73 -854265.136337
83 73 109238.619821
188 73 -151364.529026
189 73 428051.944367
190 73 428631.266520
191 73 -198086.851277
196 73 -301950.660098
197 73 -452024.863894
72 74 -25212.642444
73 74 97661.557996
74 74 3097595.786340
75 74 -467439.360980
76 74 93385.618537
77 74 754572.439245
81 74 418172.051490
82 74 104867.948825
83 74 790975.906688
188 74 438169.659226
189 74 -446934.108880
190 74 -222412.704890
191 74 -1545924.255407
196 74 -437192.127759
197 74 -320131.842523
66 75 -54593.454870
67 75 -193453.337256
68 75 416517.969123
69 75 -56626.886179
70 75 33509.272577
71 75 100286.649761
72 75 -58696.461531
73 75 -264845.124720
74 75 -467439.360980
75 75 228557.702825
76 75 397639.509396
77 75 -31250.595719
81 75 -56104.976903
82 75 19018.653535
83 75 -125304.360628
180 75 61282.414624
181 75 -80733.299474
182 75 -65871.222845
183 75 -93068.483460
188 75 -28787.901229
189 75 3261.039393
190 75 -42037.964068
191 75 132982.583805
196 75 81009.776644
197 75 81964.303058
66 76 -217883.543680
67 76 -867274.772080
68 76 83031.567431
69 76 19979.722481
70 76 113424.148869
71 76 10113.002012
72 76 -234431.461661
73 76 -932126.282651
74 76 93385.618537
75 76 397639.509396
76 76 1586646.891965
77 76 -47109.118056
81 76 33447.514883
82 76 112224.562883
83 76 3073.299808
180 76 23000.989168
181 76 -113983.222548
182 76 -167920.035946
183 76 421163.140153
188 76 389785.723666
189 76 -70915.436158
190 76 -293264.547930
191 76 -452278.994665
196 76 36751.580635
197 76 109227.937741
66 77 9682.820132
67 77 85791.625187
68 77 780157.685812
69 77 -122971.807746
70 77 5047.758210
71 77 193183.555777
72 77 10417.910980
73 77 90056.375071
74 77 754572.439245
75 77 -31250.595719
76 77 -47109.118056
77 77 387294.017768
81 77 98189.054657
82 77 9054.954008
83 77 194750.839509
180 77 108954.430566
181 77 -98284.229455
182 77 -39676.326817
183 77 -412113.831752
188 77 -28064.974061
189 77 -191263.313736
190 77 -35488.293138
191 77 -360509.760543
196 77 -112633.813275
197 77 -89278.679925
78 78 111456.652561
79 78 442764.349975
80 78 -36448.993748
81 78 -57857.154336
82 78 -230457.078647
83 78 15678.677272
196 78 -42951.334498
197 78 116757.146192
198 78 107878.400198
199 78 -31348.309296
78 79 442764.349975
79 79 1773159.980417
80 79 67138.351875
81 79 -262332.455741
82 79 -912592.030483
83 79 113572.998043
196 79 -142025.010233
197 79 433744.593236
198 79 414292.356952
199 79 -230901.987973
78 80 -36448.993748
79 80 67138.351875
80 80 3160322.895630
81 80 -463788.898086
82 80 118520.907375
83 80 756804.662533
196 80 438923.221694
197 80 -484986.584442
198 80 -247083.234197
199 80 -1569943.875530
72 81 -54055.806223
73 81 -189507.796823
74 81 418172.051490
75 81 -56104.976903
76 81 33447.514883
77 81 98189.054657
78 81 -57857.154336
79 81 -262332.455741
80 81 -463788.898086
81 81 225597.509282
82 81 392046.082316
83 81 -39128.826467
188 81 59900.405510
189 81 -82385.410270
190 81 -65735.587253
191 81 -89611.919944
196 81 -28219.380962
197 81 3573.449854
198 81 -39848.889412
199 81 136841.296953
72 82 -215158.121189
73 82 -854265.136337
74 82 104867.948825
75 82 19018.653535
76 82 112224.562883
77 82 9054.954008
78 82 -230457.078647
79 82 -912592.030483
80 82 118520.907375
81 82 392046.082316
82 82 1559240.048567
83 82 -80974.695398
188 82 22419.555008
189 82 -115259.815409
190 82 -161869.383496
191 82 425999.718656
196 82 381112.744422
197 82 -91178.642821
198 82 -290954.948537
199 82 -441441.571980
72 83 14628.378126
73 83 109238.619821
74 83 790975.906688
75 83 -125304.360628
76 83 3073.299808
77 83 194750.839509
78 83 15678.677272
79 83 113572.998043
80 83 756804.662533
81 83 -39128.826467
82 83 -80974.695398
83 83 395626.003382
188 83 109014.280938
189 83 -100991.787933
190 83 -40056.026183
191 83 -429501.434083
196 83 -39510.750401
197 83 -191155.171819
198 83 -31650.756737
199 83 -353782.001518
1 84 -30970.802485
2 84 -123883.231519
3 84 -444444.444500
4 84 -17504.187344
5 84 -39045.954268
6 84 245058.629990
7 84 0.000216
8 84 -156183.836820
9 84 444444.444500
10 84 48807.444943
12 84 19522.982775
13 84 111111.111125
28 84 -65116.107072
29 84 0.000028
30 84 -136581.260585
31 84 444444.444444
32 84 -34145.309994
33 84 -111111.111053
84 84 294420.560058
85 84 0.000000
86 84 -82094.119338
87 84 -0.000028
88 84 270177.146867
89 84 -0.000216
90 84 -172192.678337
91 84 -444444.444444
92 84 -82094.129330
93 84 0.000019
96 84 21524.087660
97 84 -111111.111111
124 84 -19298.367475
125 84 0.000079
128 84 -43048.164779
129 84 111111.111111
204 84 53810.208144
205 84 83333.333333
1 85 -111111.111002
2 85 -444444.444214
3 85 -708663.347368
4 85 0.000079
5 85 111111.111059
6 85 -0.000115
7 85 -317691.774764
8 85 444444.444444
9 85 -562103.638544
10 85 -83333.333301
12 85 -111111.111125
13 85 -140525.902434
28 85 -0.000052
29 85 1182511.646702
30 85 444444.444214
31 85 -642778.546987
32 85 111111.111053
33 85 80347.318954
84 85 0.000000
85 85 1211695.108157
86 85 0.000052
87 85 937954.668972
88 85 0.000115
89 85 -288155.804172
90 85 -444444.444445
91 85 -509844.570770
92 85 -0.000019
93 85 -66996.767613
96 85 111111.111111
97 85 -127461.135988
124 85 -0.000079
125 85 -288155.771866
128 85 -111111.111111
129 85 63730.572315
204 85 83333.333333
205 85 159326.424529
4 86 -39045.954268
5 86 78091.919075
6 86 -156183.836820
7 86 0.000000
8 86 312367.589325
9 86 -0.000000
10 86 -39045.954268
12 86 -156183.836820
13 86 0.000000
84 86 -82094.119338
85 86 0.000052
86 86 164188.379370
87 86 -0.000000
88 86 -172192.678337
89 86 0.000000
90 86 344385.280197
91 86 0.000000
92 86 -82094.119338
93 86 -0.000052
96 86 -172192.678337
97 86 0.000000
124 86 -43048.164779
125 86 111111.111111
128 86 86096.339118
129 86 -0.000000
204 86 -43048.164779
205 86 -111111.111111
4 87 111111.111084
5 87 -0.000000
6 87 -444444.444389
7 87 -562103.638543
8 87 -0.000000
9 87 -2248414.573844
10 87 -111111.111083
12 87 444444.444389
13 87 -562103.638544
84 87 -0.000028
85 87 937954.668972
86 87 -0.000000
87 87 3751818.791273
88 87 444444.444444
89 87 -509844.570770
90 87 0.000000
91 87 -2039378.298174
92 87 0.000028
93 87 937954.668972
96 87 -444444.444444
97 87 -509844.570770
124 87 -111111.111111
125 87 63730.572315
128 87 0.000000
129 87 254922.285335
204 87 111111.111111
205 87 63730.572315
28 88 -136581.260585
29 88 -444444.444675
30 88 -546324.992685
31 88 0.000000
32 88 -136581.260585
33 88 444444.444675
84 88 270177.146867
85 88 0.000115
86 88 -172192.678337
87 88 444444.444444
88 88 1080708.811149
89 88 -0.000000
90 88 -688770.677794
91 88 0.000000
92 88 21524.087660
93 88 -111111.111111
96 88 86096.328988
97 88 0.000000
124 88 270177.146867
125 88 -0.000115
128 88 -172192.678337
129 88 -444444.444444
204 88 21524.087660
205 88 111111.111111
28 89 0.000000
29 89 -642778.546987
30 89 0.000000
31 89 1285557.073486
32 89 0.000000
33 89 -642778.546987
84 89 -0.000216
85 89 -288155.804172
86 89 0.000000
87 89 -509844.570770
88 89 -0.000000
89 89 576311.648871
90 89 0.000000
91 89 1019689.115711
92 89 111111.111111
93 89 -127461.135988
96 89 0.000000
97 89 254922.275205
124 89 0.000216
125 89 -288155.804172
128 89 0.000000
129 89 -509844.570770
204 89 -111111.111111
205 89 -127461.135988
84 90 -172192.678337
85 90 -444444.444445
86 90 344385.280197
87 90 0.000000
88 90 -688770.677794
89 90 0.000000
90 90 1377541.508541
91 90 -0.000000
92 90 -172192.678337
93 90 444444.444444
96 90 -688770.677794
97 90 0.000000
124 90 -172192.678337
125 90 444444.444444
128 90 344385.280197
129 90 -0.000000
204 90 -172192.678337
205 90 -444444.444444
84 91 -444444.444444
85 91 -509844.570770
86 91 0.000000
87 91 -2039378.298174
88 91 0.000000
89 91 1019689.115711
90 91 -0.000000
91 91 4078756.648006
92 91 444444.444444
93 91 -509844.570770
96 91 0.000000
97 91 1019689.115712
124 91 444444.444444
125 91 -509844.570770
128 91 -0.000000
129 91 -2039378.298174
204 91 -444444.444444
205 91 -509844.570770
4 92 48807.444943
5 92 -39045.954268
6 92 19522.982775
7 92 -111111.111125
8 92 -156183.836820
9 92 -444444.444500
10 92 -22068.132062
11 92 -49226.575291
12 92 308953.843854
13 92 -0.000000
14 92 -196906.320148
15 92 444444.444500
16 92 61533.221402
18 92 24613.292540
19 92 111111.111125
84 92 -82094.129330
85 92 -0.000019
86 92 -82094.119338
87 92 0.000028
88 92 21524.087660
89 92 111111.111111
90 92 -172192.678337
91 92 444444.444444
92 92 371186.075887
93 92 0.000000
94 92 -103498.880709
95 92 -0.000028
96 92 340621.618571
97 92 0.000000
98 92 -217089.216518
99 92 -444444.444444
100 92 -103498.883438
101 92 0.000019
104 92 27136.154339
105 92 -111111.111111
124 92 53810.208144
125 92 -83333.333333
128 92 -43048.164779
129 92 -111111.111111
204 92 -24330.116333
205 92 -0.000000
206 92 -54272.299412
207 92 111111.111111
212 92 67840.376666
213 92 83333.333333
4 93 83333.333301
5 93 -111111.111059
6 93 111111.111125
7 93 -140525.902434
8 93 -444444.444444
9 93 -562103.638544
10 93 -0.000000
11 93 111111.111059
12 93 -0.000000
13 93 -251989.469436
14 93 444444.444445
15 93 -445854.157198
16 93 -83333.333301
18 93 -111111.111125
19 93 -111463.533176
84 93 0.000019
85 93 -66996.767613
86 93 -0.000052
87 93 937954.668972
88 93 -111111.111111
89 93 -127461.135988
90 93 444444.444444
91 93 -509844.570770
92 93 0.000000
93 93 961102.665482
94 93 0.000052
95 93 743974.876042
96 93 0.000000
97 93 -228561.876225
98 93 -444444.444445
99 93 -404402.864412
100 93 -0.000019
101 93 -53141.066725
104 93 111111.111111
105 93 -101100.710332
124 93 -83333.333333
125 93 159326.424529
128 93 111111.111111
129 93 63730.572315
204 93 0.000000
205 93 -228561.853033
206 93 -111111.111111
207 93 50550.359273
212 93 83333.333333
213 93 126375.891633
10 94 -49226.575291
11 94 98453.158941
12 94 -196906.320148
13 94 -0.000000
14 94 393812.573417
15 94 0.000000
16 94 -49226.575291
18 94 -196906.320148
19 94 0.000000
92 94 -103498.880709
93 94 0.000052
94 94 206997.873013
95 94 -0.000000
96 94 -217089.216518
97 94 -0.000000
98 94 434178.372375
99 94 0.000000
100 94 -103498.880709
101 94 -0.000052
104 94 -217089.216518
105 94 0.000000
204 94 -54272.299412
205 94 111111.111111
206 94 108544.606407
207 94 -0.000000
212 94 -54272.299412
213 94 -111111.111111
10 95 111111.111084
11 95 -0.000000
12 95 -444444.444389
13 95 -445854.157198
14 95 -0.000000
15 95 -1783416.637823
16 95 -111111.111083
18 95 444444.444389
19 95 -445854.157199
92 95 -0.000028
93 95 743974.876042
94 95 -0.000000
95 95 2975899.623327
96 95 444444.444444
97 95 -404402.864412
98 95 0.000000
99 95 -1617611.462373
100 95 0.000028
101 95 743974.876042
104 95 -444444.444445
105 95 -404402.864412
204 95 -111111.111111
205 95 50550.359273
206 95 0.000000
207 95 202201.430354
212 95 111111.111111
213 95 50550.359273
84 96 21524.087660
85 96 111111.111111
86 96 -172192.678337
87 96 -444444.444444
88 96 86096.328988
89 96 0.000000
90 96 -688770.677794
91 96 0.000000
92 96 340621.618571
93 96 0.000000
94 96 -217089.216518
95 96 444444.444444
96 96 1362486.659286
97 96 0.000000
98 96 -868356.842700
99 96 -0.000000
100 96 27136.154339
101 96 -111111.111111
104 96 108544.600788
105 96 -0.000000
124 96 21524.087660
125 96 -111111.111111
128 96 -172192.678337
129 96 444444.444444
204 96 340621.618571
205 96 -0.000000
206 96 -217089.216518
207 96 -444444.444444
212 96 27136.154339
213 96 111111.111111
84 97 -111111.111111
85 97 -127461.135988
86 97 0.000000
87 97 -509844.570770
88 97 0.000000
89 97 254922.275205
90 97 0.000000
91 97 1019689.115712
92 97 0.000000
93 97 -228561.876225
94 97 -0.000000
95 97 -404402.864412
96 97 0.000000
97 97 457123.803544
98 97 -0.000000
99 97 808805.696260
100 97 111111.111111
101 97 -101100.710332
104 97 0.000000
105 97 202201.424735
124 97 111111.111111
125 97 -127461.135988
128 97 -0.000000
129 97 -509844.570770
204 97 -0.000000
205 97 -228561.876225
206 97 -0.000000
207 97 -404402.864412
212 97 -111111.111111
213 97 -101100.710332
92 98 -217089.216518
93 98 -444444.444445
94 98 434178.372375
95 98 0.000000
96 98 -868356.842700
97 98 -0.000000
98 98 1736713.806722
99 98 0.000000
100 98 -217089.216518
101 98 444444.444444
104 98 -868356.842700
105 98 0.000000
204 98 -217089.216518
205 98 444444.444445
206 98 434178.372375
207 98 -0.000000
212 98 -217089.216518
213 98 -444444.444444
92 99 -444444.444444
93 99 -404402.864412
94 99 0.000000
95 99 -1617611.462373
96 99 -0.000000
97 99 808805.696260
98 99 0.000000
99 99 3235222.989872
100 99 444444.444444
101 99 -404402.864412
104 99 0.000000
105 99 808805.696260
204 99 444444.444444
205 99 -404402.864412
206 99 -0.000000
207 99 -1617611.462373
212 99 -444444.444444
213 99 -404402.864412
10 100 61533.221402
11 100 -49226.575291
12 100 24613.292540
13 100 -111111.111125
14 100 -196906.320148
15 100 -444444.444500
16 100 -27822.053425
17 100 -62061.633272
18 100 389508.728849
19 100 0.000434
20 100 -248246.552332
21 100 444444.444500
22 100 77577.044333
23 100 31030.821109
24 100 111111.110691
92 100 -103498.883438
93 100 -0.000019
94 100 -103498.880709
95 100 0.000028
96 100 27136.154339
97 100 111111.111111
98 100 -217089.216518
99 100 444444.444444
100 100 467967.002276
101 100 0.000000
102 100 -130484.596116
103 100 -0.000028
104 100 429433.378007
105 100 -0.000434
106 100 -273691.822735
107 100 -444444.444444
108 100 -130484.591985
109 100 0.000019
112 100 34211.479713
113 100 -111111.110677
204 100 67840.376666
205 100 -83333.333333
206 100 -54272.299412
207 100 -111111.111111
212 100 -30673.814482
213 100 0.000159
214 100 -68422.950801
215 100 111111.111227
220 100 85528.691428
221 100 83333.333059
10 101 83333.333301
11 101 -111111.111059
12 101 111111.111125
13 101 -111463.533176
14 101 -444444.444444
15 101 -445854.157198
16 101 0.000159
17 101 111111.111175
18 101 -0.000231
19 101 -199875.154409
20 101 444444.444907
21 101 -353646.405157
22 101 -83333.333575
23 101 -111111.111356
24 101 -88411.595569
92 101 0.000019
93 101 -53141.066725
94 101 -0.000052
95 101 743974.876042
96 101 -111111.111111
97 101 -101100.710332
98 101 444444.444444
99 101 -404402.864412
100 101 0.000000
101 101 762335.617439
102 101 0.000052
103 101 590112.332473
104 101 0.000231
105 101 -181292.655991
106 101 -444444.444907
107 101 -320767.715285
108 101 -0.000019
109 101 -42150.883736
112 101 111111.111342
113 101 -80191.923360
204 101 -83333.333333
205 101 126375.891633
206 101 111111.111111
207 101 50550.359273
212 101 -0.000159
213 101 -181292.640662
214 101 -111111.111227
215 101 40095.966138
220 101 83333.333608
221 101 100239.907291
16 102 -62061.633272
17 102 124123.273417
18 102 -248246.552332
19 102 -0.000000
20 102 496493.052586
21 102 0.000000
22 102 -62061.633514
23 102 -248246.553301
24 102 0.000000
100 102 -130484.596116
101 102 0.000052
102 102 260969.281258
103 102 -0.000000
104 102 -273691.822735
105 102 0.000000
106 102 547383.598424
107 102 0.000000
108 102 -130484.596625
109 102 -0.000052
112 102 -273691.823804
113 102 0.000000
212 102 -68422.950801
213 102 111111.111227
214 102 136845.907882
215 102 -0.000231
220 102 -68422.951068
221 102 -111111.110995
16 103 111111.111199
17 103 -0.000231
18 103 -444444.443927
19 103 -353646.405157
20 103 -0.000925
21 103 -1414585.613984
22 103 -111111.110968
23 103 444444.444852
24 103 -353646.402397
100 103 -0.000028
101 103 590112.332473
102 103 -0.000000
103 103 2360449.451614
104 103 444444.443982
105 103 -320767.715285
106 103 0.000925
107 103 -1283070.850745
108 103 0.000028
109 103 590112.328656
112 103 -444444.444907
113 103 -320767.712781
212 103 -111111.111227
213 103 40095.966138
214 103 0.000231
215 103 160383.853264
220 103 111111.110995
221 103 40095.965449
92 104 27136.154339
93 104 111111.111111
94 104 -217089.216518
95 104 -444444.444445
96 104 108544.600788
97 104 0.000000
98 104 -868356.842700
99 104 0.000000
100 104 429433.378007
101 104 0.000231
102 104 -273691.822735
103 104 444444.443982
104 104 1717733.668324
105 104 0.000000
