138 138 696
1 1 450819.072468
3 1 -407765.851047
5 1 -407765.851047
2 2 1599568.822554
4 2 -1599568.822554
1 3 -407765.851047
3 3 491765.616363
5 3 245882.808181
2 4 -1599568.822554
4 4 2611653.322611
5 4 42292.000000
6 4 -983889.833390
41 4 -28194.666667
1 5 -407765.851047
3 5 245882.808181
4 5 42292.000000
5 5 857687.125373
7 5 151241.754505
41 5 -42292.000000
4 6 -983889.833390
6 6 1444591.021733
8 6 -460675.820896
116 6 -25.367447
117 6 245.318435
5 7 151241.754505
7 7 444112.006523
9 7 70814.248756
6 8 -460675.820896
8 8 921351.641791
10 8 -460675.820896
7 9 70814.248756
9 9 283256.995025
11 9 70814.248756
8 10 -460675.820896
10 10 1352280.297879
11 10 0.000000
12 10 -891579.109536
67 10 0.001312
68 10 -25.367447
69 10 245.318434
9 11 70814.248756
10 11 0.000000
11 11 415732.333593
13 11 137051.918040
67 11 0.000000
68 11 -0.000000
69 11 0.000000
10 12 -891579.109536
12 12 2846285.094445
13 12 42292.000000
17 12 -28194.666667
11 13 137051.918040
12 13 42292.000000
13 13 929821.463244
14 13 591490.972534
15 13 296139.813582
17 13 -42292.000000
13 14 591490.972534
14 14 787604.490724
15 14 591490.972534
13 15 296139.813582
14 15 591490.972534
15 15 592279.627164
16 16 761501.894108
43 16 -654541.894108
12 17 -28194.666667
13 17 -42292.000000
17 17 120748.426778
18 17 378109.876183
44 17 -92553.760111
45 17 378109.876183
17 18 378109.876183
18 18 2389183.501807
44 18 -378109.876183
45 18 700201.052538
19 19 743286.846020
64 19 -640440.692174
20 20 113231.503389
21 20 -368117.376983
24 20 -25064.956001
25 20 39101.331361
65 20 -88166.547388
66 20 -368117.376983
20 21 -368117.376983
21 21 2363279.904724
25 21 0.000000
65 21 368117.376983
66 21 710684.251770
22 22 787604.490724
23 22 591490.972534
25 22 591490.972534
22 23 591490.972534
23 23 592279.627164
25 23 296139.813582
20 24 -25064.956001
24 24 2843155.383779
25 24 -39101.331361
26 24 -891579.109536
20 25 39101.331361
21 25 0.000000
22 25 591490.972534
23 25 296139.813582
24 25 -39101.331361
25 25 927381.540168
27 25 137051.918040
24 26 -891579.109536
26 26 1352278.499886
28 26 -460675.820896
88 26 3.493872
89 26 -23.569454
90 26 -233.583332
25 27 137051.918040
27 27 415732.333593
29 27 70814.248756
26 28 -460675.820896
28 28 921351.641791
30 28 -460675.820896
27 29 70814.248756
29 29 283256.995025
31 29 70814.248756
28 30 -460675.820896
30 30 1444589.223564
32 30 -983889.833390
137 30 -23.569278
138 30 -233.583333
29 31 70814.248756
31 31 444112.006523
33 31 151241.754505
30 32 -983889.833390
32 32 2611653.322611
33 32 -42292.000000
35 32 -1599568.822554
38 32 -28194.666667
31 33 151241.754505
32 33 -42292.000000
33 33 857687.125373
34 33 -407765.851047
36 33 245882.808181
38 33 42292.000000
33 34 -407765.851047
34 34 450819.072468
36 34 -407765.851047
32 35 -1599568.822554
35 35 1599568.822554
33 36 245882.808181
34 36 -407765.851047
36 36 491765.616363
37 37 637268.590452
112 37 -545508.590452
32 38 -28194.666667
33 38 42292.000000
38 38 103987.867803
39 38 -318729.359077
113 38 -75793.201136
114 38 -318729.359077
38 39 -318729.359077
39 39 2006171.010959
113 39 318729.359077
114 39 674502.263561
40 40 653285.469366
91 40 -561525.469366
4 41 -28194.666667
5 41 -42292.000000
41 41 109272.609475
42 41 331227.719754
92 41 -81077.942808
93 41 331227.719754
41 42 331227.719754
42 42 2038548.785825
92 42 -331227.719754
93 42 667780.421200
16 43 -654541.894108
43 43 1216749.515659
46 43 -562207.621551
17 44 -92553.760111
18 44 -378109.876183
44 44 173109.543937
45 44 -67347.906638
47 44 -65337.602007
48 44 310761.969546
68 44 -15218.181818
17 45 378109.876183
18 45 700201.052538
44 45 -67347.906638
45 45 4592606.486081
47 45 -310761.969546
48 45 752700.251029
69 45 -0.000000
43 46 -562207.621551
46 46 1124415.243101
49 46 -562207.621551
44 47 -65337.602007
45 47 -310761.969546
47 47 145893.385832
50 47 -65337.602007
51 47 310761.969546
71 47 -15218.181818
44 48 310761.969546
45 48 752700.251029
48 48 4406845.968548
50 48 -310761.969546
51 48 752700.251029
72 48 -0.000000
46 49 -562207.621551
49 49 1124415.243101
52 49 -562207.621551
47 50 -65337.602007
48 50 -310761.969546
50 50 145893.385832
51 50 0.000000
53 50 -65337.602007
54 50 310761.969546
74 50 -15218.181818
47 51 310761.969546
48 51 752700.251029
50 51 0.000000
51 51 4406845.968548
53 51 -310761.969546
54 51 752700.251029
75 51 -0.000000
49 52 -562207.621551
52 52 1124415.243101
55 52 -562207.621551
50 53 -65337.602007
51 53 -310761.969546
53 53 145893.385832
54 53 -0.000000
56 53 -65337.602007
57 53 310761.969546
77 53 -15218.181818
50 54 310761.969546
51 54 752700.251029
53 54 -0.000000
54 54 4406845.968548
56 54 -310761.969546
57 54 752700.251029
78 54 -0.000000
52 55 -562207.621551
55 55 1124415.243101
58 55 -562207.621551
53 56 -65337.602007
54 56 -310761.969546
56 56 145893.385832
57 56 -0.000000
59 56 -65337.602007
60 56 310761.969546
80 56 -15218.181818
53 57 310761.969546
54 57 752700.251029
56 57 -0.000000
57 57 4406845.968548
59 57 -310761.969546
60 57 752700.251029
81 57 -0.000000
55 58 -562207.621551
58 58 1124415.243101
61 58 -562207.621551
56 59 -65337.602007
57 59 -310761.969546
59 59 145893.385832
60 59 0.000000
62 59 -65337.602007
63 59 310761.969546
83 59 -15218.181818
56 60 310761.969546
57 60 752700.251029
59 60 0.000000
60 60 4406845.968549
62 60 -310761.969546
63 60 752700.251029
84 60 -0.000000
58 61 -562207.621551
61 61 1124415.243101
64 61 -562207.621551
59 62 -65337.602007
60 62 -310761.969546
62 62 145893.385832
63 62 -0.000000
65 62 -65337.602007
66 62 310761.969546
86 62 -15218.181818
59 63 310761.969546
60 63 752700.251029
62 63 -0.000000
63 63 4406845.968549
65 63 -310761.969546
66 63 752700.251029
87 63 -0.000000
19 64 -640440.692174
61 64 -562207.621551
64 64 1202648.313725
20 65 -88166.547388
21 65 368117.376983
62 65 -65337.602007
63 65 -310761.969546
65 65 168722.331213
66 65 57355.407437
89 65 -15218.181818
20 66 -368117.376983
21 66 710684.251770
62 66 310761.969546
63 66 752700.251029
65 66 57355.407437
66 66 4566702.888999
90 66 -0.000000
10 67 0.001312
11 67 0.000000
67 67 68593.955322
68 67 -0.001312
69 67 0.012684
70 67 -68593.955322
10 68 -25.367447
11 68 -0.000000
44 68 -15218.181818
67 68 -0.001312
68 68 15350.148958
69 68 261.696355
71 68 -106.599693
72 68 507.014790
10 69 245.318434
11 69 0.000000
45 69 -0.000000
67 69 0.012684
68 69 261.696355
69 69 5587.695247
71 69 -507.014790
72 69 1607.659396
67 70 -68593.955322
70 70 137187.910644
73 70 -68593.955322
47 71 -15218.181818
68 71 -106.599693
69 71 -507.014790
71 71 15431.381204
72 71 -0.000000
74 71 -106.599693
75 71 507.014790
48 72 -0.000000
68 72 507.014790
69 72 1607.659396
71 72 -0.000000
72 72 6430.637582
74 72 -507.014790
75 72 1607.659396
70 73 -68593.955322
73 73 137187.910644
76 73 -68593.955322
50 74 -15218.181818
71 74 -106.599693
72 74 -507.014790
74 74 15431.381204
75 74 0.000000
77 74 -106.599693
78 74 507.014790
51 75 -0.000000
71 75 507.014790
72 75 1607.659396
74 75 0.000000
75 75 6430.637582
77 75 -507.014790
78 75 1607.659396
73 76 -68593.955322
76 76 137187.910644
79 76 -68593.955322
53 77 -15218.181818
74 77 -106.599693
75 77 -507.014790
77 77 15431.381204
78 77 -0.000000
80 77 -106.599693
81 77 507.014790
54 78 -0.000000
74 78 507.014790
75 78 1607.659396
77 78 -0.000000
78 78 6430.637582
80 78 -507.014790
81 78 1607.659396
76 79 -68593.955322
79 79 137187.910644
82 79 -68593.955322
56 80 -15218.181818
77 80 -106.599693
78 80 -507.014790
80 80 15431.381204
81 80 -0.000000
83 80 -106.599693
84 80 507.014790
57 81 -0.000000
77 81 507.014790
78 81 1607.659396
80 81 -0.000000
81 81 6430.637582
83 81 -507.014790
84 81 1607.659396
79 82 -68593.955322
82 82 137187.910644
85 82 -68593.955322
59 83 -15218.181818
80 83 -106.599693
81 83 -507.014790
83 83 15431.381204
84 83 0.000000
86 83 -106.599693
87 83 507.014790
60 84 -0.000000
80 84 507.014790
81 84 1607.659396
83 84 0.000000
84 84 6430.637582
86 84 -507.014790
87 84 1607.659396
82 85 -68593.955322
85 85 137187.910644
88 85 -68593.955322
62 86 -15218.181818
83 86 -106.599693
84 86 -507.014790
86 86 15431.381204
87 86 -0.000000
89 86 -106.599693
90 86 507.014790
63 87 -0.000000
83 87 507.014790
84 87 1607.659396
86 87 -0.000000
87 87 6430.637582
89 87 -507.014790
90 87 1607.659396
26 88 3.493872
85 88 -68593.955322
88 88 137869.560484
89 88 -3.493872
90 88 0.011785
26 89 -23.569454
65 89 -15218.181818
86 89 -106.599693
87 89 -507.014790
88 89 -3.493872
89 89 15348.350966
90 89 -273.431458
26 90 -233.583332
66 90 -0.000000
86 90 507.014790
87 90 1607.659396
88 90 0.011785
89 90 -273.431458
90 90 5530.246406
40 91 -561525.469366
91 91 1043838.215752
94 91 -482312.746386
41 92 -81077.942808
42 92 -331227.719754
92 92 156810.599064
93 92 -62792.227611
95 92 -56438.474038
96 92 268435.492144
116 92 -19294.182217
41 93 331227.719754
42 93 667780.421200
92 93 -62792.227611
93 93 3903994.175490
95 93 -268435.492144
96 93 688047.229350
91 94 -482312.746386
94 94 964625.492773
97 94 -482312.746386
92 95 -56438.474038
93 95 -268435.492144
95 95 132171.130293
98 95 -56438.474038
99 95 268435.492144
119 95 -19294.182217
92 96 268435.492144
93 96 688047.229350
96 96 3730890.779330
98 96 -268435.492144
99 96 688047.229350
94 97 -482312.746386
97 97 964625.492773
100 97 -482312.746386
95 98 -56438.474038
96 98 -268435.492144
98 98 132171.130293
99 98 0.000000
101 98 -56438.474038
102 98 268435.492144
122 98 -19294.182217
95 99 268435.492144
96 99 688047.229350
98 99 0.000000
99 99 3730890.779330
101 99 -268435.492144
102 99 688047.229350
97 100 -482312.746386
100 100 964625.492773
103 100 -482312.746386
98 101 -56438.474038
99 101 -268435.492144
101 101 132171.130293
102 101 -0.000000
104 101 -56438.474038
105 101 268435.492144
125 101 -19294.182217
98 102 268435.492144
99 102 688047.229350
101 102 -0.000000
102 102 3730890.779330
104 102 -268435.492144
105 102 688047.229350
100 103 -482312.746386
103 103 964625.492773
106 103 -482312.746386
101 104 -56438.474038
102 104 -268435.492144
104 104 132171.130293
105 104 -0.000000
107 104 -56438.474038
108 104 268435.492144
128 104 -19294.182217
101 105 268435.492144
102 105 688047.229350
104 105 -0.000000
105 105 3730890.779330
107 105 -268435.492144
108 105 688047.229350
103 106 -482312.746386
106 106 964625.492773
109 106 -482312.746386
104 107 -56438.474038
105 107 -268435.492144
107 107 132171.130293
108 107 0.000000
110 107 -56438.474038
111 107 268435.492144
131 107 -19294.182217
104 108 268435.492144
105 108 688047.229350
107 108 0.000000
108 108 3730890.779330
110 108 -268435.492144
111 108 688047.229350
106 109 -482312.746386
109 109 964625.492773
112 109 -482312.746386
107 110 -56438.474038
108 110 -268435.492144
110 110 132171.130293
111 110 -0.000000
113 110 -56438.474038
114 110 268435.492144
134 110 -19294.182217
107 111 268435.492144
108 111 688047.229350
110 111 -0.000000
111 111 3730890.779330
113 111 -268435.492144
114 111 688047.229350
37 112 -545508.590452
109 112 -482312.746386
112 112 1027821.336839
38 113 -75793.201136
39 113 318729.359077
110 113 -56438.474038
111 113 -268435.492144
113 113 151525.857391
114 113 50293.866934
137 113 -19294.182217
38 114 -318729.359077
39 114 674502.263561
110 114 268435.492144
111 114 688047.229350
113 114 50293.866934
114 114 3871616.400624
115 115 68593.955322
118 115 -68593.955322
6 116 -25.367447
92 116 -19294.182217
116 116 19426.149358
117 116 261.696354
119 116 -106.599693
120 116 507.014790
6 117 245.318435
116 117 261.696354
117 117 5587.695250
119 117 -507.014790
120 117 1607.659396
115 118 -68593.955322
118 118 137187.910644
121 118 -68593.955322
95 119 -19294.182217
116 119 -106.599693
117 119 -507.014790
119 119 19507.381603
120 119 -0.000000
122 119 -106.599693
123 119 507.014790
116 120 507.014790
117 120 1607.659396
119 120 -0.000000
120 120 6430.637582
122 120 -507.014790
123 120 1607.659396
118 121 -68593.955322
121 121 137187.910644
124 121 -68593.955322
98 122 -19294.182217
119 122 -106.599693
120 122 -507.014790
122 122 19507.381603
123 122 0.000000
125 122 -106.599693
126 122 507.014790
119 123 507.014790
120 123 1607.659396
122 123 0.000000
123 123 6430.637582
125 123 -507.014790
126 123 1607.659396
121 124 -68593.955322
124 124 137187.910644
127 124 -68593.955322
101 125 -19294.182217
122 125 -106.599693
123 125 -507.014790
125 125 19507.381603
126 125 -0.000000
128 125 -106.599693
129 125 507.014790
122 126 507.014790
123 126 1607.659396
125 126 -0.000000
126 126 6430.637582
128 126 -507.014790
129 126 1607.659396
124 127 -68593.955322
127 127 137187.910644
130 127 -68593.955322
104 128 -19294.182217
125 128 -106.599693
126 128 -507.014790
128 128 19507.381603
129 128 -0.000000
131 128 -106.599693
132 128 507.014790
125 129 507.014790
126 129 1607.659396
128 129 -0.000000
129 129 6430.637582
131 129 -507.014790
132 129 1607.659396
127 130 -68593.955322
130 130 137187.910644
133 130 -68593.955322
107 131 -19294.182217
128 131 -106.599693
129 131 -507.014790
131 131 19507.381603
132 131 0.000000
134 131 -106.599693
135 131 507.014790
128 132 507.014790
129 132 1607.659396
131 132 0.000000
132 132 6430.637582
134 132 -507.014790
135 132 1607.659396
130 133 -68593.955322
133 133 137187.910644
136 133 -68593.955322
110 134 -19294.182217
131 134 -106.599693
132 134 -507.014790
134 134 19507.381603
135 134 -0.000000
137 134 -106.599693
138 134 507.014790
131 135 507.014790
132 135 1607.659396
134 135 -0.000000
135 135 6430.637582
137 135 -507.014790
138 135 1607.659396
133 136 -68593.955322
136 136 137869.560754
30 137 -23.569278
113 137 -19294.182217
134 137 -106.599693
135 137 -507.014790
137 137 19424.351189
138 137 -273.431457
30 138 -233.583333
134 138 507.014790
135 138 1607.659396
137 138 -273.431457
138 138 5530.246409