3562 3562 159910
1 1 899048081.665500
2 1 284487450.702400
3 1 -0.000000
4 1 -0.000122
5 1 -0.000122
6 1 355093577.566900
7 1 -448746923.331700
8 1 -141928007.775800
9 1 -8449211.833663
10 1 -8367177818.688000
11 1 26458588804.750000
12 1 177489080.603200
833 1 -448746923.331700
834 1 -141928007.775800
835 1 8449211.833663
836 1 8367177818.688000
837 1 -26458588804.750000
838 1 177489080.603200
3023 1 -777117.501007
3024 1 -315717.575360
3025 1 856687.531409
3026 1 14684.045575
3027 1 5950.030351
3028 1 -9726.825048
3029 1 -777117.501007
3030 1 -315717.575360
3031 1 -856687.531410
3032 1 -14684.045575
3033 1 -5950.030351
3034 1 -9726.825048
1 2 284487450.702400
2 2 221683075.948400
3 2 -0.000000
4 2 -0.000061
5 2 0.000061
6 2 -58907376.910630
7 2 -141929402.156400
8 2 -110714186.931400
9 2 -2411640.142676
10 2 -6531693654.744000
11 2 8363673619.014000
12 2 -29309275.551940
833 2 -141929402.156400
834 2 -110714186.931400
835 2 2411640.142676
836 2 6531693654.744000
837 2 -8363673619.014000
838 2 -29309275.551940
3023 2 -314323.194790
3024 2 -127351.042862
3025 2 342805.024555
3026 2 -36728.634631
3027 2 -14882.699721
3028 2 24486.080101
3029 2 -314323.194790
3030 2 -127351.042862
3031 2 -342805.024555
3032 2 36728.634631
3033 2 14882.699721
3034 2 24486.080101
1 3 -0.000000
2 3 -0.000000
3 3 362036786.586700
4 3 -546689044.261700
5 3 1392784888.640000
6 3 0.000000
7 3 -8163568.515401
8 3 -2297575.986027
9 3 -180689432.537400
10 3 -273344391.960100
11 3 696392493.167000
12 3 3504199.674078
833 3 8163568.515401
834 3 2297575.986027
835 3 -180689432.537400
836 3 -273344391.960100
837 3 696392493.167000
838 3 -3504199.674078
3023 3 856379.921941
3024 3 343580.820381
3025 3 -328960.755942
3026 3 -152.275929
3027 3 -61.777132
3028 3 198.654146
3029 3 -856379.921941
3030 3 -343580.820381
3031 3 -328960.755943
3032 3 -152.275929
3033 3 -61.777132
3034 3 -198.654146
1 4 -0.000122
2 4 -0.000061
3 4 -546689044.261700
4 4 1029271295130.000000
5 4 -1318570056199.000000
6 4 -0.000061
7 4 8367157164.877000
8 4 6531745376.717000
9 4 273344644.443200
10 4 257267328445.799988
11 4 -329673825830.299988
12 4 2676940745.142000
833 4 -8367157164.877000
834 4 -6531745376.717000
835 4 273344644.443200
836 4 257267328445.799988
837 4 -329673825830.299988
838 4 -2676940745.142000
3023 4 6254.496727
3024 4 -15736.225998
3025 4 -122.312392
3026 4 2371350.769659
3027 4 962752.411929
3028 4 -2531882.960953
3029 4 -6254.496727
3030 4 15736.225998
3031 4 -122.312392
3032 4 2371350.769659
3033 4 962752.411929
3034 4 2531882.960952
1 5 -0.000122
2 5 0.000061
3 5 1392784888.640000
4 5 -1318570056199.000000
5 5 4169145897851.000000
6 5 -0.000183
7 5 -26458596779.730000
8 5 -8363653647.792000
9 5 -696392395.676600
10 5 -329673858713.000000
11 5 1042267025139.000000
12 5 7938448292.075000
833 5 26458596779.730000
834 5 8363653647.792000
835 5 -696392395.676600
836 5 -329673858713.000000
837 5 1042267025139.000000
838 5 -7938448292.076000
3023 5 2469.508684
3024 5 -6213.810456
3025 5 -48.643629
3026 5 943345.107356
3027 5 382430.265277
3028 5 -1005359.836571
3029 5 -2469.508684
3030 5 6213.810456
3031 5 -48.643629
3032 5 943345.107356
3033 5 382430.265277
3034 5 1005359.836571
1 6 355093577.566900
2 6 -58907376.910630
3 6 0.000000
4 6 -0.000061
5 6 -0.000183
6 6 139260950601.899994
7 6 -177544918.313100
8 6 29449106.233440
9 6 -3503517.084383
10 6 2683676875.467000
11 6 7941138188.795000
12 6 -69266629546.940002
833 6 -177544918.313100
834 6 29449106.233440
835 6 3503517.084383
836 6 -2683676875.467000
837 6 -7941138188.794000
838 6 -69266629546.940002
3023 6 -1870.470333
3024 6 4582.221875
3025 6 -40.686270
3026 6 1606082.831498
3027 6 647539.317590
3028 6 240489.259596
3029 6 -1870.470333
3030 6 4582.221875
3031 6 40.686270
3032 6 -1606082.831498
3033 6 -647539.317591
3034 6 240489.259596
1 7 -448746923.331700
2 7 -141929402.156400
3 7 -8163568.515401
4 7 8367157164.877000
5 7 -26458596779.730000
6 7 -177544918.313100
7 7 701930623.008200
8 7 222565584.617000
9 7 19162022.663020
10 7 2679966041.546000
11 7 -8583404949.182000
12 7 197916458.367400
13 7 -249311771.664600
14 7 -79097673.478980
15 7 -10801340.663910
16 7 -5687209925.730000
17 7 17875184871.779999
18 7 370587890.127500
19 7 20672.759951
20 7 10522.252908
21 7 -120867.110774
22 7 3629.407924
23 7 1388.323451
24 7 2402.785516
3023 7 -3095091.971264
3024 7 -1220212.254209
3025 7 -875080.695202
3026 7 -19853.895140
3027 7 -8207.772813
3028 7 -3205676.978709
3335 7 -797508.800592
3336 7 -328818.980286
3337 7 798834.322265
3338 7 -6214.920442
3339 7 -2545.606653
3340 7 1769.787565
1 8 -141928007.775800
2 8 -110714186.931400
3 8 -2297575.986027
4 8 6531745376.717000
5 8 -8363653647.792000
6 8 29449106.233440
7 8 222565584.617000
8 8 173279855.174200
9 8 4329593.877517
10 8 2099213039.267000
11 8 -2699910618.868000
12 8 -42050904.538540
13 8 -79097673.478980
14 8 -61927031.019860
15 8 -1982237.142732
16 8 -4432485100.426000
17 8 5663760512.978000
18 8 -70936922.351860
19 8 5032.992922
20 8 2462.260992
21 8 -28868.693119
22 8 -9183.095674
23 8 -3512.723656
24 8 -6079.506558
3023 8 -1217912.543024
3024 8 -506631.186769
3025 8 -342502.014364
3026 8 49718.795588
3027 8 20554.182232
3028 8 -3613610.052501
3335 8 -327023.812056
3336 8 -134468.297152
3337 8 321589.958724
3338 8 15483.081910
3339 8 6345.213582
3340 8 -4549.074851
1 9 -8449211.833663
2 9 -2411640.142676
3 9 -180689432.537400
4 9 273344644.443200
5 9 -696392395.676600
6 9 -3503517.084383
7 9 19162022.663020
8 9 4329593.877517
9 9 330120465.609400
10 9 -327360640.167600
11 9 831404135.311500
12 9 19944577.322240
13 9 -10801340.663910
14 9 -1982237.142732
15 9 -147393634.767900
16 9 -600112152.728200
17 9 1526417578.549000
18 9 23449412.751720
19 9 165135.386861
20 9 84167.233773
21 9 -984878.137247
22 9 -176.251606
23 9 -67.419878
24 9 -116.684268
3023 9 -875063.028133
3024 9 -342494.959484
3025 9 -810235.780656
3026 9 -508335.990412
3027 9 1379241.096674
3028 9 -700.287092
3335 9 798457.475823
3336 9 322611.133601
3337 9 -242284.386130
3338 9 151.109902
3339 9 64.015617
3340 9 -130.293140
1 10 -8367177818.688000
2 10 -6531693654.744000
3 10 -273344391.960100
4 10 257267328445.799988
5 10 -329673858713.000000
6 10 2683676875.467000
7 10 2679966041.546000
8 10 2099213039.267000
9 10 -327360640.167600
10 10 939884936507.500000
11 10 -1205268584936.000000
12 10 3377723425.795000
13 10 5687209925.730000
14 10 4432485100.426000
15 10 600112152.728200
16 10 212165154634.399994
17 10 -273225339450.700012
18 10 7397738610.900000
19 10 -4808.182040
20 10 12165.619466
21 10 233.495332
22 10 952205.219748
23 10 373385.720573
24 10 157306.791125
3023 10 20169.599939
3024 10 -50509.394221
3025 10 592191.758243
3026 10 -1027743.445449
3027 10 -42540567.922030
3028 10 -2957331.585683
3335 10 -13510.004938
3336 10 33858.824493
3337 10 454.145996
3338 10 2290067.514048
3339 10 894342.932367
3340 10 1320527.163563
1 11 26458588804.750000
2 11 8363673619.014000
3 11 696392493.167000
4 11 -329673825830.299988
5 11 1042267025139.000000
6 11 7941138188.795000
7 11 -8583404949.182000
8 11 -2699910618.868000
9 11 831404135.311500
10 11 -1205268584936.000000
11 11 3798803406944.000000
12 11 46041243056.680000
13 11 -17875184871.779999
14 11 -5663760512.978000
15 11 -1526417578.549000
16 11 -273225339450.700012
17 11 856869706678.800049
18 11 20209833348.279999
19 11 -1959.769363
20 11 4958.591025
21 11 95.170481
22 11 383690.185416
23 11 150592.020111
24 11 45931.588852
3023 11 8420.954172
3024 11 -21088.038200
3025 11 -1379325.689257
3026 11 -34959768.351960
3027 11 80728578.917150
3028 11 -1233165.040140
3335 11 -5444.970350
3336 11 13642.278806
3337 11 180.589229
3338 11 942125.779093
3339 11 367985.666859
3340 11 511597.204041
1 12 177489080.603200
2 12 -29309275.551940
3 12 3504199.674078
4 12 2676940745.142000
5 12 7938448292.075000
6 12 -69266629546.940002
7 12 197916458.367400
8 12 -42050904.538540
9 12 19944577.322240
10 12 3377723425.795000
11 12 46041243056.680000
12 12 128729015088.899994
13 12 -370587890.127600
14 12 70936922.351850
15 12 -23449412.751720
16 12 7397738610.899000
17 12 20209833348.279999
18 12 -55774913359.449997
19 12 3097.251545
20 12 -7836.638333
21 12 -150.408984
22 12 -379578.451985
23 12 -166259.988464
24 12 845984.758237
3023 12 -4828557.295170
3024 12 450461.715132
3025 12 918.438261
3026 12 -2864067.306588
3027 12 -1195922.399895
3028 12 130195097.986600
3335 12 7811.200617
3336 12 -19367.338166
3337 12 -132.273868
3338 12 -2412079.879770
3339 12 -979243.504058
3340 12 500395.360192
7 13 -249311771.664600
8 13 -79097673.478980
9 13 -10801340.663910
10 13 5687209925.730000
11 13 -17875184871.779999
12 13 -370587890.127600
13 13 1121840007.128000
14 13 356545403.465200
15 13 106231295.629200
16 13 -7568721860.222000
17 13 23332650903.480000
18 13 1024721131.863000
19 13 -872528235.463600
20 13 -277447729.986200
21 13 -95429954.965280
22 13 -13255931785.950001
23 13 41207835775.269997
24 13 1395309021.991000
7 14 -79097673.478980
8 14 -61927031.019860
9 14 -1982237.142732
10 14 4432485100.426000
11 14 -5663760512.978000
12 14 70936922.351850
13 14 356545403.465200
14 14 281758890.144000
15 14 33972329.680350
16 14 -5869352594.535000
17 14 7448502043.668000
18 14 -193873053.054300
19 14 -277447729.986200
20 14 -218626859.124200
21 14 -31990092.537620
22 14 -10301837694.959999
23 14 13112262556.650000
24 14 -264809975.406200
7 15 -10801340.663910
8 15 -1982237.142732
9 15 -147393634.767900
10 15 600112152.728200
11 15 -1526417578.549000
12 15 -23449412.751720
13 15 106231295.629200
14 15 33972329.680350
15 15 384101395.107500
16 15 -1679181955.914000
17 15 4209899452.287000
18 15 120219816.554300
19 15 -95429954.965280
20 15 -31990092.537620
21 15 -236707760.339600
22 15 -2279294108.642000
23 15 5736317030.836000
24 15 143669229.306000
7 16 -5687209925.730000
8 16 -4432485100.426000
9 16 -600112152.728200
10 16 212165154634.399994
11 16 -273225339450.700012
12 16 7397738610.899000
13 16 -7568721860.222000
14 16 -5869352594.535000
15 16 -1679181955.914000
16 16 1077027802596.000000
17 16 -1385953944210.000000
18 16 8458475197.981000
19 16 13255931785.950001
20 16 10301837694.959999
21 16 2279294108.642000
22 16 324170244481.900024
23 16 -421083549997.900024
24 16 17880860593.849998
7 17 17875184871.779999
8 17 5663760512.978000
9 17 1526417578.549000
10 17 -273225339450.700012
11 17 856869706678.800049
12 17 20209833348.279999
13 17 23332650903.480000
14 17 7448502043.668000
15 17 4209899452.287000
16 17 -1385953944210.000000
17 17 4318292264535.000000
18 17 114702871792.399994
19 17 -41207835775.269997
20 17 -13112262556.650000
21 17 -5736317030.836000
22 17 -421083549997.799988
23 17 1301462095400.000000
24 17 50002304967.680000
7 18 370587890.127500
8 18 -70936922.351860
9 18 23449412.751720
10 18 7397738610.900000
11 18 20209833348.279999
12 18 -55774913359.449997
13 18 1024721131.863000
14 18 -193873053.054300
15 18 120219816.554300
16 18 8458475197.981000
17 18 114702871792.399994
18 18 152461738868.000000
19 18 -1395309021.991000
20 18 264809975.406200
21 18 -143669229.306000
22 18 17880860593.849998
23 18 50002304967.669998
24 18 -81494256044.740005
7 19 20672.759951
8 19 5032.992922
9 19 165135.386861
10 19 -4808.182040
11 19 -1959.769363
12 19 3097.251545
13 19 -872528235.463600
14 19 -277447729.986200
15 19 -95429954.965280
16 19 13255931785.950001
17 19 -41207835775.269997
18 19 -1395309021.991000
19 19 1053445028.397000
20 19 336376898.974500
21 19 108774082.256000
22 19 8671128894.672001
23 19 -27194061712.099998
24 19 -748147679.485100
25 19 -175766642.094000
26 19 -56899963.306390
27 19 -13203723.846140
28 19 -4584798232.514000
29 19 14013776764.350000
30 19 641577060.429400
37 19 208851.605474
38 19 84725.942166
39 19 -80562.582274
40 19 -767.745536
41 19 -459.075985
42 19 4177.528647
3017 19 -3494864.938117
3018 19 -1371302.129180
3019 19 -18794.464416
3020 19 -249.201361
3021 19 -787.620547
3022 19 -3546545.590520
3323 19 -949395.632601
3324 19 -396185.832128
3325 19 712643.837704
3326 19 -8212.564032
3327 19 -3498.287908
3328 19 5587.516556
3335 19 -935414.634666
3336 19 -351476.655757
3337 19 -918825.622476
3338 19 6059.992257
3339 19 2279.825496
3340 19 7029.026170
7 20 10522.252908
8 20 2462.260992
9 20 84167.233773
10 20 12165.619466
11 20 4958.591025
12 20 -7836.638333
13 20 -277447729.986200
14 20 -218626859.124200
15 20 -31990092.537620
16 20 10301837694.959999
17 20 -13112262556.650000
18 20 264809975.406200
19 20 336376898.974500
20 20 264456040.958400
21 20 32831952.913490
22 20 6752464679.623000
23 20 -8620469190.138000
24 20 121804151.626600
25 20 -56899963.306390
26 20 -44989619.085880
27 20 -871307.824381
28 20 -3549384686.790000
29 20 4491786577.954000
30 20 -142210037.780900
37 20 73846.124254
38 20 29158.029550
39 20 -5260.500019
40 20 1962.782024
41 20 1173.652010
42 20 -10680.072691
3017 20 -1368836.202327
3018 20 -575679.562483
3019 20 14656.205357
3020 20 627.772177
3021 20 1984.123452
3022 20 -4337809.872943
3323 20 -393926.620045
3324 20 -164051.320926
3325 20 288382.356797
3326 20 20604.313609
3327 20 8789.970907
3328 20 -14345.756831
3335 20 -350811.236767
3336 20 -131452.155440
3337 20 -352497.847403
3338 20 -15224.804703
3339 20 -5725.195017
3340 20 -17797.514242
7 21 -120867.110774
8 21 -28868.693119
9 21 -984878.137247
10 21 233.495332
11 21 95.170481
12 21 -150.408984
13 21 -95429954.965280
14 21 -31990092.537620
15 21 -236707760.339600
16 21 2279294108.642000
17 21 -5736317030.836000
18 21 -143669229.306000
19 21 108774082.256000
20 21 32831952.913490
21 21 373350293.531200
22 21 1155008579.863000
23 21 -2939315426.939000
24 21 -50659704.533310
25 21 -13203723.846140
26 21 -871307.824381
27 21 -133307508.719700
28 21 -1123520665.410000
29 21 2795228714.921000
30 21 93011654.559800
37 21 205703.475680
38 21 106712.956759
39 21 -690652.489170
40 21 74.597426
41 21 44.605778
42 21 -405.906474
3017 21 -18739.398441
3018 21 14678.064427
3019 21 -874546.203085
3020 21 -642406.741912
3021 21 1772910.248014
3022 21 -1734.922091
3323 21 712143.718832
3324 21 289846.965116
3325 21 -206078.592426
3326 21 576.434239
3327 21 253.009055
3328 21 -577.406875
3335 21 -918644.129898
3336 21 -352921.844678
3337 21 -578869.049993
3338 21 -349.877454
3339 21 -132.921777
3340 21 -334.797240
7 22 3629.407924
8 22 -9183.095674
9 22 -176.251606
10 22 952205.219748
11 22 383690.185416
12 22 -379578.451985
13 22 -13255931785.950001
14 22 -10301837694.959999
15 22 -2279294108.642000
16 22 324170244481.900024
17 22 -421083549997.799988
18 22 17880860593.849998
19 22 8671128894.672001
20 22 6752464679.623000
21 22 1155008579.863000
22 22 1037752205757.000000
23 22 -1340348157406.000000
24 22 11572656133.809999
25 22 4584798232.514000
26 22 3549384686.790000
27 22 1123520665.410000
28 22 190868953037.600006
29 22 -251363652328.700012
30 22 15211700495.080000
37 22 -2286.669873
38 22 5845.992337
39 22 222.182583
40 22 446532.102584
41 22 157266.179827
42 22 460247.006010
3017 22 -346.873358
3018 22 873.821241
3019 22 764678.208881
3020 22 -2069199.221670
3021 22 -48896780.499780
3022 22 46169.610090
3323 22 -12055.375892
3324 22 30448.398409
3325 22 960.983283
3326 22 1729607.481858
3327 22 647218.184821
3328 22 1150300.471522
3335 22 15718.277384
3336 22 -39656.567646
3337 22 -821.754190
3338 22 1950016.741114
3339 22 811247.038178
3340 22 -1879828.118276
7 23 1388.323451
8 23 -3512.723656
9 23 -67.419878
10 23 373385.720573
11 23 150592.020111
12 23 -166259.988464
13 23 41207835775.269997
14 23 13112262556.650000
15 23 5736317030.836000
16 23 -421083549997.900024
17 23 1301462095400.000000
18 23 50002304967.669998
19 23 -27194061712.099998
20 23 -8620469190.138000
21 23 -2939315426.939000
22 23 -1340348157406.000000
23 23 4125264022133.000000
24 23 145736359023.100006
25 23 -14013776764.350000
26 23 -4491786577.954000
27 23 -2795228714.921000
28 23 -251363652328.700012
29 23 759674662211.500000
30 23 39444950777.650002
37 23 -1180.453969
38 23 3017.892936
39 23 114.697935
40 23 224298.089106
41 23 82287.471470
42 23 136829.961101
3017 23 1171.447471
3018 23 -2951.035761
3019 23 -1772987.950265
3020 23 -39142609.926570
3021 23 91550957.955860
3022 23 -123834.993256
3323 23 -4744.684329
3324 23 11965.160656
3325 23 367.727178
3326 23 756491.601463
3327 23 286689.833861
3328 23 391993.233571
3335 23 6066.547990
3336 23 -15307.847461
3337 23 -316.031041
3338 23 722658.313117
3339 23 301345.501905
3340 23 -760893.953586
7 24 2402.785516
8 24 -6079.506558
9 24 -116.684268
10 24 157306.791125
11 24 45931.588852
12 24 845984.758237
13 24 1395309021.991000
14 24 -264809975.406200
15 24 143669229.306000
16 24 17880860593.849998
17 24 50002304967.680000
18 24 -81494256044.740005
19 24 -748147679.485100
20 24 121804151.626600
21 24 -50659704.533310
22 24 11572656133.809999
23 24 145736359023.100006
24 24 152506546488.600006
25 24 -641577060.429400
26 24 142210037.780900
27 24 -93011654.559800
28 24 15211700495.080000
29 24 39444950777.650002
30 24 -44618173572.419998
37 24 7525.638269
38 24 -19239.691824
39 24 -731.223063
40 24 -1303473.727377
41 24 -553052.411679
42 24 1136323.247635
3017 24 -5603374.853999
3018 24 843623.233388
3019 24 3297.909119
3020 24 -41132.920513
3021 24 -158490.733479
3022 24 146284357.852800
3323 24 2407.585095
3324 24 -5582.219133
3325 24 90.215236
3326 24 -2437205.712805
3327 24 -1031330.073580
3328 24 1536349.974852
3335 24 6756.768939
3336 24 -16935.817219
3337 24 -410.429923
3338 24 2331579.260256
3339 24 909318.441447
3340 24 915991.564168
19 25 -175766642.094000
20 25 -56899963.306390
21 25 -13203723.846140
22 25 4584798232.514000
23 25 -14013776764.350000
24 25 -641577060.429400
25 25 179372273832.299988
26 25 57176052392.190002
27 25 40704134348.870003
28 25 -471097888338.700012
29 25 1425310123004.000000
30 25 73766029069.289993
31 25 -179196507190.200012
32 25 -57119152428.889999
33 25 -40690930625.029999
34 25 -475682686571.299988
35 25 1439323899768.000000
36 25 74407606129.720001
19 26 -56899963.306390
20 26 -44989619.085880
21 26 -871307.824381
22 26 3549384686.790000
23 26 -4491786577.954000
24 26 142210037.780900
25 26 57176052392.190002
26 26 45933614471.169998
27 26 16085160146.700001
28 26 -363896389228.900024
29 26 458892273709.599976
30 26 -17009069580.490000
31 26 -57119152428.879997
32 26 -45888624852.089996
33 26 -16084288838.879999
34 26 -367445773915.700012
35 26 463384060287.599976
36 26 -17151279618.270000
19 27 -13203723.846140
20 27 -871307.824381
21 27 -133307508.719700
22 27 1123520665.410000
23 27 -2795228714.921000
24 27 -93011654.559800
25 27 40704134348.870003
26 27 16085160146.700001
27 27 11122219872.000000
28 27 -132409116979.300003
29 27 326620564624.299988
30 27 12205614629.100000
31 27 -40690930625.029999
32 27 -16084288838.879999
33 27 -10988912363.280001
34 27 -133532637644.699997
35 27 329415793339.200012
36 27 12298626283.660000
19 28 -4584798232.514000
20 28 -3549384686.790000
21 28 -1123520665.410000
22 28 190868953037.600006
23 28 -251363652328.700012
24 28 15211700495.080000
25 28 -471097888338.700012
26 28 -363896389228.900024
27 28 -132409116979.300003
28 28 4332709239796.000000
29 28 -5633847833066.000000
30 28 72200797831.699997
31 28 475682686571.200012
32 28 367445773915.700012
33 28 133532637644.699997
34 28 1946085600461.000000
35 28 -2583202157436.000000
36 28 175743470727.200012
19 29 14013776764.350000
20 29 4491786577.954000
21 29 2795228714.921000
22 29 -251363652328.700012
23 29 759674662211.500000
24 29 39444950777.650002
25 29 1425310123004.000000
26 29 458892273709.599976
27 29 326620564624.299988
28 29 -5633847833066.000000
29 29 16946872312820.000000
30 29 794856582804.900024
31 29 -1439323899768.000000
32 29 -463384060287.599976
33 29 -329415793339.200012
34 29 -2583202157436.000000
35 29 7703175244560.000000
36 29 450907285575.500000
19 30 641577060.429400
20 30 -142210037.780900
21 30 93011654.559800
22 30 15211700495.080000
23 30 39444950777.650002
24 30 -44618173572.419998
25 30 73766029069.289993
26 30 -17009069580.490000
27 30 12205614629.100000
28 30 72200797831.699997
29 30 794856582804.900024
30 30 675425822533.400024
31 30 -74407606129.720001
32 30 17151279618.270000
33 30 -12298626283.660000
34 30 175743470727.200012
35 30 450907285575.500000
36 30 -434439903261.099976
25 31 -179196507190.200012
26 31 -57119152428.879997
27 31 -40690930625.029999
28 31 475682686571.200012
29 31 -1439323899768.000000
30 31 -74407606129.720001
31 31 181705725209.500000
32 31 57924327520.830002
33 31 41263513940.400002
34 31 447847027728.200012
35 31 -1355960257309.000000
36 31 -69651253309.179993
37 31 -2509218019.349000
38 31 -805175091.947000
39 31 -572583315.377800
40 31 -27835658843.029999
41 31 83363642459.419998
42 31 4756352820.538000
25 32 -57119152428.889999
26 32 -45888624852.089996
27 32 -16084288838.879999
28 32 367445773915.700012
29 32 -463384060287.599976
30 32 17151279618.270000
31 32 57924327520.830002
32 32 46538404340.879997
33 32 16299112218.090000
34 32 345989796810.000000
35 32 -436422627437.799988
36 32 16019337106.440001
37 32 -805175091.947000
38 32 -649779488.794200
39 32 -214823379.206100
40 32 -21455977105.619999
41 32 26961432849.779999
42 32 -1131942511.834000
25 33 -40690930625.029999
26 33 -16084288838.879999
27 33 -10988912363.280001
28 33 133532637644.699997
29 33 -329415793339.200012
30 33 -12298626283.660000
31 33 41263513940.400002
32 33 16299112218.090000
33 33 11461249623.660000
34 33 124803806344.699997
35 33 -308072428983.400024
36 33 -11424400290.410000
37 33 -572583315.377800
38 33 -214823379.206100
39 33 -472337260.376600
40 33 -8728831300.010000
41 33 21343364355.770000
42 33 874225993.248800
25 34 -475682686571.299988
26 34 -367445773915.700012
27 34 -133532637644.699997
28 34 1946085600461.000000
29 34 -2583202157436.000000
30 34 175743470727.200012
31 34 447847027728.200012
32 34 345989796810.000000
33 34 124803806344.699997
34 34 4905805393737.000000
35 34 -6384909967745.000000
36 34 84190274536.369995
37 34 27835658843.029999
38 34 21455977105.619999
39 34 8728831300.010000
40 34 471329538758.200012
41 34 -630545361025.500000
42 34 46878966111.209999
25 35 1439323899768.000000
26 35 463384060287.599976
27 35 329415793339.200012
28 35 -2583202157436.000000
29 35 7703175244560.000000
30 35 450907285575.500000
31 35 -1355960257309.000000
32 35 -436422627437.799988
33 35 -308072428983.400024
34 35 -6384909967745.000000
35 35 19141781862390.000000
36 35 924386209408.500000
37 35 -83363642459.419998
38 35 -26961432849.779999
39 35 -21343364355.770000
40 35 -630545361025.500000
41 35 1854940165880.000000
42 35 119602198870.800003
25 36 74407606129.720001
26 36 -17151279618.270000
27 36 12298626283.660000
28 36 175743470727.200012
29 36 450907285575.500000
30 36 -434439903261.099976
31 36 -69651253309.179993
32 36 16019337106.440001
33 36 -11424400290.410000
34 36 84190274536.369995
35 36 924386209408.500000
36 36 771236743666.099976
37 36 -4756352820.538000
38 36 1131942511.834000
39 36 -874225993.248800
40 36 46878966111.209999
41 36 119602198870.800003
42 36 -100191586560.699997
19 37 208851.605474
20 37 73846.124254
21 37 205703.475680
22 37 -2286.669873
23 37 -1180.453969
24 37 7525.638269
31 37 -2509218019.349000
32 37 -805175091.947000
33 37 -572583315.377800
34 37 27835658843.029999
35 37 -83363642459.419998
36 37 -4756352820.538000
37 37 2619709067.353000
38 37 843035228.533800
39 37 576773710.812700
40 37 24565352467.810001
41 37 -73812317541.259995
42 37 -4118268352.820000
43 37 -103736812.399900
44 37 -35263952.774780
45 37 -3863469.366731
46 37 -3270306326.911000
47 37 9551328162.341999
48 37 629892058.372300
49 37 730138.375691
50 37 276306.062423
51 37 37745.022378
52 37 -25311.605041
53 37 -10074.676429
54 37 7100.585736
3011 37 -4811053.973050
3012 37 -1848683.216823
3013 37 -42496.584139
3014 37 -559.542832
3015 37 -1792.377547
3016 37 -4412678.371558
3311 37 -1654247.591701
3312 37 -656089.853987
3313 37 485212.669075
3314 37 -9775.541135
3315 37 -5755.270565
3316 37 33397.565584
3323 37 -1227924.020551
3324 37 -441562.927958
3325 37 -1013090.651145
3326 37 9081.720187
3327 37 2849.759884
3328 37 18676.112991
19 38 84725.942166
20 38 29158.029550
21 38 106712.956759
22 38 5845.992337
23 38 3017.892936
24 38 -19239.691824
31 38 -805175091.947000
32 38 -649779488.794200
33 38 -214823379.206100
34 38 21455977105.619999
35 38 -26961432849.779999
36 38 1131942511.834000
37 38 843035228.533800
38 38 678972503.083000
39 38 211333519.657000
40 38 18945038005.810001
41 38 -23831782599.610001
42 38 949513998.851600
43 38 -35263952.774780
44 38 -28092667.299110
45 38 3476703.036724
46 38 -2510938431.936000
47 38 3129642193.413000
48 38 -179945590.047700
49 38 259878.061759
50 38 99309.757973
51 38 18382.667416
52 38 66266.970924
53 38 26375.976114
54 38 -18589.666981
3011 38 -1846226.416257
3012 38 -807649.344550
3013 38 33673.321882
3014 38 1427.562718
3015 38 4572.896329
3016 38 -7161745.532513
3311 38 -653222.452303
3312 38 -262357.548651
3313 38 217212.179375
3314 38 24681.122942
3315 38 14701.443843
3316 38 -87251.232479
3323 38 -441338.947457
3324 38 -158807.884038
3325 38 -362824.613074
3326 38 -23152.668086
3327 38 -7260.704660
3328 38 -47728.169215
19 39 -80562.582274
20 39 -5260.500019
21 39 -690652.489170
22 39 222.182583
23 39 114.697935
24 39 -731.223063
31 39 -572583315.377800
32 39 -214823379.206100
33 39 -472337260.376600
34 39 8728831300.010000
35 39 -21343364355.770000
36 39 -874225993.248800
37 39 576773710.812700
38 39 211333519.657000
39 39 586278116.456300
40 39 7453238038.462000
41 39 -18282359450.660000
42 39 -733569868.195400
43 39 -3863469.366731
44 39 3476703.036723
45 39 -110569513.070300
46 39 -1274127997.861000
47 39 3057669909.128000
48 39 140664133.498600
49 39 324666.632071
50 39 127976.426737
51 39 -68159.522576
52 39 3794.185609
53 39 1510.184449
54 39 -1064.371073
3011 39 -42404.798730
3012 39 33709.297792
3013 39 -1223169.349142
3014 39 -1149363.146276
3015 39 3335160.153002
3016 39 -4013.353497
3311 39 484379.645432
3312 39 219752.770206
3313 39 -503632.357741
3314 39 1069.665284
3315 39 703.811427
3316 39 -4925.902709
3323 39 -1013004.964651
3324 39 -363021.482360
3325 39 -885729.290756
3326 39 -905.105384
3327 39 -285.540085
3328 39 -1821.015527
19 40 -767.745536
20 40 1962.782024
21 40 74.597426
22 40 446532.102584
23 40 224298.089106
24 40 -1303473.727377
31 40 -27835658843.029999
32 40 -21455977105.619999
33 40 -8728831300.010000
34 40 471329538758.200012
35 40 -630545361025.500000
36 40 46878966111.209999
37 40 24565352467.810001
38 40 18945038005.810001
39 40 7453238038.462000
40 40 1291514079349.000000
41 40 -1688814207238.000000
42 40 26364305066.720001
43 40 3270306326.911000
44 40 2510938431.936000
45 40 1274127997.861000
46 40 162002084652.000000
47 40 -221193710047.399994
48 40 20097937643.020000
49 40 15473.982437
50 40 -40511.612858
51 40 -2319.535303
52 40 -2803229.269843
53 40 -1128105.978845
54 40 1005570.781549
3011 40 -969.547118
3012 40 2473.607453
3013 40 1464584.996669
3014 40 -5421920.408755
3015 40 -69684756.779280
3016 40 77280.213704
3311 40 -32867.605041
3312 40 85748.786066
3313 40 4796.558714
3314 40 813010.489966
3315 40 98259.191066
3316 40 3874687.835847
3323 40 19179.223706
3324 40 -49005.685472
3325 40 -1872.930241
3326 40 974837.946804
3327 40 490529.259330
3328 40 -2847998.392870
19 41 -459.075985
20 41 1173.652010
21 41 44.605778
22 41 157266.179827
23 41 82287.471470
24 41 -553052.411679
31 41 83363642459.419998
32 41 26961432849.779999
33 41 21343364355.770000
34 41 -630545361025.500000
35 41 1854940165880.000000
36 41 119602198870.800003
37 41 -73812317541.259995
38 41 -23831782599.610001
39 41 -18282359450.660000
40 41 -1688814207238.000000
41 41 4977696389773.000000
42 41 268540065320.200012
43 41 -9551328162.341999
44 41 -3129642193.413000
45 41 -3057669909.128000
46 41 -221193710047.399994
47 41 629377049703.699951
48 41 46757415299.470001
49 41 4257.047179
50 41 -11145.149474
51 41 -638.127338
52 41 -762144.482877
53 41 -308907.454076
54 41 301569.376295
3011 41 2540.994838
3012 41 -6482.845082
3013 41 -3335180.676159
3014 41 -51320602.219240
3015 41 125693059.115500
3016 41 -198993.839562
3311 41 -10473.590921
3312 41 27254.179180
3313 41 1497.861919
3314 41 394303.954258
3315 41 88785.743489
3316 41 1149699.207476
3323 41 7378.813397
3324 41 -18856.590253
3325 41 -719.647524
3326 41 291366.091929
3327 41 158948.789291
3328 41 -1188536.143168
19 42 4177.528647
20 42 -10680.072691
21 42 -405.906474
22 42 460247.006010
23 42 136829.961101
24 42 1136323.247635
31 42 4756352820.538000
32 42 -1131942511.834000
33 42 874225993.248800
34 42 46878966111.209999
35 42 119602198870.800003
36 42 -100191586560.699997
37 42 -4118268352.820000
38 42 949513998.851600
39 42 -733569868.195400
40 42 26364305066.720001
41 42 268540065320.200012
42 42 211907284031.200012
43 42 -629892058.372300
44 42 179945590.047700
45 42 -140664133.498600
46 42 20097937643.020000
47 42 46757415299.470001
48 42 -30183533785.320000
49 42 28878.321085
50 42 -75604.801062
51 42 -4328.832964
52 42 -5386093.284030
53 42 -2139816.945260
54 42 1440760.958352
3011 42 -8194038.774630
3012 42 2485646.632245
3013 42 7452.392200
3014 42 -89364.849429
3015 42 -264311.495601
3016 42 198165755.776800
3311 42 -34483.805835
3312 42 91304.039209
3313 42 5613.425861
3314 42 -1815695.923454
3315 42 -1053999.800645
3316 42 5890699.420860
3323 42 3057.385417
3324 42 -7742.862843
3325 42 -322.633453
3326 42 2333572.729224
3327 42 840507.726719
3328 42 1943911.349867
37 43 -103736812.399900
38 43 -35263952.774780
39 43 -3863469.366731
40 43 3270306326.911000
41 43 -9551328162.341999
42 43 -629892058.372300
43 43 3542335980.474000
44 43 1156832728.771000
45 43 1198174756.385000
46 43 -32949713998.470001
47 43 93435776485.199997
48 43 6938495642.341000
49 43 -3438599168.075000
50 43 -1121568775.997000
51 43 -1194311287.019000
52 43 -36220020325.379997
53 43 102987104647.500000
54 43 7568387700.714000
37 44 -35263952.774780
38 44 -28092667.299110
39 44 3476703.036723
40 44 2510938431.936000
41 44 -3129642193.413000
42 44 179945590.047700
43 44 1156832728.771000
44 44 971389371.309700
45 44 463494736.172400
46 44 -25213958906.430000
47 44 31130753793.840000
48 44 -2329060220.614000
49 44 -1121568775.997000
50 44 -941816704.010600
51 44 -466971439.209200
52 44 -27724897338.360001
53 44 34260395987.250000
54 44 -2509005810.662000
37 45 -3863469.366731
38 45 3476703.036724
39 45 -110569513.070300
40 45 1274127997.861000
41 45 -3057669909.128000
42 45 -140664133.498600
43 45 1198174756.385000
44 45 463494736.172400
45 45 946211896.725400
46 45 -15504862319.250000
47 45 36349006436.410004
48 45 1818960204.628000
49 45 -1194311287.019000
50 45 -466971439.209200
51 45 -835642383.655100
52 45 -16778990317.110001
53 45 39406676345.540001
54 45 1959624338.127000
37 46 -3270306326.911000
38 46 -2510938431.936000
39 46 -1274127997.861000
40 46 162002084652.000000
41 46 -221193710047.399994
42 46 20097937643.020000
43 46 -32949713998.470001
44 46 -25213958906.430000
45 46 -15504862319.250000
46 46 1453872992396.000000
47 46 -1924698276322.000000
48 46 45470704042.010002
49 46 36220020325.379997
50 46 27724897338.360001
51 46 16778990317.110001
52 46 541352105307.099976
53 46 -754884166226.000000
54 46 78747393531.399994
37 47 9551328162.341999
38 47 3129642193.413000
39 47 3057669909.128000
40 47 -221193710047.399994
41 47 629377049703.699951
42 47 46757415299.470001
43 47 93435776485.199997
44 47 31130753793.840000
45 47 36349006436.410004
46 47 -1924698276322.000000
47 47 5420597693265.000000
48 47 346127384167.700012
49 47 -102987104647.500000
50 47 -34260395987.250000
51 47 -39406676345.529999
52 47 -754884166226.000000
53 47 2072929256836.000000
54 47 170629904744.399994
37 48 629892058.372300
38 48 -179945590.047700
39 48 140664133.498600
40 48 20097937643.020000
41 48 46757415299.470001
42 48 -30183533785.320000
43 48 6938495642.341000
44 48 -2329060220.614000
45 48 1818960204.628000
46 48 45470704042.010002
47 48 346127384167.700012
48 48 262132852178.299988
49 48 -7568387700.714000
50 48 2509005810.662000
51 48 -1959624338.127000
52 48 78747393531.399994
53 48 170629904744.399994
54 48 -85669165729.119995
37 49 730138.375691
38 49 259878.061759
39 49 324666.632071
40 49 15473.982437
41 49 4257.047179
42 49 28878.321085
43 49 -3438599168.075000
44 49 -1121568775.997000
45 49 -1194311287.019000
46 49 36220020325.379997
47 49 -102987104647.500000
48 49 -7568387700.714000
49 49 3659053804.088000
50 49 1180210172.921000
51 49 1233904352.580000
52 49 31768959541.450001
53 49 -87223117723.500000
54 49 -5901747971.163000
55 49 -215330513.564800
56 49 -56765254.173040
57 49 -38605014.657160
58 49 -4451001337.040000
59 49 15764012079.690001
60 49 1661334129.050000
3311 49 -2656060.575643
3312 49 -937088.795575
3313 49 -1285458.688687
3314 49 -23990.350860
3315 49 -11611.511426
3316 49 44465.787525
3377 49 -3198200.248545
3378 49 -1198932.017903
3379 49 -27258.847554
3380 49 -3311.400874
3381 49 -2130.440308
3382 49 -3530901.979174
37 50 276306.062423
38 50 99309.757973
39 50 127976.426737
40 50 -40511.612858
41 50 -11145.149474
42 50 -75604.801062
43 50 -1121568775.997000
44 50 -941816704.010600
45 50 -466971439.209200
46 50 27724897338.360001
47 50 -34260395987.250000
48 50 2509005810.662000
49 50 1180210172.921000
50 50 990076307.627800
51 50 468175494.007200
52 50 24442842729.580002
53 50 -30336777369.299999
54 50 2127504227.593000
55 50 -56785578.413200
56 50 -47536402.405270
57 50 -1009139.127686
58 50 -3282210795.488000
59 50 3923552487.698000
60 50 -380744177.637100
3311 50 -937654.572489
3312 50 -343571.743885
3313 50 -311135.374158
3314 50 63493.054858
3315 50 30657.137091
3316 50 -116400.164484
3377 50 -1194470.001488
3378 50 -478939.226068
3379 50 -11756.722942
3380 50 8780.991716
3381 50 5649.385080
3382 50 -3948262.681868
37 51 37745.022378
38 51 18382.667416
39 51 -68159.522576
40 51 -2319.535303
41 51 -638.127338
42 51 -4328.832964
43 51 -1194311287.019000
44 51 -466971439.209200
45 51 -835642383.655100
46 51 16778990317.110001
47 51 -39406676345.529999
48 51 -1959624338.127000
49 51 1233904352.580000
50 51 468175494.007200
51 51 995460125.434400
52 51 14468077864.370001
53 51 -32828704142.160000
54 51 -1432182172.148000
55 51 -38317848.845160
56 51 -900845.992737
57 51 -156588390.921300
58 51 -2310257544.997000
59 51 6576348166.275000
60 51 527448849.342000
3311 51 -1285948.917470
3312 51 -309927.528860
3313 51 -3178681.678720
3314 51 3523.957571
3315 51 1713.414924
3316 51 -6666.786231
3377 51 -27012.821079
3378 51 -11663.943867
3379 51 17490.343319
3380 51 -557818.361112
3381 51 1620450.314895
3382 51 -2337.984206
37 52 -25311.605041
38 52 66266.970924
39 52 3794.185609
40 52 -2803229.269843
41 52 -762144.482877
42 52 -5386093.284030
43 52 -36220020325.379997
44 52 -27724897338.360001
45 52 -16778990317.110001
46 52 541352105307.099976
47 52 -754884166226.000000
48 52 78747393531.399994
49 52 31768959541.450001
50 52 24442842729.580002
51 52 14468077864.370001
52 52 1473063585213.000000
53 52 -1969646244863.000000
54 52 44599093271.290001
55 52 4451004358.632000
56 52 3282202782.996000
57 52 2310256977.911000
58 52 166458899408.000000
59 52 -246480801103.200012
60 52 29472999719.599998
3311 52 83320.931178
3312 52 -218641.637427
3313 52 -12436.690562
3314 52 1773707.479003
3315 52 1101750.299057
3316 52 -7541091.053666
3377 52 -1584.031261
3378 52 4200.447457
3379 52 664117.336815
3380 52 -3203704.923791
3381 52 -44798533.638270
3382 52 294683.358387
37 53 -10074.676429
38 53 26375.976114
39 53 1510.184449
40 53 -1128105.978845
41 53 -308907.454076
42 53 -2139816.945260
43 53 102987104647.500000
44 53 34260395987.250000
45 53 39406676345.540001
46 53 -754884166226.000000
47 53 2072929256836.000000
48 53 170629904744.399994
49 53 -87223117723.500000
50 53 -30336777369.299999
51 53 -32828704142.160000
52 53 -1969646244863.000000
53 53 5828034282626.000000
54 53 431542017611.700012
55 53 -15764010496.870001
56 53 -3923556684.933000
57 53 -6576348463.335000
58 53 -246480911979.100006
59 53 831421404469.599976
60 53 94793898108.149994
3311 53 33667.724620
3312 53 -88362.611875
3313 53 -5023.699662
3314 53 812284.373495
3315 53 474362.010424
3316 53 -2941047.449790
3377 53 -20.220881
3378 53 53.620627
3379 53 -1620226.524254
3380 53 -35852562.135630
3381 53 88673380.804050
3382 53 -27074.421243
37 54 7100.585736
38 54 -18589.666981
39 54 -1064.371073
40 54 1005570.781549
41 54 301569.376295
42 54 1440760.958352
43 54 7568387700.714000
44 54 -2509005810.662000
45 54 1959624338.127000
46 54 78747393531.399994
47 54 170629904744.399994
48 54 -85669165729.119995
49 54 -5901747971.163000
50 54 2127504227.593000
51 54 -1432182172.148000
52 54 44599093271.290001
53 54 431542017611.700012
54 54 296561203104.400024
55 54 -1661340393.197000
56 54 380760788.558900
57 54 -527447673.699400
58 54 29474566309.959999
59 54 94794488885.240005
60 54 -24405725886.799999
3311 54 -34003.620419
3312 54 89549.307546
3313 54 5041.680697
3314 54 -2581126.467151
3315 54 -1033649.966608
3316 54 1021322.566170
3377 54 -5272433.319113
3378 54 669834.869696
3379 54 1530.410634
3380 54 -457384.965772
3381 54 -310687.000162
3382 54 136157460.988700
49 55 -215330513.564800
50 55 -56785578.413200
51 55 -38317848.845160
52 55 4451004358.632000
53 55 -15764010496.870001
54 55 -1661340393.197000
55 55 725363674.221000
56 55 188693082.083200
57 55 202884361.162300
58 55 -3916686744.645000
59 55 12655465880.059999
60 55 1534987596.591000
61 55 -507477564.009700
62 55 -130987932.462700
63 55 -164156651.785900
64 55 -8367676850.674000
65 55 28420337536.810001
66 55 3196312903.355000
3299 55 -2485397.417815
3300 55 -954071.499746
3301 55 462970.256436
3302 55 17219.611497
3303 55 3633.496029
3304 55 38783.451779
3311 55 -6664.467682
3315 55 -852212.245372
3316 55 -72508.883623
3377 55 -63534.761053
3378 55 34500.292481
3379 55 -872830.787660
3380 55 9755.018635
3381 55 3453.841830
3382 55 1555.259060
49 56 -56765254.173040
50 56 -47536402.405270
51 56 -900845.992737
52 56 3282202782.996000
53 56 -3923556684.933000
54 56 380760788.558900
55 56 188693082.083200
56 56 162632108.520600
57 56 37738782.339910
58 56 -2799800397.718000
59 56 3295060512.362000
60 56 -484666545.209900
61 56 -131010763.387600
62 56 -114742650.217700
63 56 -36854205.530930
64 56 -6083461713.701000
65 56 7218593213.251000
66 56 -865290509.012500
3299 56 -949851.242900
3300 56 -370531.582356
3301 56 221797.310610
3302 56 -46466.074297
3303 56 -9814.947747
3304 56 -104544.110332
3312 56 -14497.643820
3313 56 80577.062001
3314 56 977199.844171
3377 56 32786.720339
3378 56 31973.328519
3379 56 -286105.188855
3380 56 -26785.345934
3381 56 -9491.018974
3382 56 -4234.454536
49 57 -38605014.657160
50 57 -1009139.127686
51 57 -156588390.921300
52 57 2310256977.911000
53 57 -6576348463.335000
54 57 -527447673.699400
55 57 202884361.162300
56 57 37738782.339910
57 57 430736111.376500
58 57 -2681865710.641000
59 57 7178374735.016000
60 57 621626232.282900
61 57 -163869206.235700
62 57 -36747161.213350
63 57 -271546810.673100
64 57 -4988690653.556000
65 57 13754721443.780001
66 57 1149083637.423000
3299 57 463466.965471
3300 57 221278.012478
3301 57 -750591.575770
3302 57 -3180.845998
3303 57 -649.067349
3304 57 -7404.663750
3312 57 80577.062001
3313 57 -1276756.334086
3314 57 3587295.887611
3377 57 -873607.234912
3378 57 -284337.073360
3379 57 -573561.872243
3380 57 -1598.823980
3381 57 -564.191596
3382 57 -263.999662
49 58 -4451001337.040000
50 58 -3282210795.488000
51 58 -2310257544.997000
52 58 166458899408.000000
53 58 -246480911979.100006
54 58 29474566309.959999
55 58 -3916686744.645000
56 58 -2799800397.718000
57 58 -2681865710.641000
58 58 840283149862.099976
59 58 -1165069643664.000000
60 58 21080981653.400002
61 58 8367684492.616000
62 58 6083441192.832000
63 58 4988689023.646000
64 58 227920971119.100006
65 58 -350519613477.599976
66 58 45141064806.690002
3299 58 344.275616
3300 58 -937.969856
3301 58 -44.118825
3302 58 341072.700506
