1224 1224 56126
1 1 4359.804183
2 1 4316.157738
3 1 107.117702
4 1 227.517971
5 1 4314.970766
18 1 -1558.685602
19 1 199.593068
20 1 1588.990756
21 1 -4955.211515
22 1 -1491.051452
23 1 8046.152229
24 1 5610.575875
25 1 172.283122
26 1 1590.187171
27 1 -2348.336433
1 2 4316.157738
2 2 62366.022288
3 2 -4308.685896
4 2 -188.740652
5 2 -5635.572692
18 2 1582.225541
19 2 -686.884456
20 2 -16330.597258
21 2 -994.146438
22 2 -1586.092528
23 2 69.166846
24 2 -69.444965
25 2 -542.806680
26 2 1681.321812
27 2 14069.252452
1 3 107.117702
2 3 -4308.685896
3 3 9754.984129
4 3 -17905.834747
5 3 -52.683728
6 3 55.495977
7 3 1011.350435
8 3 4241.385448
18 3 -1488.669204
19 3 -6.763235
20 3 -1582.677631
21 3 -2372.191117
22 3 -3336.871525
23 3 19346.342951
24 3 2819.057199
25 3 635.084962
26 3 -37.156500
27 3 -9914.038526
28 3 -2264.958462
29 3 12132.532734
30 3 11541.764728
31 3 306.666472
32 3 1560.167862
33 3 -2331.214545
1 4 227.517971
2 4 -188.740652
3 4 -17905.834747
4 4 286598.326752
5 4 171.862085
6 4 1719.641748
7 4 -14637.246993
8 4 359.681056
18 4 5613.697977
19 4 -0.298341
20 4 -69.367560
21 4 -103.898517
22 4 2807.804873
23 4 -331.337831
24 4 -47388.674215
25 4 47.765806
26 4 62.032688
27 4 -636.735761
28 4 7465.443947
29 4 -68350.025832
30 4 -103431.177565
31 4 26.006999
32 4 132.411674
33 4 -197.656737
1 5 4314.970766
2 5 -5635.572692
3 5 -52.683728
4 5 171.862085
5 5 124893.803270
6 5 -4226.785304
7 5 -432.583099
8 5 -5528.090742
18 5 1583.419829
19 5 441.934447
20 5 1707.923232
21 5 -13979.599798
22 5 -54.123216
23 5 2.236078
24 5 60.707134
25 5 -1442.230832
26 5 -33482.362439
27 5 334.120821
28 5 -1551.813187
29 5 67.534689
30 5 -158.731359
31 5 -1363.144016
32 5 1820.009682
33 5 14097.901580
3 6 55.495977
4 6 1719.641748
5 6 -4226.785304
6 6 10833.936543
7 6 -26647.451090
8 6 -55.912978
9 6 153.247346
10 6 753.624475
11 6 4149.058105
22 6 -2256.643845
23 6 -554.144447
24 6 7440.340530
25 6 135.986606
26 6 -1541.343851
27 6 -2397.538531
28 6 -3679.685961
29 6 20202.340117
30 6 4588.271820
31 6 954.663897
32 6 -31.599071
33 6 -9952.525940
34 6 -2393.370799
35 6 12607.044572
36 6 12128.047668
37 6 318.179668
38 6 1531.626278
39 6 -2340.232611
3 7 1011.350435
4 7 -14637.246993
5 7 -432.583099
6 7 -26647.451090
7 7 284963.043367
8 7 -58.011907
9 7 1396.408711
10 7 -10929.038589
11 7 372.436723
22 7 11512.707564
23 7 67264.597855
24 7 -103047.397147
25 7 13.909851
26 7 -157.847764
27 7 -245.336230
28 7 4548.100987
29 7 -750.694922
30 7 -51893.716778
31 7 91.257942
32 7 -22.391520
33 7 -956.085568
34 7 8069.989468
35 7 -68476.852875
36 7 -104337.042028
37 7 28.562192
38 7 137.597082
39 7 -210.033383
3 8 4241.385448
4 8 359.681056
5 8 -5528.090742
6 8 -55.912978
7 8 -58.011907
8 8 125235.021294
9 8 -4123.714744
10 8 -442.891249
11 8 -5494.921361
22 8 1546.611788
23 8 -67.751929
24 8 131.068651
25 8 1256.920895
26 8 1899.479773
27 8 -13846.112057
28 8 -73.283222
29 8 3.003334
30 8 -26.266063
31 8 -1617.120319
32 8 -35503.426049
33 8 561.159656
34 8 -1516.018555
35 8 65.958888
36 8 -162.733284
37 8 -1432.346871
38 8 1958.666116
39 8 14134.700077
6 9 153.247346
7 9 1396.408711
8 9 -4123.714744
9 9 10651.021469
10 9 -25307.055238
11 9 -64.845876
12 9 316.953709
13 9 229.994773
14 9 4038.010533
28 9 -2368.914065
29 9 -761.181622
30 9 7984.998781
31 9 152.950203
32 9 -1487.393774
33 9 -2427.749962
34 9 -3851.377926
35 9 21080.437738
36 9 4917.583137
37 9 916.694215
38 9 -10.481425
39 9 -10043.729900
40 9 -2162.701542
41 9 11793.196351
42 9 10768.600408
43 9 284.940505
44 9 1497.855478
45 9 -2367.648997
6 10 753.624475
7 10 -10929.038589
8 10 -442.891249
9 10 -25307.055238
10 10 284656.519872
11 10 -137.269355
12 10 785.610077
13 10 -6078.144399
14 10 303.576474
28 10 12028.843006
29 10 67080.497423
30 10 -103300.180026
31 10 16.419326
32 10 -159.853831
33 10 -260.708903
34 10 4822.107044
35 10 -1381.790496
36 10 -58235.740325
37 10 84.213241
38 10 -49.172590
39 10 -917.189889
40 10 6709.966770
41 10 -68671.517460
42 10 -106033.648703
43 10 21.423433
44 10 112.703884
45 10 -177.972384
6 11 4149.058105
7 11 372.436723
8 11 -5494.921361
9 11 -64.845876
10 11 -137.269355
11 11 125602.985916
12 11 -4000.135123
13 11 -370.964131
14 11 -5460.415379
28 11 1500.389465
29 11 -65.748792
30 11 134.588943
31 11 1333.113971
32 11 2173.957693
33 11 -13796.024341
34 11 -93.430337
35 11 3.884274
36 11 -56.320343
37 11 -1763.933617
38 11 -38190.237335
39 11 684.194976
40 11 -1473.358196
41 11 64.129833
42 11 -136.563573
43 11 -1222.037807
44 11 2144.717421
45 11 14188.874558
9 12 316.953709
10 12 785.610077
11 12 -4000.135123
12 12 9900.274278
13 12 -19778.298805
14 12 -43.822495
15 12 418.169342
16 12 -85.145133
17 12 3939.881518
34 12 -2122.404894
35 12 379.861685
36 12 6577.752508
37 12 123.703698
38 12 -1420.850031
39 12 -2470.942898
40 12 -3921.649424
41 12 21892.191728
42 12 4308.567504
43 12 726.867793
44 12 9.664577
45 12 -10158.756557
46 12 -1807.387948
47 12 10173.045943
48 12 8186.098538
49 12 225.936500
50 12 1447.016895
51 12 -2406.129518
9 13 229.994773
10 13 -6078.144399
11 13 -370.964131
12 13 -19778.298805
13 13 284527.321673
14 13 -172.200528
15 13 410.094326
16 13 -2667.651149
17 13 197.380820
34 13 10607.177610
35 13 67071.633284
36 13 -104151.252466
37 13 11.466276
38 13 -131.855698
39 13 -229.125349
40 13 4211.842887
41 13 -1348.148700
42 13 -64860.543861
43 13 53.918354
44 13 -60.646273
45 13 -726.474673
46 13 4144.481358
47 13 -68483.187490
48 13 -106705.748132
49 13 11.320761
50 13 72.559103
51 13 -120.525915
9 14 4038.010533
10 14 303.576474
11 14 -5460.415379
12 14 -43.822495
13 14 -172.200528
14 14 126126.708584
15 14 -3918.903099
16 14 -265.116415
17 14 -5570.983486
34 14 1443.506205
35 14 -63.231199
36 14 108.445245
37 14 1146.416628
38 14 2534.790218
39 14 -13778.811495
40 14 -71.683470
41 14 2.968182
42 14 -66.942442
43 14 -1892.837750
44 14 -41252.054264
45 14 595.518591
46 14 -1433.622438
47 14 62.451514
48 14 -96.934592
49 14 -850.697714
50 14 2413.146529
51 14 14133.830295
12 15 418.169342
13 15 410.094326
14 15 -3918.903099
15 15 4595.096830
16 15 -6406.845708
17 15 -3909.243817
40 15 -1790.445261
41 15 2160.360328
42 15 4106.084001
43 15 62.216311
44 15 -1407.491202
45 15 -2468.861770
46 15 -1980.771249
47 15 11351.640775
48 15 1918.533823
49 15 283.817059
50 15 -1417.179744
51 15 -5110.525492
12 16 -85.145133
13 16 -2667.651149
14 16 -265.116415
15 16 -6406.845708
16 16 142326.186417
17 16 -264.420558
40 16 8133.236104
41 16 67501.157474
42 16 -105767.551549
43 16 4.205398
44 16 -95.281306
45 16 -167.004157
46 16 1893.372297
47 16 -5626.811241
48 16 -33944.895649
49 16 19.197508
50 16 -95.898704
51 16 -345.704002
12 17 3939.881518
13 17 197.380820
14 17 -5570.983486
15 17 -3909.243817
16 17 -264.420558
17 17 63284.975812
40 17 1418.158048
41 17 -62.063658
42 17 70.994394
43 17 809.235342
44 17 2606.826176
45 17 -13883.003221
46 17 -1443.300854
47 17 62.947031
48 17 -97.627719
49 17 -1026.002054
50 17 -21467.478180
51 17 1311.464753
1 18 -1558.685602
2 18 1582.225541
3 18 -1488.669204
4 18 5613.697977
5 18 1583.419829
18 18 8721.787099
19 18 0.030031
20 18 8630.829887
21 18 0.466940
22 18 217.045768
23 18 -8.984067
24 18 453.361141
25 18 -0.230745
26 18 8628.439140
27 18 -8.091818
52 18 -1561.378576
53 18 200.340239
54 18 1594.238648
55 18 -4960.883245
56 18 -1493.385379
57 18 8064.241501
58 18 5617.328368
59 18 172.579537
60 18 1595.465048
61 18 -2353.018491
1 19 199.593068
2 19 -686.884456
3 19 -6.763235
4 19 -0.298341
5 19 441.934447
18 19 0.030031
19 19 270.091776
20 19 -3.666041
21 19 -2459.956793
22 19 0.137422
23 19 21.870399
24 19 -0.003059
25 19 24.953569
26 19 1.398500
27 19 -1119.409196
52 19 -199.581571
53 19 0.433423
54 19 686.306211
55 19 1120.605842
56 19 6.586247
57 19 -0.276574
58 19 0.282007
59 19 -13.785941
60 19 -440.951576
61 19 -124.976533
1 20 1588.990756
2 20 -16330.597258
3 20 -1582.677631
4 20 -69.367560
5 20 1707.923232
18 20 8630.829887
19 20 -3.666041
20 20 124752.463315
21 20 -42.524158
22 20 -8615.906794
23 20 0.153355
24 20 -377.229170
25 20 2.336027
26 20 -11251.891681
27 20 -31.551813
52 20 1573.996069
53 20 -689.308178
54 20 -16365.180249
55 20 -956.665272
56 20 -1588.049477
57 20 69.085544
58 20 -69.389200
59 20 -543.604827
60 20 1665.762535
61 20 14090.982560
1 21 -4955.211515
2 21 -994.146438
3 21 -2372.191117
4 21 -103.898517
5 21 -13979.599798
18 21 0.466940
19 21 -2459.956793
20 21 -42.524158
21 21 140264.059593
22 21 -6.965305
23 21 -206.621567
24 21 -0.322562
25 21 -1612.402652
26 21 -12.146302
27 21 39089.629785
52 21 4956.949694
53 21 1123.611378
54 21 1068.706963
55 21 -40866.301211
56 21 2376.948268
57 21 -103.782213
58 21 104.078655
59 21 1421.265253
60 21 13948.265871
61 21 -18570.615083
1 22 -1491.051452
2 22 -1586.092528
3 22 -3336.871525
4 22 2807.804873
5 22 -54.123216
6 22 -2256.643845
7 22 11512.707564
8 22 1546.611788
18 22 217.045768
19 22 0.137422
20 22 -8615.906794
21 22 -6.965305
22 22 19515.985410
23 22 -93.591518
24 22 -35823.957917
25 22 -0.723103
26 22 -105.442005
27 22 4.409006
28 22 114.510947
29 22 -41.936652
30 22 2014.470553
31 22 -0.371652
32 22 8481.238623
33 22 -5.397655
52 22 -1486.266260
53 22 -6.355189
54 22 -1577.829970
55 22 -2372.947970
56 22 -3343.250154
57 22 19402.780300
58 22 2844.137397
59 22 636.776143
60 22 -20.293923
61 22 -9923.350436
62 22 -2274.773648
63 22 12180.601482
64 22 11587.655863
65 22 307.796588
66 22 1572.223012
67 22 -2337.723537
1 23 8046.152229
2 23 69.166846
3 23 19346.342951
4 23 -331.337831
5 23 2.236078
6 23 -554.144447
7 23 67264.597855
8 23 -67.751929
18 23 -8.984067
19 23 21.870399
20 23 0.153355
21 23 -206.621567
22 23 -93.591518
23 23 1054379.349843
24 23 777.242646
25 23 55.978654
26 23 1.560138
27 23 -867.021917
28 23 -12.423319
29 23 203796.054939
30 23 159.942349
31 23 4.889884
32 23 0.715495
33 23 -205.595417
52 23 -8039.749715
53 23 -0.288381
54 23 -69.138665
55 23 -103.603978
56 23 -19291.987947
57 23 -443851.008555
58 23 -445.816856
59 23 27.778385
60 23 -1.269173
61 23 -433.199801
62 23 530.967392
63 23 -143733.682346
64 23 -67180.168148
65 23 13.410568
66 23 67.963984
67 23 -102.082860
1 24 5610.575875
2 24 -69.444965
3 24 2819.057199
4 24 -47388.674215
5 24 60.707134
6 24 7440.340530
7 24 -103047.397147
8 24 131.068651
18 24 453.361141
19 24 -0.003059
20 24 -377.229170
21 24 -0.322562
22 24 -35823.957917
23 24 777.242646
24 24 573166.119924
25 24 0.003842
26 24 344.475297
27 24 -0.470625
28 24 3426.938069
29 24 421.466674
30 24 -29149.095815
31 24 0.013025
32 24 719.859989
33 24 -1.120310
52 24 5626.661569
53 24 -0.284293
54 24 -69.157957
55 24 -103.791059
56 24 2810.460886
57 24 -720.238384
58 24 -47572.599822
59 24 47.960105
60 24 63.589552
61 24 -637.746973
62 24 7493.742820
63 24 -68683.132877
64 24 -103833.871296
65 24 26.146542
66 24 133.857689
67 24 -198.455102
1 25 172.283122
2 25 -542.806680
3 25 635.084962
4 25 47.765806
5 25 -1442.230832
6 25 135.986606
7 25 13.909851
8 25 1256.920895
18 25 -0.230745
19 25 24.953569
20 25 2.336027
21 25 -1612.402652
22 25 -0.723103
23 25 55.978654
24 25 0.003842
25 25 1651.482606
26 25 1.974428
27 25 -18033.224035
28 25 0.393485
29 25 33.755253
30 25 0.069046
31 25 326.497046
32 25 4.906771
33 25 -3483.629264
52 25 -171.466389
53 25 -14.011458
54 25 537.952169
55 25 1422.946994
56 25 -634.890479
57 25 27.743901
58 25 -47.839168
59 25 -314.865201
60 25 1434.228503
61 25 5293.906888
62 25 -136.429810
63 25 5.985100
64 25 -13.989931
65 25 -156.523518
66 25 -1253.239393
67 25 995.158766
1 26 1590.187171
2 26 1681.321812
3 26 -37.156500
4 26 62.032688
5 26 -33482.362439
6 26 -1541.343851
7 26 -157.847764
8 26 1899.479773
18 26 8628.439140
19 26 1.398500
20 26 -11251.891681
21 26 -12.146302
22 26 -105.442005
23 26 1.560138
24 26 344.475297
25 26 1.974428
26 26 249829.233641
27 26 -156.040685
28 26 -8452.120581
29 26 0.488210
30 26 -865.077240
31 26 7.481807
32 26 -11037.643770
33 26 -65.082479
52 26 1575.216072
53 26 445.015118
54 26 1745.293535
55 26 -13995.128396
56 26 -71.059464
57 26 2.722782
58 26 59.617555
59 26 -1450.546695
60 26 -33551.892383
61 26 392.704741
62 26 -1560.844794
63 26 67.489654
64 26 -159.490049
65 26 -1369.412689
66 26 1751.581791
67 26 14133.645037
1 27 -2348.336433
2 27 14069.252452
3 27 -9914.038526
4 27 -636.735761
5 27 334.120821
6 27 -2397.538531
7 27 -245.336230
8 27 -13846.112057
18 27 -8.091818
19 27 -1119.409196
20 27 -31.551813
21 27 39089.629785
22 27 4.409006
23 27 -867.021917
24 27 -0.470625
25 27 -18033.224035
26 27 -156.040685
27 27 280897.941899
28 27 -9.347980
29 27 -207.688659
30 27 -1.308110
31 27 -3995.289028
32 27 -43.802252
33 27 40072.818026
52 27 2345.287850
53 27 -123.745301
54 27 -14026.222061
55 27 -18542.569406
56 27 9921.304070
57 27 -433.239451
58 27 637.905331
59 27 5294.686110
60 27 -217.652693
61 27 -82393.729161
62 27 2406.341267
63 27 -105.059643
64 27 246.464082
65 27 2544.381015
66 27 13841.655763
67 27 -18964.018725
3 28 -2264.958462
4 28 7465.443947
5 28 -1551.813187
6 28 -3679.685961
7 28 4548.100987
8 28 -73.283222
9 28 -2368.914065
10 28 12028.843006
11 28 1500.389465
22 28 114.510947
23 28 -12.423319
24 28 3426.938069
25 28 0.393485
26 28 -8452.120581
27 28 -9.347980
28 28 21683.461168
29 28 -259.011012
30 28 -53353.044071
31 28 -1.293600
32 28 -112.124891
33 28 7.386176
34 28 309.830225
35 28 -89.675942
36 28 1500.150566
37 28 -1.881919
38 28 8296.384449
39 28 0.659110
56 28 -2249.911066
57 28 -561.146670
58 28 7418.704904
59 28 136.645219
60 28 -1529.520418
61 28 -2396.167173
62 28 -3688.788584
63 28 20323.529366
64 28 4657.085436
65 28 959.310282
66 28 9.765113
67 28 -9964.605276
68 28 -2425.137813
69 28 12709.834344
70 28 12272.582724
71 28 321.252224
72 28 1561.289763
73 28 -2351.422590
3 29 12132.532734
4 29 -68350.025832
5 29 67.534689
6 29 20202.340117
7 29 -750.694922
8 29 3.003334
9 29 -761.181622
10 29 67080.497423
11 29 -65.748792
22 29 -41.936652
23 29 203796.054939
24 29 421.466674
25 29 33.755253
26 29 0.488210
27 29 -207.688659
28 29 -259.011012
29 29 1075736.458843
30 29 2217.264288
31 29 83.862776
32 29 3.797071
33 29 -869.738903
34 29 -67.800489
35 29 211320.061490
36 29 655.580982
37 29 6.441907
38 29 2.271005
39 29 -206.819307
56 29 -12078.176898
57 29 -143331.139254
58 29 67682.842603
59 29 5.938482
60 29 -67.430518
61 29 -104.628480
62 29 -20017.302570
63 29 -455970.074446
64 29 -1473.733628
65 29 41.861156
66 29 -0.167039
67 29 -435.077741
68 29 787.691768
69 29 -146780.563663
70 29 -67487.962716
71 29 13.996146
72 29 67.429889
73 29 -102.685498
3 30 11541.764728
4 30 -103431.177565
5 30 -158.731359
6 30 4588.271820
7 30 -51893.716778
8 30 -26.266063
9 30 7984.998781
10 30 -103300.180026
11 30 134.588943
22 30 2014.470553
23 30 159.942349
24 30 -29149.095815
25 30 0.069046
26 30 -865.077240
27 30 -1.308110
28 30 -53353.044071
29 30 2217.264288
30 30 569903.009286
31 30 0.039669
32 30 -114.330557
33 30 -1.915663
34 30 2782.043096
35 30 941.732826
36 30 -21724.526482
37 30 -0.097754
38 30 746.478172
39 30 -1.270247
56 30 11500.648921
57 30 67304.407324
58 30 -102686.468756
59 30 13.963092
60 30 -156.845994
61 30 -245.136205
62 30 4536.899578
63 30 -1863.077850
64 30 -52087.756308
65 30 91.871998
66 30 -17.899156
67 30 -959.008710
68 30 8186.653762
69 30 -69071.065081
70 30 -105393.112990
71 30 28.970992
72 30 141.119842
73 30 -211.924701
3 31 306.666472
4 31 26.006999
5 31 -1363.144016
6 31 954.663897
7 31 91.257942
8 31 -1617.120319
9 31 152.950203
10 31 16.419326
11 31 1333.113971
22 31 -0.371652
23 31 4.889884
24 31 0.013025
25 31 326.497046
26 31 7.481807
27 31 -3995.289028
28 31 -1.293600
29 31 83.862776
30 31 0.039669
31 31 3121.881579
32 31 23.956357
33 31 -27142.830624
34 31 0.090239
35 31 34.620716
36 31 0.149421
37 31 381.605486
38 31 13.631186
39 31 -3835.082165
56 31 -304.943570
57 31 13.342076
58 31 -25.909195
59 31 -156.568604
60 31 1349.867831
61 31 2538.453645
62 31 -954.280212
63 31 41.688565
64 31 -91.519246
65 31 -712.383597
66 31 1587.771132
67 31 8101.368059
68 31 -153.470534
69 31 6.730599
70 31 -16.554206
71 31 -183.280301
72 31 -1328.221169
73 31 1164.064896
3 32 1560.167862
4 32 132.411674
5 32 1820.009682
6 32 -31.599071
7 32 -22.391520
8 32 -35503.426049
9 32 -1487.393774
10 32 -159.853831
11 32 2173.957693
22 32 8481.238623
23 32 0.715495
24 32 719.859989
25 32 4.906771
26 32 -11037.643770
27 32 -43.802252
28 32 -112.124891
29 32 3.797071
30 32 -114.330557
31 32 23.956357
32 32 250516.412691
33 32 -412.877614
34 32 -8245.802566
35 32 2.076471
36 32 -886.784398
37 32 17.595109
38 32 -10971.794133
39 32 -158.807553
56 32 1531.664088
57 32 -67.545966
58 32 129.833353
59 32 1262.470276
60 32 1989.178757
61 32 -13847.741725
62 32 -114.945553
63 32 4.431097
64 32 -29.531245
65 32 -1636.267523
66 32 -35577.495604
67 32 738.350598
68 32 -1543.182262
69 32 66.672796
70 32 -165.899424
71 32 -1452.826681
72 32 1755.035482
73 32 14210.218046
3 33 -2331.214545
4 33 -197.656737
5 33 14097.901580
6 33 -9952.525940
7 33 -956.085568
8 33 561.159656
9 33 -2427.749962
10 33 -260.708903
11 33 -13796.024341
22 33 -5.397655
23 33 -205.595417
24 33 -1.120310
25 33 -3483.629264
26 33 -65.082479
27 33 40072.818026
28 33 7.386176
29 33 -869.738903
30 33 -1.915663
31 33 -27142.830624
32 33 -412.877614
33 33 282999.216808
34 33 -15.613825
35 33 -209.904877
36 33 -2.702971
37 33 -4380.203495
38 33 -134.972860
39 33 41754.348666
56 33 2324.363962
57 33 -101.470342
58 33 197.616108
59 33 990.474691
60 33 -14027.212212
61 33 -18880.888938
62 33 9953.786959
63 33 -434.586920
64 33 959.168638
65 33 8114.094483
66 33 -208.904308
67 33 -84468.173696
68 33 2446.942568
69 33 -106.826882
70 33 263.671709
71 33 2733.518715
72 33 13867.409281
73 33 -19771.850136
6 34 -2393.370799
7 34 8069.989468
8 34 -1516.018555
9 34 -3851.377926
10 34 4822.107044
11 34 -93.430337
12 34 -2122.404894
13 34 10607.177610
14 34 1443.506205
28 34 309.830225
29 34 -67.800489
30 34 2782.043096
31 34 0.090239
32 34 -8245.802566
33 34 -15.613825
34 34 21333.635812
35 34 -470.678706
36 34 -50764.222128
37 34 -1.344613
38 34 -130.113584
39 34 7.194090
40 34 637.411996
41 34 -126.063568
42 34 453.789933
43 34 -3.692070
44 34 8074.002471
45 34 7.793066
62 34 -2351.842626
63 34 -769.788617
64 34 7931.738605
65 34 154.565010
66 34 -1457.544171
67 34 -2420.956360
68 34 -3864.277886
69 34 21300.995329
70 34 5062.217962
71 34 926.120115
72 34 71.924763
73 34 -10056.632788
74 34 -2216.307594
75 34 11953.258430
76 34 11015.826725
77 34 290.296194
78 34 1550.644218
79 34 -2384.569605
6 35 12607.044572
7 35 -68476.852875
8 35 65.958888
9 35 21080.437738
10 35 -1381.790496
11 35 3.884274
12 35 379.861685
13 35 67071.633284
14 35 -63.231199
28 35 -89.675942
29 35 211320.061490
30 35 941.732826
31 35 34.620716
32 35 2.076471
33 35 -209.904877
34 35 -470.678706
35 35 1104139.154289
36 35 4719.587191
37 35 80.570574
38 35 7.447502
39 35 -877.527924
40 35 -123.272337
41 35 221473.998408
42 35 1319.918010
43 35 4.110709
44 35 4.392365
45 35 -209.424086
62 35 -12500.276779
63 35 -145687.880158
64 35 67288.974109
65 35 6.720797
66 35 -64.318828
67 35 -105.724309
68 35 -20700.566972
69 35 -472460.499199
70 35 -3344.743536
71 35 40.416839
72 35 2.549445
73 35 -439.126369
74 35 -299.901738
75 35 -150944.145343
76 35 -68142.482417
77 35 12.648195
78 35 67.055743
79 35 -104.132175
6 36 12128.047668
7 36 -104337.042028
8 36 -162.733284
9 36 4917.583137
10 36 -58235.740325
11 36 -56.320343
12 36 6577.752508
13 36 -104151.252466
14 36 108.445245
28 36 1500.150566
29 36 655.580982
30 36 -21724.526482
31 36 0.149421
32 36 -886.784398
33 36 -2.702971
34 36 -50764.222128
35 36 4719.587191
36 36 569318.431009
37 36 0.302342
38 36 -272.459677
39 36 -5.490768
40 36 1561.784045
41 36 1637.863692
42 36 -12004.987471
43 36 -0.211082
44 36 610.231648
45 36 -1.586658
62 36 11974.744309
63 36 66868.113656
64 36 -102293.359777
65 36 16.620251
66 36 -157.261917
67 36 -260.581862
68 36 4776.602122
69 36 -3744.265987
70 36 -58464.959848
71 36 85.447068
72 36 -41.237153
73 36 -923.093412
74 36 6914.560581
75 36 -69614.050190
76 36 -107946.778566
77 36 22.054646
78 36 118.068443
79 36 -181.040383
6 37 318.179668
7 37 28.562192
8 37 -1432.346871
9 37 916.694215
10 37 84.213241
11 37 -1763.933617
12 37 123.703698
13 37 11.466276
14 37 1146.416628
28 37 -1.881919
29 37 6.441907
30 37 -0.097754
31 37 381.605486
32 37 17.595109
33 37 -4380.203495
34 37 -1.344613
35 37 80.570574
36 37 0.302342
37 37 3022.375584
38 37 56.229783
39 37 -26231.602789
40 37 -0.762123
41 37 31.395142
42 37 0.182413
43 37 288.308402
44 37 22.571439
45 37 -3413.710086
62 37 -314.485865
63 37 13.760863
64 37 -28.366878
65 37 -182.771779
66 37 1402.220437
67 37 2707.110249
68 37 -916.331290
69 37 40.027633
70 37 -84.791587
71 37 -680.481420
72 37 1703.837002
73 37 8015.234594
74 37 -123.762426
75 37 5.429334
76 37 -11.579513
77 37 -139.956963
78 37 -1139.095031
79 37 966.528323
6 38 1531.626278
7 38 137.597082
8 38 1958.666116
9 38 -10.481425
10 38 -49.172590
11 38 -38190.237335
12 38 -1420.850031
13 38 -131.855698
14 38 2534.790218
28 38 8296.384449
29 38 2.271005
30 38 746.478172
31 38 13.631186
32 38 -10971.794133
33 38 -134.972860
34 38 -130.113584
35 38 7.447502
36 38 -272.459677
37 38 56.229783
38 38 251264.913153
39 38 -847.181845
40 38 -7998.371488
41 38 4.262746
42 38 -744.344379
43 38 28.128644
44 38 -10903.632767
45 38 -300.687084
62 38 1467.836663
63 38 -64.801064
64 38 132.079133
65 38 1344.796545
66 38 2398.702653
67 38 -13758.523802
68 38 -176.231294
69 38 7.108349
70 38 -62.774420
71 38 -1799.548750
72 38 -38276.642567
73 38 1061.027125
74 38 -1524.485780
75 38 65.949952
76 38 -142.144709
77 38 -1260.128565
78 38 1766.631877
79 38 14325.626446
6 39 -2340.232611
7 39 -210.033383
8 39 14134.700077
9 39 -10043.729900
10 39 -917.189889
11 39 684.194976
12 39 -2470.942898
13 39 -229.125349
14 39 -13778.811495
28 39 0.659110
29 39 -206.819307
30 39 -1.270247
31 39 -3835.082165
32 39 -158.807553
33 39 41754.348666
34 39 7.194090
35 39 -877.527924
36 39 -5.490768
37 39 -26231.602789
38 39 -847.181845
39 39 287670.079167
40 39 -23.171171
41 39 -213.495959
42 39 -4.041741
43 39 -3997.707879
44 39 -273.687132
45 39 44178.721484
62 39 2323.722205
63 39 -101.446094
64 39 209.731637
65 39 1151.257004
66 39 -13984.628746
67 39 -19547.577994
68 39 10043.122385
69 39 -438.465585
70 39 923.907664
71 39 8054.353657
72 39 64.867319
73 39 -87906.752463
74 39 2503.343613
75 39 -109.286419
76 39 233.937582
77 39 2564.537956
78 39 13968.136021
79 39 -20939.778990
9 40 -2162.701542
10 40 6709.966770
11 40 -1473.358196
12 40 -3921.649424
13 40 4211.842887
14 40 -71.683470
15 40 -1790.445261
16 40 8133.236104
17 40 1418.158048
34 40 637.411996
35 40 -123.272337
36 40 1561.784045
37 40 -0.762123
38 40 -7998.371488
39 40 -23.171171
40 40 19825.316923
41 40 -326.512145
42 40 -39704.706157
43 40 0.053096
44 40 -87.244766
45 40 -8.969549
46 40 839.274791
47 40 -48.597638
48 40 -175.115639
49 40 -1.660940
50 40 7878.289732
51 40 -0.520502
68 40 -2095.225371
69 40 361.931767
70 40 6515.746511
71 40 126.861134
72 40 -1367.402586
73 40 -2457.175873
74 40 -3933.353225
75 40 22094.117378
76 40 4452.400988
77 40 734.968763
78 40 90.374934
79 40 -10157.895486
80 40 -1828.698639
81 40 10249.176015
82 40 8283.845107
83 40 228.440087
84 40 1474.492066
85 40 -2416.297044
9 41 11793.196351
10 41 -68671.517460
11 41 64.129833
12 41 21892.191728
13 41 -1348.148700
14 41 2.968182
15 41 2160.360328
16 41 67501.157474
17 41 -62.063658
34 41 -126.063568
35 41 221473.998408
36 41 1637.863692
37 41 31.395142
38 41 4.262746
39 41 -213.495959
40 41 -326.512145
41 41 1134021.752115
42 41 4710.703020
43 41 63.726528
44 41 7.311830
45 41 -886.353188
46 41 -38.779339
47 41 228739.176908
48 41 576.758017
49 41 -0.655996
50 41 2.280702
51 41 -211.744776
68 41 -11649.336036
69 41 -148962.910997
70 41 66791.440248
71 41 5.516234
72 41 -60.277088
73 41 -107.315046
74 41 -21560.442410
75 41 -489937.855383
76 41 -3353.242921
77 41 32.075597
78 41 3.462571
79 41 -443.555098
80 41 -2151.753861
81 41 -153143.212578
82 41 -67846.377634
83 41 9.954693
84 41 63.931111
85 41 -105.501975
9 42 10768.600408
10 42 -106033.648703
11 42 -136.563573
12 42 4308.567504
13 42 -64860.543861
14 42 -66.942442
15 42 4106.084001
16 42 -105767.551549
17 42 70.994394
34 42 453.789933
35 42 1319.918010
36 42 -12004.987471
37 42 0.182413
38 42 -744.344379
39 42 -4.041741
40 42 -39704.706157
41 42 4710.703020
42 42 569073.111288
43 42 0.502064
44 42 -345.250081
45 42 -6.840621
46 42 812.942832
47 42 916.907721
48 42 -5212.208179
49 42 -0.070028
50 42 396.323444
51 42 -1.222219
68 42 10528.910706
69 42 66520.177088
70 42 -102319.511999
71 42 11.829665
72 42 -127.961163
73 42 -229.389129
74 42 4163.049878
75 42 -3697.416684
76 42 -65078.805653
77 42 54.896115
78 42 -54.652215
79 42 -731.111890
80 42 4213.883965
81 42 -69057.735024
82 42 -107668.883771
83 42 11.541616
84 42 74.661611
85 42 -121.973948
9 43 284.940505
10 43 21.423433
11 43 -1222.037807
12 43 726.867793
13 43 53.918354
14 43 -1892.837750
15 43 62.216311
16 43 4.205398
17 43 809.235342
34 43 -3.692070
35 43 4.110709
36 43 -0.211082
37 43 288.308402
38 43 28.128644
39 43 -3997.707879
40 43 0.053096
41 43 63.726528
42 43 0.502064
43 43 2212.782086
44 43 69.705862
45 43 -20934.248118
46 43 -0.494245
47 43 25.727286
48 43 0.055500
49 43 135.540152
50 43 8.548945
51 43 -2391.286669
68 43 -279.201470
69 43 12.216717
70 43 -21.212479
71 43 -139.848643
72 43 1172.523449
73 43 2516.166326
74 43 -728.702761
75 43 31.831158
76 43 -54.560981
77 43 -430.752868
78 43 1840.808688
79 43 6565.991391
80 43 -61.980623
81 43 2.724519
82 43 -4.222361
83 43 -67.374558
84 43 -803.218363
85 43 475.789589
9 44 1497.855478
10 44 112.703884
11 44 2144.717421
12 44 9.664577
13 44 -60.646273
14 44 -41252.054264
15 44 -1407.491202
16 44 -95.281306
17 44 2606.826176
34 44 8074.002471
35 44 4.392365
36 44 610.231648
37 44 22.571439
38 44 -10903.632767
39 44 -273.687132
40 44 -87.244766
41 44 7.311830
42 44 -345.250081
43 44 69.705862
44 44 252312.663587
45 44 -831.137262
46 44 -7836.412124
47 44 2.086555
48 44 -531.223875
49 44 12.217842
50 44 -11126.481510
51 44 -170.836814
68 44 1388.047908
69 44 -61.214273
70 44 105.195659
71 44 1166.790263
72 44 2932.857541
73 44 -13680.961610
74 44 -152.996518
75 44 6.189969
76 44 -73.626412
77 44 -1925.353470
78 44 -41335.495790
79 44 966.414174
80 44 -1458.464702
81 44 63.247031
82 44 -98.907248
83 44 -867.831071
84 44 2229.991493
85 44 14215.306200
9 45 -2367.648997
10 45 -177.972384
11 45 14188.874558
12 45 -10158.756557
13 45 -726.474673
14 45 595.518591
15 45 -2468.861770
16 45 -167.004157
17 45 -13883.003221
34 45 7.793066
35 45 -209.424086
36 45 -1.586658
37 45 -3413.710086
38 45 -300.687084
39 45 44178.721484
40 45 -8.969549
41 45 -886.353188
42 45 -6.840621
43 45 -20934.248118
44 45 -831.137262
45 45 293321.398367
46 45 -13.647414
47 45 -214.303065
48 45 -1.805871
49 45 -3004.739330
50 45 -140.010390
51 45 45894.160934
68 45 2339.133148
69 45 -102.127149
70 45 177.839285
71 45 951.343398
72 45 -13916.951279
73 45 -20532.798326
74 45 10185.127118
75 45 -444.655330
76 45 735.298377
77 45 6606.337659
78 45 141.734849
79 45 -91996.222001
80 45 2485.802196
81 45 -108.524009
82 45 168.954673
83 45 2082.370326
84 45 13963.357454
85 45 -21690.053679
12 46 -1807.387948
13 46 4144.481358
14 46 -1433.622438
15 46 -1980.771249
16 46 1893.372297
17 46 -1443.300854
40 46 839.274791
41 46 -38.779339
42 46 812.942832
43 46 -0.494245
44 46 -7836.412124
45 46 -13.647414
46 46 9195.349199
47 46 -51.260245
48 46 -12852.092542
49 46 -0.229679
50 46 -7817.121224
51 46 -6.108171
74 46 -1777.960371
75 46 2143.098393
76 46 4098.358241
77 46 64.076823
78 46 -1380.284412
79 46 -2463.151954
80 46 -1984.811737
81 46 11405.011085
82 46 1958.386045
83 46 285.999769
84 46 -1390.026931
85 46 -5106.016549
12 47 10173.045943
13 47 -68483.187490
14 47 62.451514
15 47 11351.640775
16 47 -5626.811241
17 47 62.947031
40 47 -48.597638
41 47 228739.176908
42 47 916.907721
43 47 25.727286
44 47 2.086555
45 47 -214.303065
46 47 -51.260245
47 47 574966.390960
48 47 1377.632444
49 47 45.070100
50 47 2.407046
51 47 -444.951044
74 47 -10117.964673
75 47 -152159.572663
76 47 67337.475938
77 47 2.780213
78 47 -60.682898
79 47 -107.559883
80 47 -11281.288302
81 47 -249189.367134
82 47 4361.694936
83 47 12.482643
84 47 -60.894776
85 47 -223.000792
12 48 8186.098538
13 48 -106705.748132
14 48 -96.934592
15 48 1918.533823
16 48 -33944.895649
17 48 -97.627719
40 48 -175.115639
41 48 576.758017
42 48 -5212.208179
43 48 0.055500
44 48 -531.223875
45 48 -1.805871
46 48 -12852.092542
47 48 1377.632444
48 48 284655.999979
49 48 0.125733
50 48 -529.831850
51 48 -1.949847
74 48 8124.682029
75 48 67321.342375
76 48 -104863.838425
77 48 4.341452
78 48 -93.940876
79 48 -167.252412
80 48 1883.132779
81 48 -6258.991013
82 48 -34037.195926
83 48 19.416566
84 48 -94.489114
85 48 -346.725357
12 49 225.936500
13 49 11.320761
14 49 -850.697714
15 49 283.817059
16 49 19.197508
17 49 -1026.002054
40 49 -1.660940
41 49 -0.655996
42 49 -0.070028
43 49 135.540152
44 49 12.217842
45 49 -3004.739330
46 49 -0.229679
47 49 45.070100
48 49 0.125733
49 49 1083.818396
50 49 26.660262
51 49 -11231.679897
74 49 -223.159187
75 49 9.762367
76 49 -11.270769
77 49 -68.123092
78 49 827.039071
79 49 2064.801858
80 49 -284.700906
81 49 12.435070
82 49 -19.353492
83 49 -168.680637
84 49 1014.705021
85 49 3136.805056
12 50 1447.016895
13 50 72.559103
14 50 2413.146529
15 50 -1417.179744
16 50 -95.898704
17 50 -21467.478180
40 50 7878.289732
41 50 2.280702
42 50 396.323444
43 50 8.548945
44 50 -11126.481510
45 50 -140.010390
46 50 -7817.121224
47 50 2.407046
48 50 -529.831850
49 50 26.660262
50 50 126595.222892
51 50 -274.676971
74 50 1388.149652
75 50 -61.041653
76 50 69.942773
77 50 821.371176
78 50 2809.081656
79 50 -13841.441715
80 50 -1468.177783
81 50 63.893289
82 50 -99.682970
83 50 -1034.610167
84 50 -21503.733406
85 50 1410.005003
12 51 -2406.129518
13 51 -120.525915
14 51 14133.830295
15 51 -5110.525492
16 51 -345.704002
17 51 1311.464753
40 51 -0.520502
41 51 -211.744776
42 51 -1.222219
43 51 -2391.286669
44 51 -170.836814
45 51 45894.160934
46 51 -6.108171
47 51 -444.951044
48 51 -1.949847
49 51 -11231.679897
50 51 -274.676971
51 51 148044.845826
74 51 2391.527634
75 51 -104.417671
76 51 120.892244
77 51 474.642117
78 51 -13972.212800
79 51 -21487.115974
80 51 5131.746320
81 51 -223.992833
82 51 348.769627
83 51 3146.297433
84 51 -1115.670888
85 51 -47055.823300
18 52 -1561.378576
19 52 -199.581571
20 52 1573.996069
21 52 4956.949694
22 52 -1486.266260
23 52 -8039.749715
24 52 5626.661569
25 52 -171.466389
26 52 1575.216072
27 52 2345.287850
52 52 8728.319437
53 52 0.060904
54 52 8626.385229
55 52 0.920605
56 52 225.449424
57 52 -17.980728
58 52 448.288192
59 52 -0.461266
60 52 8623.943843
61 52 -16.118674
86 52 -1566.742657
87 52 201.577298
88 52 1597.928160
89 52 -4970.869385
90 52 -1495.645200
91 52 8092.176396
92 52 5633.916609
93 52 172.796319
94 52 1599.212216
95 52 -2359.755352
18 53 200.340239
19 53 0.433423
20 53 -689.308178
21 53 1123.611378
22 53 -6.355189
23 53 -0.288381
24 53 -0.284293
25 53 -14.011458
26 53 445.015118
27 53 -123.745301
52 53 0.060904
53 53 270.962455
54 53 -7.288680
55 53 -2482.213034
56 53 0.275797
57 53 21.896987
58 53 -0.006073
59 53 25.327885
60 53 2.788218
61 53 -1127.445408
86 53 -200.318763
87 53 0.116268
88 53 688.137120
89 53 1128.671005
90 53 6.000928
91 53 -0.243739
92 53 0.251732
93 53 -14.060398
94 53 -443.049293
95 53 -121.078962
18 54 1594.238648
19 54 686.306211
20 54 -16365.180249
21 54 1068.706963
22 54 -1577.829970
23 54 -69.138665
24 54 -69.157957
25 54 537.952169
26 54 1745.293535
27 54 -14026.222061
52 54 8626.385229
53 54 -7.288680
54 54 124813.613823
55 54 -84.756001
56 54 -8611.523734
57 54 0.306282
58 54 -376.474589
59 54 4.665794
60 54 -11194.379888
61 54 -63.163351
86 54 1564.366947
87 54 -693.145690
88 54 -16434.064660
89 54 -919.466500
90 54 -1588.534853
91 54 68.941064
92 54 -69.200526
93 54 -543.302738
94 54 1661.368470
95 54 14112.709313
18 55 -4960.883245
19 55 1120.605842
20 55 -956.665272
21 55 -40866.301211
22 55 -2372.947970
23 55 -103.603978
24 55 -103.791059
25 55 1422.946994
26 55 -13995.128396
27 55 -18542.569406
52 55 0.920605
53 55 -2482.213034
54 55 -84.756001
55 55 140394.568313
56 55 -13.867286
57 55 -206.894080
58 55 -0.640603
59 55 -1614.467728
60 55 -24.064082
61 55 39195.369206
86 55 4964.344237
87 55 1133.647061
88 55 1105.162624
89 55 -40932.742055
90 55 2382.427535
91 55 -104.023172
92 55 104.148607
93 55 1420.728953
94 55 13932.680002
95 55 -18617.470963
18 56 -1493.385379
19 56 6.586247
20 56 -1588.049477
21 56 2376.948268
22 56 -3343.250154
23 56 -19291.987947
24 56 2810.460886
25 56 -634.890479
26 56 -71.059464
27 56 9921.304070
28 56 -2249.911066
29 56 -12078.176898
30 56 11500.648921
31 56 -304.943570
32 56 1531.664088
33 56 2324.363962
52 56 225.449424
53 56 0.275797
54 56 -8611.523734
55 56 -13.867286
56 56 19534.012814
57 56 -186.837003
58 56 -35860.683777
59 56 -1.439461
60 56 -105.664214
61 56 8.760892
62 56 125.042264
63 56 -83.804606
64 56 1989.758945
65 56 -0.739371
66 56 8476.654172
67 56 -10.762270
86 56 -1483.871551
87 56 -5.619152
88 56 -1571.586159
89 56 -2375.792096
90 56 -3355.959706
91 56 19478.497009
92 56 2882.873306
93 56 639.516592
94 56 -3.669114
95 56 -9941.223567
96 56 -2285.997020
97 56 12242.299964
98 56 11650.076482
99 56 309.092412
100 56 1582.679667
101 56 -2346.216078
18 57 8064.241501
19 57 -0.276574
20 57 69.085544
21 57 -103.782213
22 57 19402.780300
23 57 -443851.008555
24 57 -720.238384
25 57 27.743901
26 57 2.722782
27 57 -433.239451
28 57 -561.146670
29 57 -143331.139254
30 57 67304.407324
31 57 13.342076
32 57 -67.545966
33 57 -101.470342
52 57 -17.980728
53 57 21.896987
54 57 0.306282
55 57 -206.894080
56 57 -186.837003
57 57 1055540.835873
58 57 1548.904440
59 57 56.117264
60 57 3.109181
61 57 -868.141976
62 57 -24.608353
63 57 204170.885049
64 57 317.242257
65 57 4.929558
66 57 1.426795
67 57 -205.855548
86 57 -8051.356944
87 57 -0.263385
88 57 -69.029849
89 57 -103.728599
90 57 -19294.021102
91 57 -444772.498778
92 57 -828.497393
93 57 27.882069
94 57 -0.800174
95 57 -433.938950
96 57 514.886388
97 57 -144041.723515
98 57 -67135.413029
99 57 13.448331
100 57 67.966141
101 57 -102.463687
18 58 5617.328368
19 58 0.282007
20 58 -69.389200
21 58 104.078655
22 58 2844.137397
23 58 -445.816856
24 58 -47572.599822
25 58 -47.839168
26 58 59.617555
27 58 637.905331
28 58 7418.704904
29 58 67682.842603
30 58 -102686.468756
31 58 -25.909195
32 58 129.833353
33 58 197.616108
52 58 448.288192
53 58 -0.006073
54 58 -376.474589
55 58 -0.640603
56 58 -35860.683777
57 58 1548.904440
58 58 573075.427827
59 58 0.008124
60 58 346.720093
61 58 -0.936369
62 58 3390.020035
63 58 840.529379
64 58 -28774.250681
65 58 0.026035
66 58 721.346759
67 58 -2.234817
86 58 5649.362439
87 58 -0.255636
88 58 -68.818344
89 58 -103.672586
90 58 2827.013574
91 58 -1105.633591
92 58 -47938.606730
93 58 48.307980
94 58 65.369102
95 58 -639.817187
96 58 7524.917145
97 58 -69012.611581
98 58 -104251.567856
99 58 26.345663
100 58 135.399200
101 58 -199.768194
18 59 172.579537
19 59 -13.785941
20 59 -543.604827
21 59 1421.265253
22 59 636.776143
23 59 27.778385
24 59 47.960105
25 59 -314.865201
26 59 -1450.546695
27 59 5294.686110
28 59 136.645219
29 59 5.938482
30 59 13.963092
31 59 -156.568604
32 59 1262.470276
33 59 990.474691
52 59 -0.461266
53 59 25.327885
54 59 4.665794
55 59 -1614.467728
56 59 -1.439461
57 59 56.117264
58 59 0.008124
59 59 1656.653332
60 59 3.973692
61 59 -18071.635949
62 59 0.786943
63 59 33.815157
64 59 0.137813
65 59 328.458339
66 59 9.798428
67 59 -3501.290761
86 59 -170.952920
87 59 -14.434722
88 59 533.940339
89 59 1423.528979
90 59 -636.386438
91 59 27.825396
92 59 -48.106333
93 59 -316.985209
94 59 1434.559419
95 59 5310.705353
96 59 -137.532487
97 59 6.052389
98 59 -14.123106
99 59 -157.646434
100 59 -1255.150170
101 59 1005.443505
18 60 1595.465048
19 60 -440.951576
20 60 1665.762535
21 60 13948.265871
22 60 -20.293923
23 60 -1.269173
24 60 63.589552
25 60 1434.228503
26 60 -33551.892383
27 60 -217.652693
28 60 -1529.520418
29 60 -67.430518
30 60 -156.845994
31 60 1349.867831
32 60 1989.178757
33 60 -14027.212212
52 60 8623.943843
53 60 2.788218
54 60 -11194.379888
55 60 -24.064082
56 60 -105.664214
57 60 3.109181
58 60 346.720093
59 60 3.973692
60 60 249953.884134
61 60 -310.696018
62 60 -8447.783146
63 60 0.973899
64 60 -864.809348
65 60 14.956765
66 60 -10982.268863
67 60 -130.107194
86 60 1565.640292
87 60 449.792575
88 60 1793.014121
89 60 -14010.421915
90 60 -87.830833
91 60 3.204127
92 60 58.764828
93 60 -1461.688648
94 60 -33690.376525
95 60 450.722540
96 60 -1568.366379
97 60 67.378820
98 60 -160.117333
99 60 -1375.372202
100 60 1694.858827
101 60 14169.433684
18 61 -2353.018491
19 61 -124.976533
20 61 14090.982560
21 61 -18570.615083
22 61 -9923.350436
23 61 -433.199801
24 61 -637.746973
25 61 5293.906888
26 61 392.704741
27 61 -82393.729161
28 61 -2396.167173
29 61 -104.628480
30 61 -245.136205
31 61 2538.453645
32 61 -13847.741725
33 61 -18880.888938
52 61 -16.118674
53 61 -1127.445408
54 61 -63.163351
55 61 39195.369206
56 61 8.760892
57 61 -868.141976
58 61 -0.936369
59 61 -18071.635949
60 61 -310.696018
61 61 281156.980089
62 61 -18.601516
63 61 -207.950477
64 61 -2.603158
65 61 -4006.729552
66 61 -87.285727
67 61 40176.534315
86 61 2346.955909
87 61 -119.037554
88 61 -14005.135781
89 61 -18571.047095
90 61 9937.815697
91 61 -434.006688
92 61 640.072842
93 61 5311.958035
94 61 -160.965173
95 61 -82526.099525
96 61 2413.701722
97 61 -105.380645
98 61 247.381852
99 61 2550.639897
100 61 13838.951072
101 61 -19028.694401
22 62 -2274.773648
23 62 530.967392
24 62 7493.742820
25 62 -136.429810
26 62 -1560.844794
27 62 2406.341267
28 62 -3688.788584
29 62 -20017.302570
30 62 4536.899578
31 62 -954.280212
32 62 -114.945553
33 62 9953.786959
34 62 -2351.842626
35 62 -12500.276779
36 62 11974.744309
37 62 -314.485865
38 62 1467.836663
39 62 2323.722205
56 62 125.042264
57 62 -24.608353
58 62 3390.020035
59 62 0.786943
60 62 -8447.783146
61 62 -18.601516
62 62 21730.193543
63 62 -518.256106
64 62 -53526.703076
65 62 -2.582544
66 62 -113.017081
67 62 14.676220
68 62 319.845334
69 62 -179.913396
70 62 1478.609903
71 62 -3.744893
72 62 8291.203678
73 62 1.275388
90 62 -2244.829127
91 62 -565.016306
92 62 7400.757379
93 62 137.883984
94 62 -1516.437127
95 62 -2396.838595
96 62 -3706.967878
97 62 20464.352254
98 62 4754.133471
99 62 966.894441
100 62 50.468775
101 62 -9985.049888
102 62 -2464.129576
103 62 12845.378559
104 62 12462.178897
105 62 325.117334
106 62 1589.132518
107 62 -2364.438110
22 63 12180.601482
23 63 -143733.682346
24 63 -68683.132877
25 63 5.985100
26 63 67.489654
27 63 -105.059643
28 63 20323.529366
29 63 -455970.074446
30 63 -1863.077850
31 63 41.688565
32 63 4.431097
33 63 -434.586920
34 63 -769.788617
35 63 -145687.880158
36 63 66868.113656
37 63 13.760863
38 63 -64.801064
39 63 -101.446094
56 63 -83.804606
57 63 204170.885049
58 63 840.529379
59 63 33.815157
60 63 0.973899
61 63 -207.950477
62 63 -518.256106
63 63 1076934.577458
64 63 4418.484810
65 63 84.250777
66 63 7.565885
67 63 -870.815401
68 63 -135.358852
69 63 211710.401945
70 63 1304.084610
71 63 6.565841
72 63 4.521659
73 63 -207.052709
90 63 -12072.005232
91 63 -143375.418767
92 63 67353.664811
93 63 5.974946
94 63 -67.284370
95 63 -104.668776
96 63 -19952.301504
97 63 -456916.639253
98 63 -2569.743774
99 63 42.176783
100 63 1.209180
101 63 -435.983236
102 63 822.761839
103 63 -147326.077136
104 63 -67678.479748
105 63 14.144711
106 63 68.138850
107 63 -103.271535
22 64 11587.655863
23 64 -67180.168148
24 64 -103833.871296
25 64 -13.989931
26 64 -159.490049
27 64 246.464082
28 64 4657.085436
29 64 -1473.733628
30 64 -52087.756308
31 64 -91.519246
32 64 -29.531245
33 64 959.168638
34 64 7931.738605
35 64 67288.974109
36 64 -102293.359777
37 64 -28.366878
38 64 132.079133
39 64 209.731637
56 64 1989.758945
57 64 317.242257
58 64 -28774.250681
