1824 1824 39208
1 1 227494.171796
2 1 -214080.730893
13 1 5033.335836
14 1 104880.562893
18 1 -41466.664164
19 1 -118294.003796
1 2 -214080.730893
2 2 454988.343591
3 2 -214080.730893
13 2 41466.664164
14 2 -118294.003796
18 2 0.000000
19 2 209761.125787
23 2 -41466.664164
24 2 -118294.003796
2 3 -214080.730893
3 3 356593.629221
4 3 -96980.284770
18 3 41466.664164
19 3 -118294.003796
23 3 -0.000000
24 3 148024.863750
26 3 -553.749270
28 3 -308.965868
30 3 -1427.425716
32 3 -659.162854
33 3 1027.569738
39 3 -41466.664164
40 3 -69207.082575
3 4 -96980.284770
4 4 247614.333149
5 4 -96980.284770
23 4 41466.664164
24 4 -69207.082575
39 4 -0.000000
40 4 84760.401540
44 4 -41466.664164
45 4 -69207.082575
4 5 -96980.284770
5 5 254162.957164
6 5 -105212.134657
39 5 41466.664164
40 5 -69207.082575
44 5 -0.000000
45 5 89337.083926
49 5 -41466.664164
50 5 -72100.539089
5 6 -105212.134657
6 6 305816.158518
7 6 -157681.012974
44 6 41466.664164
45 6 -72100.539089
49 6 -0.000000
50 6 122253.017504
54 6 -41466.664164
55 6 -93075.489303
6 7 -157681.012974
7 7 356213.026708
8 7 -157681.012974
49 7 41466.664164
50 7 -93075.489303
54 7 -0.000000
55 7 151356.368783
57 7 -553.749270
59 7 -308.965868
61 7 -1427.425716
63 7 -659.162854
64 7 1027.569738
70 7 -41466.664164
71 7 -93075.489303
7 8 -157681.012974
8 8 305816.158518
9 8 -105212.134657
54 8 41466.664164
55 8 -93075.489303
70 8 0.000000
71 8 122253.017504
75 8 -41466.664164
76 8 -72100.539089
8 9 -105212.134657
9 9 254162.957164
10 9 -96980.284770
70 9 41466.664164
71 9 -72100.539089
75 9 -0.000000
76 9 89337.083926
80 9 -41466.664164
81 9 -69207.082575
9 10 -96980.284770
10 10 247614.333149
11 10 -96980.284770
75 10 41466.664164
76 10 -69207.082575
80 10 -0.000000
81 10 84760.401540
95 10 -41466.664164
96 10 -69207.082575
10 11 -96980.284770
11 11 356593.629221
12 11 -214080.730893
80 11 41466.664164
81 11 -69207.082575
86 11 -1427.425716
88 11 -659.162854
89 11 1027.569738
95 11 0.000000
96 11 148024.863750
98 11 -553.749270
100 11 -308.965868
101 11 -41466.664164
102 11 -118294.003796
11 12 -214080.730893
12 12 454988.343591
95 12 41466.664164
96 12 -118294.003796
101 12 0.000000
102 12 209761.125787
106 12 -41466.664164
107 12 -118294.003796
1 13 5033.335836
2 13 41466.664164
13 13 530578.428821
14 13 0.000000
18 13 25486.228595
19 13 0.000000
111 13 -104089.950617
112 13 -5033.335836
116 13 -173943.019705
117 13 -41466.664164
1 14 104880.562893
2 14 -118294.003796
13 14 0.000000
14 14 454987.355528
18 14 -0.000000
19 14 -428160.411815
111 14 5033.335836
112 14 104880.016922
116 14 -41466.664164
117 14 -118293.519732
15 15 14185.659371
16 15 3867.471182
17 15 0.013439
20 15 -13001.141118
21 15 3688.032547
22 15 -0.019362
113 15 1415.934921
114 15 725.253966
115 15 697.080747
118 15 -2008.198148
119 15 814.973775
120 15 -1338.697268
15 16 3867.471182
16 16 1508.660972
17 16 0.004948
20 16 -3688.032547
21 16 715.714236
22 16 -0.005565
113 16 725.253966
114 16 353.581835
115 16 343.366262
118 16 -814.973775
119 16 196.099108
120 16 -410.201316
15 17 0.013439
16 17 0.004948
17 17 2769.777968
20 17 -0.019362
21 17 0.005565
22 17 -916.229110
113 17 -697.080747
114 17 -343.366262
115 17 -282.863176
118 17 1338.697268
119 17 -410.201316
120 17 746.251460
1 18 -41466.664164
2 18 0.000000
3 18 41466.664164
13 18 25486.228595
14 18 -0.000000
18 18 1061156.857643
19 18 0.000000
23 18 25486.228595
24 18 0.000000
111 18 -173943.019705
112 18 41466.664164
116 18 -208179.901234
117 18 -0.000000
121 18 -173943.019705
122 18 -41466.664164
1 19 -118294.003796
2 19 209761.125787
3 19 -118294.003796
13 19 0.000000
14 19 -428160.411815
18 19 0.000000
19 19 909974.711056
23 19 0.000000
24 19 -428160.411815
111 19 41466.664164
112 19 -118293.519732
116 19 -0.000000
117 19 209760.033843
121 19 -41466.664164
122 19 -118293.519732
15 20 -13001.141118
16 20 -3688.032547
17 20 -0.019362
20 20 28371.318742
21 20 -0.000000
22 20 0.026878
25 20 -13001.141118
26 20 3688.032547
27 20 -0.019362
113 20 -2008.198148
114 20 -814.973775
115 20 -1338.697268
118 20 2831.869842
119 20 0.000000
120 20 1394.161494
123 20 -2008.198148
124 20 814.973775
125 20 -1338.697268
15 21 3688.032547
16 21 715.714236
17 21 0.005565
20 21 -0.000000
21 21 3017.321943
22 21 0.000000
25 21 -3688.032547
26 21 715.714236
27 21 -0.005565
113 21 814.973775
114 21 196.099108
115 21 410.201316
118 21 0.000000
119 21 707.163669
120 21 0.000000
123 21 -814.973775
124 21 196.099108
125 21 -410.201316
15 22 -0.019362
16 22 -0.005565
17 22 -916.229110
20 22 0.026878
21 22 0.000000
22 22 5539.555937
25 22 -0.019362
26 22 0.005565
27 22 -916.229110
113 22 1338.697268
114 22 410.201316
115 22 746.251460
118 22 -1394.161494
119 22 -0.000000
120 22 -565.726352
123 22 1338.697268
124 22 -410.201316
125 22 746.251460
2 23 -41466.664164
3 23 -0.000000
4 23 41466.664164
18 23 25486.228595
19 23 0.000000
23 23 1907567.912338
24 23 0.000000
25 23 0.000000
29 23 65159.976433
31 23 -0.000000
39 23 292772.271191
40 23 -0.000000
116 23 -173943.019705
117 23 41466.664164
121 23 -568057.882497
122 23 -0.000000
123 23 -5033.335836
127 23 -176508.524115
129 23 -41466.664164
137 23 -226986.411410
138 23 -41466.664164
2 24 -118294.003796
3 24 148024.863750
4 24 -69207.082575
18 24 0.000000
19 24 -428160.411815
23 24 0.000000
24 24 713185.810366
26 24 -3131.969091
28 24 -0.007873
30 24 -9257.908847
32 24 -2921.140722
33 24 0.014507
39 24 -0.000000
40 24 -193959.998123
116 24 41466.664164
117 24 -118293.519732
121 24 -0.000000
122 24 148023.982822
124 24 -553.745513
126 24 -308.953553
128 24 -1427.419361
130 24 -659.160298
131 24 1027.564057
137 24 -41466.664164
138 24 -69206.886974
20 25 -13001.141118
21 25 -3688.032547
22 25 -0.019362
23 25 0.000000
25 25 427156.419598
26 25 -2562.440917
27 25 0.007345
29 25 -0.000000
31 25 -379239.307656
41 25 -1316.239108
42 25 755.429676
43 25 -0.005752
118 25 -2008.198148
119 25 -814.973775
120 25 -1338.697268
121 25 5033.335836
123 25 92756.368267
124 25 -713.022761
125 25 -65.921176
127 25 -41466.664164
129 25 -107142.604723
139 25 -405.478223
140 25 287.033272
141 25 -520.231119
3 26 -553.749270
20 26 3688.032547
21 26 715.714236
22 26 0.005565
24 26 -3131.969091
25 26 -2562.440917
26 26 3709.553675
27 26 -0.005099
28 26 0.003775
30 26 2921.140722
32 26 632.218887
33 26 -0.004549
41 26 -755.429676
42 26 289.583734
43 26 -0.002317
118 26 814.973775
119 26 196.099108
120 26 410.201316
122 26 -553.745513
123 26 -713.022761
124 26 796.298824
125 26 -408.358985
126 26 255.271896
128 26 659.160298
130 26 178.494344
131 26 -339.109788
139 26 -287.033272
140 26 132.186423
141 26 -202.347494
20 27 -0.019362
21 27 -0.005565
22 27 -916.229110
25 27 0.007345
26 27 -0.005099
27 27 5542.203605
41 27 -0.005752
42 27 0.002317
43 27 934.672080
118 27 1338.697268
119 27 410.201316
120 27 746.251460
123 27 65.921176
124 27 408.358985
125 27 222.168476
139 27 520.231119
140 27 -202.347494
141 27 421.744916
3 28 -308.965868
24 28 -0.007873
26 28 0.003775
28 28 2528.672183
30 28 0.014507
32 28 0.004549
33 28 -452.697462
122 28 308.953553
124 28 -255.271896
126 28 -93.984462
128 28 -1027.564057
130 28 -339.109788
131 28 612.979340
23 29 65159.976433
25 29 -0.000000
29 29 1115264.879749
31 29 0.000000
34 29 65159.976433
36 29 -0.000000
121 29 -176508.524115
123 29 41466.664164
127 29 -269776.805291
129 29 -0.000000
132 29 -176508.524115
134 29 -41466.664164
3 30 -1427.425716
24 30 -9257.908847
26 30 2921.140722
28 30 0.014507
30 30 21169.138578
32 30 -0.000000
33 30 -0.015746
35 30 -9257.908847
37 30 -2921.140722
38 30 0.014507
122 30 -1427.419361
124 30 659.160298
126 30 1027.564057
128 30 1528.169095
130 30 -0.000000
131 30 -617.907107
133 30 -1427.419361
135 30 -659.160298
136 30 1027.564057
23 31 -0.000000
25 31 -379239.307656
29 31 0.000000
31 31 818570.969230
34 31 -0.000000
36 31 -379239.307656
121 31 41466.664164
123 31 -107142.604723
127 31 -0.000000
129 31 184238.963150
132 31 -41466.664164
134 31 -107142.604723
3 32 -659.162854
24 32 -2921.140722
26 32 632.218887
28 32 0.004549
30 32 -0.000000
32 32 2712.423300
33 32 -0.000000
35 32 2921.140722
37 32 632.218887
38 32 -0.004549
122 32 -659.160298
124 32 178.494344
126 32 339.109788
128 32 -0.000000
130 32 622.203170
131 32 0.000000
133 32 659.160298
135 32 178.494344
136 32 -339.109788
3 33 1027.569738
24 33 0.014507
26 33 -0.004549
28 33 -452.697462
30 33 -0.015746
32 33 -0.000000
33 33 5057.344367
35 33 0.014507
37 33 0.004549
38 33 -452.697462
122 33 -1027.564057
124 33 339.109788
126 33 612.979340
128 33 617.907107
130 33 -0.000000
131 33 -187.968925
133 33 -1027.564057
135 33 -339.109788
136 33 612.979340
29 34 65159.976433
31 34 -0.000000
34 34 557632.439874
36 34 0.000000
127 34 -176508.524115
129 34 41466.664164
132 34 -134888.402645
134 34 5033.335836
30 35 -9257.908847
32 35 2921.140722
33 35 0.014507
35 35 10584.569289
37 35 3131.969091
38 35 -0.007873
128 35 -1427.419361
130 35 659.160298
131 35 1027.564057
133 35 764.084547
135 35 553.745513
136 35 -308.953553
29 36 -0.000000
31 36 -379239.307656
34 36 0.000000
36 36 409285.484615
127 36 41466.664164
129 36 -107142.604723
132 36 -5033.335836
134 36 92119.481575
30 37 -2921.140722
32 37 632.218887
33 37 0.004549
35 37 3131.969091
37 37 1356.211650
38 37 -0.003775
128 37 -659.160298
130 37 178.494344
131 37 339.109788
133 37 553.745513
135 37 311.101585
136 37 -255.271896
30 38 0.014507
32 38 -0.004549
33 38 -452.697462
35 38 -0.007873
37 38 -0.003775
38 38 2528.672183
128 38 -1027.564057
130 38 339.109788
131 38 612.979340
133 38 308.953553
135 38 255.271896
136 38 -93.984462
3 39 -41466.664164
4 39 -0.000000
5 39 41466.664164
23 39 292772.271191
24 39 -0.000000
39 39 1638714.087286
40 39 -0.000000
44 39 292772.271191
45 39 0.000000
121 39 -226986.411410
122 39 41466.664164
137 39 -658159.058468
138 39 0.000000
142 39 -226986.411410
143 39 -41466.664164
3 40 -69207.082575
4 40 84760.401540
5 40 -69207.082575
23 40 -0.000000
24 40 -193959.998123
39 40 -0.000000
40 40 495227.771098
44 40 -0.000000
45 40 -193959.998123
121 40 41466.664164
122 40 -69206.886974
137 40 -0.000000
138 40 84759.762706
142 40 -41466.664164
143 40 -69206.886974
25 41 -1316.239108
26 41 -755.429676
27 41 -0.005752
41 41 7370.551226
42 41 -0.000000
43 41 -0.012187
46 41 -1316.239108
47 41 755.429676
48 41 -0.005752
123 41 -405.478223
124 41 -287.033272
125 41 -520.231119
139 41 -1558.096459
140 41 0.000000
141 41 -1526.003846
144 41 -405.478223
145 41 287.033272
146 41 -520.231119
25 42 755.429676
26 42 289.583734
27 42 0.002317
41 42 -0.000000
42 42 1689.362106
43 42 -0.000000
46 42 -755.429676
47 42 289.583734
48 42 -0.002317
123 42 287.033272
124 42 132.186423
125 42 202.347494
139 42 0.000000
140 42 263.230810
141 42 -0.000000
144 42 -287.033272
145 42 132.186423
146 42 -202.347494
25 43 -0.005752
26 43 -0.002317
27 43 934.672080
41 43 -0.012187
42 43 -0.000000
43 43 5544.851272
46 43 -0.005752
47 43 0.002317
48 43 934.672080
123 43 520.231119
124 43 202.347494
125 43 421.744916
139 43 1526.003846
140 43 -0.000000
141 43 1010.063304
144 43 520.231119
145 43 -202.347494
146 43 421.744916
4 44 -41466.664164
5 44 -0.000000
6 44 41466.664164
39 44 292772.271191
40 44 -0.000000
44 44 1597757.222450
45 44 0.000000
49 44 263949.694297
50 44 0.000000
137 44 -226986.411410
138 44 41466.664164
142 44 -632284.867792
143 44 -0.000000
147 44 -217970.800707
148 44 -41466.664164
4 45 -69207.082575
5 45 89337.083926
6 45 -72100.539089
39 45 0.000000
40 45 -193959.998123
44 45 0.000000
45 45 508324.981135
49 45 -0.000000
50 45 -210423.667672
137 45 41466.664164
138 45 -69206.886974
142 45 -0.000000
143 45 89336.431738
147 45 -41466.664164
148 45 -72100.322366
41 46 -1316.239108
42 46 -755.429676
43 46 -0.005752
46 46 7622.297754
47 46 91.579152
48 46 -0.011195
51 46 -1716.628463
52 46 907.000329
53 46 -0.006000
139 46 -405.478223
140 46 -287.033272
141 46 -520.231119
144 46 -1455.745348
145 46 46.191834
146 46 -1439.041408
149 46 -433.507407
150 46 303.229148
151 46 -526.678383
41 47 755.429676
42 47 289.583734
43 47 0.002317
46 47 91.579152
47 47 1725.592539
48 47 0.000364
51 47 -907.000329
52 47 324.462752
53 47 -0.002381
139 47 287.033272
140 47 132.186423
141 47 202.347494
144 47 46.191834
145 47 282.199872
146 47 32.783436
149 47 -303.229148
150 47 133.289004
151 47 -202.635408
41 48 -0.005752
42 48 -0.002317
43 48 934.672080
46 48 -0.011195
47 48 0.000364
48 48 5432.870900
51 48 -0.006000
52 48 0.002381
53 48 814.054314
139 48 520.231119
140 48 202.347494
141 48 421.744916
144 48 1439.041408
145 48 -32.783436
146 48 954.734912
149 48 526.678383
150 48 -202.635408
151 48 418.923638
5 49 -41466.664164
6 49 -0.000000
7 49 41466.664164
44 49 263949.694297
45 49 -0.000000
49 49 1389622.510588
50 49 0.000000
54 49 125834.698850
55 49 -0.000000
142 49 -217970.800707
143 49 41466.664164
147 49 -487201.717147
148 49 0.000000
152 49 -184532.987177
153 49 -41466.664164
5 50 -72100.539089
6 50 122253.017504
7 50 -93075.489303
44 50 0.000000
45 50 -210423.667672
49 50 0.000000
50 50 611631.103685
54 50 0.000000
55 50 -315361.216131
142 50 41466.664164
143 50 -72100.322366
147 50 0.000000
148 50 122252.255154
152 50 -41466.664164
153 50 -93075.141783
46 51 -1716.628463
47 51 -907.000329
48 51 -0.006000
51 51 11046.706448
52 51 924.994568
53 51 -0.003046
56 51 -5539.619577
57 51 2048.771214
58 51 -0.009906
144 51 -433.507407
145 51 -303.229148
146 51 -526.678383
149 51 -577.789904
150 51 294.214003
151 51 -786.109686
154 51 -883.945013
155 51 489.054242
156 51 -740.384799
46 52 907.000329
47 52 324.462752
48 52 0.002381
51 52 924.994568
52 52 2044.281271
53 52 0.002164
56 52 -2048.771214
57 52 521.215056
58 52 -0.003460
144 52 303.229148
145 52 133.289004
146 52 202.635408
149 52 294.214003
150 52 404.751916
151 52 179.754735
154 52 -489.054242
155 52 157.318762
156 52 -264.969187
46 53 -0.006000
47 53 -0.002381
48 53 814.054314
51 53 -0.003046
52 53 0.002164
53 53 5051.805897
56 53 -0.009906
57 53 0.003460
58 53 65.496135
144 53 526.678383
145 53 202.635408
146 53 418.923638
149 53 786.109686
150 53 -179.754735
151 53 571.390752
154 53 740.384799
155 53 -264.969187
156 53 492.528118
6 54 -41466.664164
7 54 -0.000000
8 54 41466.664164
49 54 125834.698850
50 54 0.000000
54 54 1780077.103435
55 54 -0.000000
56 54 0.000000
60 54 65159.976433
62 54 -0.000000
70 54 125834.698850
71 54 -0.000000
147 54 -184532.987177
148 54 41466.664164
152 54 -502881.159824
153 54 0.000000
154 54 -5033.335836
158 54 -176508.524115
160 54 -41466.664164
168 54 -184532.987177
169 54 -41466.664164
6 55 -93075.489303
7 55 151356.368783
8 55 -93075.489303
49 55 -0.000000
50 55 -315361.216131
54 55 -0.000000
55 55 712424.585488
57 55 -3131.969091
59 55 -0.007873
61 55 -9257.908847
63 55 -2921.140722
64 55 0.014507
70 55 0.000000
71 55 -315361.216131
147 55 41466.664164
148 55 -93075.141783
152 55 0.000000
153 55 151355.494086
155 55 -553.745513
157 55 -308.953553
159 55 -1427.419361
161 55 -659.160298
162 55 1027.564057
168 55 -41466.664164
169 55 -93075.141783
51 56 -5539.619577
52 56 -2048.771214
53 56 -0.009906
54 56 0.000000
56 56 423504.853228
58 56 0.004112
60 56 -0.000000
62 56 -379239.307656
72 56 -5539.619577
73 56 2048.771214
74 56 -0.009906
149 56 -883.945013
150 56 -489.054242
151 56 -740.384799
152 56 5033.335836
154 56 92317.296003
155 56 0.000000
156 56 -220.140401
158 56 -41466.664164
160 56 -107142.604723
170 56 -883.945013
171 56 489.054242
172 56 -740.384799
7 57 -553.749270
51 57 2048.771214
52 57 521.215056
53 57 0.003460
55 57 -3131.969091
57 57 3682.951220
58 57 0.000000
59 57 0.003775
61 57 2921.140722
63 57 632.218887
64 57 -0.004549
72 57 -2048.771214
73 57 521.215056
74 57 -0.003460
149 57 489.054242
150 57 157.318762
151 57 264.969187
153 57 -553.745513
154 57 -0.000000
155 57 819.436481
156 57 0.000000
157 57 255.271896
159 57 659.160298
161 57 178.494344
162 57 -339.109788
170 57 -489.054242
171 57 157.318762
172 57 -264.969187
51 58 -0.009906
52 58 -0.003460
53 58 65.496135
56 58 0.004112
57 58 0.000000
58 58 4782.721267
72 58 -0.009906
73 58 0.003460
74 58 65.496135
149 58 740.384799
150 58 264.969187
151 58 492.528118
154 58 220.140401
155 58 -0.000000
156 58 243.374983
170 58 740.384799
171 58 -264.969187
172 58 492.528118
7 59 -308.965868
55 59 -0.007873
57 59 0.003775
59 59 2528.672183
61 59 0.014507
63 59 0.004549
64 59 -452.697462
153 59 308.953553
155 59 -255.271896
157 59 -93.984462
159 59 -1027.564057
161 59 -339.109788
162 59 612.979340
54 60 65159.976433
56 60 -0.000000
60 60 1115264.879749
62 60 0.000000
65 60 65159.976433
67 60 -0.000000
152 60 -176508.524115
154 60 41466.664164
158 60 -269776.805291
160 60 -0.000000
163 60 -176508.524115
165 60 -41466.664164
7 61 -1427.425716
55 61 -9257.908847
57 61 2921.140722
59 61 0.014507
61 61 21169.138578
63 61 -0.000000
64 61 -0.015746
66 61 -9257.908847
68 61 -2921.140722
69 61 0.014507
153 61 -1427.419361
155 61 659.160298
157 61 1027.564057
159 61 1528.169095
161 61 -0.000000
162 61 -617.907107
164 61 -1427.419361
166 61 -659.160298
167 61 1027.564057
54 62 -0.000000
56 62 -379239.307656
60 62 0.000000
62 62 818570.969230
65 62 -0.000000
67 62 -379239.307656
152 62 41466.664164
154 62 -107142.604723
158 62 -0.000000
160 62 184238.963150
163 62 -41466.664164
165 62 -107142.604723
7 63 -659.162854
55 63 -2921.140722
57 63 632.218887
59 63 0.004549
61 63 -0.000000
63 63 2712.423300
64 63 -0.000000
66 63 2921.140722
68 63 632.218887
69 63 -0.004549
153 63 -659.160298
155 63 178.494344
157 63 339.109788
159 63 -0.000000
161 63 622.203170
162 63 0.000000
164 63 659.160298
166 63 178.494344
167 63 -339.109788
7 64 1027.569738
55 64 0.014507
57 64 -0.004549
59 64 -452.697462
61 64 -0.015746
63 64 -0.000000
64 64 5057.344367
66 64 0.014507
68 64 0.004549
69 64 -452.697462
153 64 -1027.564057
155 64 339.109788
157 64 612.979340
159 64 617.907107
161 64 -0.000000
162 64 -187.968925
164 64 -1027.564057
166 64 -339.109788
167 64 612.979340
60 65 65159.976433
62 65 -0.000000
65 65 557632.439874
67 65 0.000000
158 65 -176508.524115
160 65 41466.664164
163 65 -134888.402645
165 65 5033.335836
61 66 -9257.908847
63 66 2921.140722
64 66 0.014507
66 66 10584.569289
68 66 3131.969091
69 66 -0.007873
159 66 -1427.419361
161 66 659.160298
162 66 1027.564057
164 66 764.084547
166 66 553.745513
167 66 -308.953553
60 67 -0.000000
62 67 -379239.307656
65 67 0.000000
67 67 409285.484615
158 67 41466.664164
160 67 -107142.604723
163 67 -5033.335836
165 67 92119.481575
61 68 -2921.140722
63 68 632.218887
64 68 0.004549
66 68 3131.969091
68 68 1356.211650
69 68 -0.003775
159 68 -659.160298
161 68 178.494344
162 68 339.109788
164 68 553.745513
166 68 311.101585
167 68 -255.271896
61 69 0.014507
63 69 -0.004549
64 69 -452.697462
66 69 -0.007873
68 69 -0.003775
69 69 2528.672183
159 69 -1027.564057
161 69 339.109788
162 69 612.979340
164 69 308.953553
166 69 255.271896
167 69 -93.984462
7 70 -41466.664164
8 70 0.000000
9 70 41466.664164
54 70 125834.698850
55 70 0.000000
70 70 1389622.510588
71 70 -0.000000
75 70 263949.694297
76 70 0.000000
152 70 -184532.987177
153 70 41466.664164
168 70 -487201.717147
169 70 -0.000000
173 70 -217970.800707
174 70 -41466.664164
7 71 -93075.489303
8 71 122253.017504
9 71 -72100.539089
54 71 -0.000000
55 71 -315361.216131
70 71 -0.000000
71 71 611631.103685
75 71 -0.000000
76 71 -210423.667672
152 71 41466.664164
153 71 -93075.141783
168 71 0.000000
169 71 122252.255154
173 71 -41466.664164
174 71 -72100.322366
56 72 -5539.619577
57 72 -2048.771214
58 72 -0.009906
72 72 11046.706448
73 72 -924.994568
74 72 -0.003046
77 72 -1716.628463
78 72 907.000329
79 72 -0.006000
154 72 -883.945013
155 72 -489.054242
156 72 -740.384799
170 72 -577.789904
171 72 -294.214003
172 72 -786.109686
175 72 -433.507407
176 72 303.229148
177 72 -526.678383
56 73 2048.771214
57 73 521.215056
58 73 0.003460
72 73 -924.994568
73 73 2044.281271
74 73 -0.002164
77 73 -907.000329
78 73 324.462752
79 73 -0.002381
154 73 489.054242
155 73 157.318762
156 73 264.969187
170 73 -294.214003
171 73 404.751916
172 73 -179.754735
175 73 -303.229148
176 73 133.289004
177 73 -202.635408
56 74 -0.009906
57 74 -0.003460
58 74 65.496135
72 74 -0.003046
73 74 -0.002164
74 74 5051.805897
77 74 -0.006000
78 74 0.002381
79 74 814.054314
154 74 740.384799
155 74 264.969187
156 74 492.528118
170 74 786.109686
171 74 179.754735
172 74 571.390752
175 74 526.678383
176 74 -202.635408
177 74 418.923638
8 75 -41466.664164
9 75 -0.000000
10 75 41466.664164
70 75 263949.694297
71 75 -0.000000
75 75 1597757.222450
76 75 0.000000
80 75 292772.271191
81 75 -0.000000
168 75 -217970.800707
169 75 41466.664164
173 75 -632284.867792
174 75 0.000000
178 75 -226986.411410
179 75 -41466.664164
8 76 -72100.539089
9 76 89337.083926
10 76 -69207.082575
70 76 0.000000
71 76 -210423.667672
75 76 0.000000
76 76 508324.981135
80 76 -0.000000
81 76 -193959.998123
168 76 41466.664164
169 76 -72100.322366
173 76 0.000000
174 76 89336.431738
178 76 -41466.664164
179 76 -69206.886974
72 77 -1716.628463
73 77 -907.000329
74 77 -0.006000
77 77 7622.297754
78 77 -91.579152
79 77 -0.011195
82 77 -1316.239108
83 77 755.429676
84 77 -0.005752
170 77 -433.507407
171 77 -303.229148
172 77 -526.678383
175 77 -1455.745348
176 77 -46.191834
177 77 -1439.041408
180 77 -405.478223
181 77 287.033272
182 77 -520.231119
72 78 907.000329
73 78 324.462752
74 78 0.002381
77 78 -91.579152
78 78 1725.592539
79 78 -0.000364
82 78 -755.429676
83 78 289.583734
84 78 -0.002317
170 78 303.229148
171 78 133.289004
172 78 202.635408
175 78 -46.191834
176 78 282.199872
177 78 -32.783436
180 78 -287.033272
181 78 132.186423
182 78 -202.347494
72 79 -0.006000
73 79 -0.002381
74 79 814.054314
77 79 -0.011195
78 79 -0.000364
79 79 5432.870900
82 79 -0.005752
83 79 0.002317
84 79 934.672080
170 79 526.678383
171 79 202.635408
172 79 418.923638
175 79 1439.041408
176 79 32.783436
177 79 954.734912
180 79 520.231119
181 79 -202.347494
182 79 421.744916
9 80 -41466.664164
10 80 -0.000000
11 80 41466.664164
75 80 292772.271191
76 80 -0.000000
80 80 1638714.087286
81 80 0.000000
95 80 292772.271191
96 80 0.000000
173 80 -226986.411410
174 80 41466.664164
178 80 -658159.058468
179 80 -0.000000
193 80 -226986.411410
194 80 -41466.664164
9 81 -69207.082575
10 81 84760.401540
11 81 -69207.082575
75 81 -0.000000
76 81 -193959.998123
80 81 0.000000
81 81 495227.771098
95 81 0.000000
96 81 -193959.998123
173 81 41466.664164
174 81 -69206.886974
178 81 -0.000000
179 81 84759.762706
193 81 -41466.664164
194 81 -69206.886974
77 82 -1316.239108
78 82 -755.429676
79 82 -0.005752
82 82 7370.551226
83 82 0.000000
84 82 -0.012187
97 82 -1316.239108
98 82 755.429676
99 82 -0.005752
175 82 -405.478223
176 82 -287.033272
177 82 -520.231119
180 82 -1558.096459
181 82 -0.000000
182 82 -1526.003846
195 82 -405.478223
196 82 287.033272
197 82 -520.231119
77 83 755.429676
78 83 289.583734
79 83 0.002317
82 83 0.000000
83 83 1689.362106
84 83 -0.000000
97 83 -755.429676
98 83 289.583734
99 83 -0.002317
175 83 287.033272
176 83 132.186423
177 83 202.347494
180 83 -0.000000
181 83 263.230810
182 83 -0.000000
195 83 -287.033272
196 83 132.186423
197 83 -202.347494
77 84 -0.005752
78 84 -0.002317
79 84 934.672080
82 84 -0.012187
83 84 -0.000000
84 84 5544.851272
97 84 -0.005752
98 84 0.002317
99 84 934.672080
175 84 520.231119
176 84 202.347494
177 84 421.744916
180 84 1526.003846
181 84 0.000000
182 84 1010.063304
195 84 520.231119
196 84 -202.347494
197 84 421.744916
85 85 1115264.879749
87 85 0.000000
90 85 65159.976433
92 85 -0.000000
95 85 65159.976433
97 85 -0.000000
183 85 -269776.805291
185 85 -0.000000
188 85 -176508.524115
190 85 -41466.664164
193 85 -176508.524115
195 85 41466.664164
11 86 -1427.425716
86 86 21169.138578
88 86 -0.000000
89 86 -0.015746
91 86 -9257.908847
93 86 -2921.140722
94 86 0.014507
96 86 -9257.908847
98 86 2921.140722
100 86 0.014507
184 86 1528.169095
186 86 -0.000000
187 86 -617.907107
189 86 -1427.419361
191 86 -659.160298
192 86 1027.564057
194 86 -1427.419361
196 86 659.160298
198 86 1027.564057
85 87 0.000000
87 87 818570.969230
90 87 -0.000000
92 87 -379239.307656
95 87 -0.000000
97 87 -379239.307656
183 87 -0.000000
185 87 184238.963150
188 87 -41466.664164
190 87 -107142.604723
193 87 41466.664164
195 87 -107142.604723
11 88 -659.162854
86 88 -0.000000
88 88 2712.423300
89 88 -0.000000
91 88 2921.140722
93 88 632.218887
94 88 -0.004549
96 88 -2921.140722
98 88 632.218887
100 88 0.004549
184 88 -0.000000
186 88 622.203170
187 88 0.000000
189 88 659.160298
191 88 178.494344
192 88 -339.109788
194 88 -659.160298
196 88 178.494344
198 88 339.109788
11 89 1027.569738
86 89 -0.015746
88 89 -0.000000
89 89 5057.344367
91 89 0.014507
93 89 0.004549
94 89 -452.697462
96 89 0.014507
98 89 -0.004549
100 89 -452.697462
184 89 617.907107
186 89 -0.000000
187 89 -187.968925
189 89 -1027.564057
191 89 -339.109788
192 89 612.979340
194 89 -1027.564057
196 89 339.109788
198 89 612.979340
85 90 65159.976433
87 90 -0.000000
90 90 557632.439874
92 90 0.000000
183 90 -176508.524115
185 90 41466.664164
188 90 -134888.402645
190 90 5033.335836
86 91 -9257.908847
88 91 2921.140722
89 91 0.014507
91 91 10584.569289
93 91 3131.969091
94 91 -0.007873
184 91 -1427.419361
186 91 659.160298
187 91 1027.564057
189 91 764.084547
191 91 553.745513
192 91 -308.953553
85 92 -0.000000
87 92 -379239.307656
90 92 0.000000
92 92 409285.484615
183 92 41466.664164
185 92 -107142.604723
188 92 -5033.335836
190 92 92119.481575
86 93 -2921.140722
88 93 632.218887
89 93 0.004549
91 93 3131.969091
93 93 1356.211650
94 93 -0.003775
184 93 -659.160298
186 93 178.494344
187 93 339.109788
189 93 553.745513
191 93 311.101585
192 93 -255.271896
86 94 0.014507
88 94 -0.004549
89 94 -452.697462
91 94 -0.007873
93 94 -0.003775
94 94 2528.672183
184 94 -1027.564057
186 94 339.109788
187 94 612.979340
189 94 308.953553
191 94 255.271896
192 94 -93.984462
10 95 -41466.664164
11 95 0.000000
12 95 41466.664164
80 95 292772.271191
81 95 0.000000
85 95 65159.976433
87 95 -0.000000
95 95 1907567.912338
96 95 -0.000000
97 95 0.000000
101 95 25486.228595
102 95 -0.000000
178 95 -226986.411410
179 95 41466.664164
183 95 -176508.524115
185 95 -41466.664164
193 95 -568057.882497
194 95 0.000000
195 95 -5033.335836
199 95 -173943.019705
200 95 -41466.664164
10 96 -69207.082575
11 96 148024.863750
12 96 -118294.003796
80 96 0.000000
81 96 -193959.998123
86 96 -9257.908847
88 96 -2921.140722
89 96 0.014507
95 96 -0.000000
96 96 713185.810366
98 96 -3131.969091
100 96 -0.007873
101 96 -0.000000
102 96 -428160.411815
178 96 41466.664164
179 96 -69206.886974
184 96 -1427.419361
186 96 -659.160298
187 96 1027.564057
193 96 0.000000
194 96 148023.982822
196 96 -553.745513
198 96 -308.953553
199 96 -41466.664164
200 96 -118293.519732
82 97 -1316.239108
83 97 -755.429676
84 97 -0.005752
85 97 -0.000000
87 97 -379239.307656
95 97 0.000000
97 97 427156.419598
98 97 2562.440917
99 97 0.007345
103 97 -13001.141118
104 97 3688.032547
105 97 -0.019362
180 97 -405.478223
181 97 -287.033272
182 97 -520.231119
183 97 -41466.664164
185 97 -107142.604723
193 97 5033.335836
195 97 92756.368267
196 97 713.022761
197 97 -65.921176
201 97 -2008.198148
202 97 814.973775
203 97 -1338.697268
11 98 -553.749270
82 98 755.429676
83 98 289.583734
84 98 0.002317
86 98 2921.140722
88 98 632.218887
89 98 -0.004549
96 98 -3131.969091
97 98 2562.440917
98 98 3709.553675
99 98 0.005099
100 98 0.003775
103 98 -3688.032547
104 98 715.714236
105 98 -0.005565
180 98 287.033272
181 98 132.186423
182 98 202.347494
184 98 659.160298
186 98 178.494344
187 98 -339.109788
194 98 -553.745513
195 98 713.022761
196 98 796.298824
197 98 408.358985
198 98 255.271896
201 98 -814.973775
202 98 196.099108
203 98 -410.201316
82 99 -0.005752
83 99 -0.002317
84 99 934.672080
97 99 0.007345
98 99 0.005099
99 99 5542.203605
103 99 -0.019362
104 99 0.005565
105 99 -916.229110
180 99 520.231119
181 99 202.347494
182 99 421.744916
195 99 65.921176
196 99 -408.358985
197 99 222.168476
201 99 1338.697268
202 99 -410.201316
203 99 746.251460
11 100 -308.965868
86 100 0.014507
88 100 0.004549
89 100 -452.697462
96 100 -0.007873
98 100 0.003775
100 100 2528.672183
184 100 -1027.564057
186 100 -339.109788
187 100 612.979340
194 100 308.953553
196 100 -255.271896
198 100 -93.984462
11 101 -41466.664164
12 101 0.000000
95 101 25486.228595
96 101 -0.000000
101 101 1061156.857643
102 101 -0.000000
106 101 25486.228595
107 101 -0.000000
193 101 -173943.019705
194 101 41466.664164
199 101 -208179.901234
200 101 0.000000
204 101 -173943.019705
205 101 -41466.664164
11 102 -118294.003796
12 102 209761.125787
95 102 -0.000000
96 102 -428160.411815
101 102 -0.000000
102 102 909974.711056
106 102 -0.000000
107 102 -428160.411815
193 102 41466.664164
194 102 -118293.519732
199 102 0.000000
200 102 209760.033843
204 102 -41466.664164
205 102 -118293.519732
97 103 -13001.141118
98 103 -3688.032547
99 103 -0.019362
103 103 28371.318742
104 103 -0.000000
105 103 0.026878
108 103 -13001.141118
109 103 3688.032547
110 103 -0.019362
195 103 -2008.198148
196 103 -814.973775
197 103 -1338.697268
201 103 2831.869842
202 103 -0.000000
203 103 1394.161494
206 103 -2008.198148
207 103 814.973775
208 103 -1338.697268
97 104 3688.032547
98 104 715.714236
99 104 0.005565
103 104 -0.000000
104 104 3017.321943
105 104 0.000000
108 104 -3688.032547
109 104 715.714236
110 104 -0.005565
195 104 814.973775
196 104 196.099108
197 104 410.201316
201 104 0.000000
202 104 707.163669
203 104 -0.000000
206 104 -814.973775
207 104 196.099108
208 104 -410.201316
97 105 -0.019362
98 105 -0.005565
99 105 -916.229110
103 105 0.026878
104 105 0.000000
105 105 5539.555937
108 105 -0.019362
109 105 0.005565
110 105 -916.229110
195 105 1338.697268
196 105 410.201316
197 105 746.251460
201 105 -1394.161494
202 105 0.000000
203 105 -565.726352
206 105 1338.697268
207 105 -410.201316
208 105 746.251460
12 106 -41466.664164
101 106 25486.228595
102 106 -0.000000
106 106 530578.428821
107 106 -0.000000
199 106 -173943.019705
200 106 41466.664164
204 106 -104089.950617
205 106 5033.335836
12 107 -118294.003796
101 107 -0.000000
102 107 -428160.411815
106 107 -0.000000
107 107 454987.355528
199 107 41466.664164
200 107 -118293.519732
204 107 -5033.335836
205 107 104880.016922
103 108 -13001.141118
104 108 -3688.032547
105 108 -0.019362
108 108 14185.659371
109 108 -3867.471182
110 108 0.013439
201 108 -2008.198148
202 108 -814.973775
203 108 -1338.697268
206 108 1415.934921
207 108 -725.253966
208 108 697.080747
103 109 3688.032547
104 109 715.714236
105 109 0.005565
108 109 -3867.471182
109 109 1508.660972
110 109 -0.004948
201 109 814.973775
202 109 196.099108
203 109 410.201316
206 109 -725.253966
207 109 353.581835
208 109 -343.366262
103 110 -0.019362
104 110 -0.005565
105 110 -916.229110
108 110 0.013439
109 110 -0.004948
110 110 2769.777968
201 110 1338.697268
202 110 410.201316
203 110 746.251460
206 110 -697.080747
207 110 343.366262
208 110 -282.863176
13 111 -104089.950617
14 111 5033.335836
18 111 -173943.019705
19 111 41466.664164
111 111 530578.428821
112 111 -0.000000
116 111 25486.228596
117 111 -0.000000
209 111 -104088.726204
210 111 -5033.335836
214 111 -173942.960891
215 111 -41466.664164
13 112 -5033.335836
14 112 104880.016922
18 112 41466.664164
19 112 -118293.519732
111 112 -0.000000
112 112 454987.355528
116 112 -0.000000
117 112 -428160.411815
209 112 5033.335836
210 112 104880.562893
214 112 -41466.664164
215 112 -118294.003796
15 113 1415.934921
16 113 725.253966
17 113 -697.080747
20 113 -2008.198148
21 113 814.973775
22 113 1338.697268
113 113 14185.659371
114 113 3867.471182
115 113 -0.013439
118 113 -13001.141118
119 113 3688.032547
120 113 0.019362
211 113 1415.952853
212 113 725.258335
213 113 697.095670
216 113 -2008.207879
217 113 814.977161
218 113 -1338.706269
15 114 725.253966
16 114 353.581835
17 114 -343.366262
20 114 -814.973775
21 114 196.099108
22 114 410.201316
113 114 3867.471182
114 114 1508.660972
115 114 -0.004948
118 114 -3688.032547
119 114 715.714236
120 114 0.005565
211 114 725.258335
212 114 353.583645
213 114 343.370178
216 114 -814.977161
217 114 196.099882
218 114 -410.204615
15 115 697.080747
16 115 343.366262
17 115 -282.863176
20 115 -1338.697268
21 115 410.201316
22 115 746.251460
113 115 -0.013439
114 115 -0.004948
115 115 2769.777968
118 115 0.019362
119 115 -0.005565
120 115 -916.229110
211 115 -697.095670
212 115 -343.370178
213 115 -282.871840
216 115 1338.706269
217 115 -410.204615
218 115 746.257985
13 116 -173943.019705
14 116 -41466.664164
18 116 -208179.901234
19 116 -0.000000
23 116 -173943.019705
24 116 41466.664164
111 116 25486.228596
112 116 -0.000000
116 116 1061156.857643
117 116 0.000000
121 116 25486.228595
122 116 0.000000
209 116 -173942.960891
210 116 41466.664164
214 116 -208177.452409
215 116 -0.000000
219 116 -173942.960891
220 116 -41466.664164
13 117 -41466.664164
14 117 -118293.519732
18 117 -0.000000
19 117 209760.033843
23 117 41466.664164
24 117 -118293.519732
111 117 -0.000000
112 117 -428160.411815
116 117 0.000000
117 117 909974.711056
121 117 0.000000
122 117 -428160.411815
209 117 41466.664164
210 117 -118294.003796
214 117 0.000000
215 117 209761.125787
219 117 -41466.664164
220 117 -118294.003796
15 118 -2008.198148
16 118 -814.973775
17 118 1338.697268
20 118 2831.869842
21 118 0.000000
22 118 -1394.161494
25 118 -2008.198148
26 118 814.973775
27 118 1338.697268
113 118 -13001.141118
114 118 -3688.032547
115 118 0.019362
118 118 28371.318742
119 118 -0.000000
120 118 -0.026878
123 118 -13001.141118
124 118 3688.032547
125 118 0.019362
211 118 -2008.207879
212 118 -814.977161
213 118 -1338.706269
216 118 2831.905705
217 118 0.000000
218 118 1394.191341
221 118 -2008.207879
222 118 814.977161
223 118 -1338.706269
15 119 814.973775
16 119 196.099108
17 119 -410.201316
20 119 0.000000
21 119 707.163669
22 119 -0.000000
25 119 -814.973775
26 119 196.099108
27 119 410.201316
113 119 3688.032547
114 119 715.714236
115 119 -0.005565
118 119 -0.000000
119 119 3017.321943
120 119 0.000000
123 119 -3688.032547
124 119 715.714236
125 119 0.005565
211 119 814.977161
212 119 196.099882
213 119 410.204615
216 119 0.000000
217 119 707.167290
218 119 0.000000
221 119 -814.977161
222 119 196.099882
223 119 -410.204615
15 120 -1338.697268
16 120 -410.201316
17 120 746.251460
20 120 1394.161494
21 120 0.000000
22 120 -565.726352
25 120 -1338.697268
26 120 410.201316
27 120 746.251460
113 120 0.019362
114 120 0.005565
115 120 -916.229110
118 120 -0.026878
119 120 0.000000
120 120 5539.555937
123 120 0.019362
124 120 -0.005565
125 120 -916.229110
211 120 1338.706269
212 120 410.204615
213 120 746.257985
216 120 -1394.191341
217 120 -0.000000
218 120 -565.743680
221 120 1338.706269
222 120 -410.204615
223 120 746.257985
18 121 -173943.019705
19 121 -41466.664164
23 121 -568057.882497
24 121 -0.000000
25 121 5033.335836
29 121 -176508.524115
31 121 41466.664164
39 121 -226986.411410
40 121 41466.664164
116 121 25486.228595
117 121 0.000000
121 121 1907567.912338
122 121 0.000000
123 121 0.000000
127 121 65159.976433
129 121 0.000000
137 121 292772.271191
138 121 -0.000000
214 121 -173942.960891
215 121 41466.664164
219 121 -568053.480413
220 121 -0.000000
221 121 -5033.335836
225 121 -176508.373746
227 121 -41466.664164
235 121 -226985.735781
236 121 -41466.664164
18 122 -41466.664164
19 122 -118293.519732
23 122 -0.000000
24 122 148023.982822
26 122 -553.745513
28 122 308.953553
30 122 -1427.419361
32 122 -659.160298
33 122 -1027.564057
39 122 41466.664164
40 122 -69206.886974
116 122 0.000000
117 122 -428160.411815
121 122 0.000000
122 122 713185.810366
124 122 -3131.969091
126 122 0.007873
128 122 -9257.908847
130 122 -2921.140722
131 122 -0.014507
137 122 0.000000
138 122 -193959.998123
214 122 41466.664164
215 122 -118294.003796
219 122 -0.000000
220 122 148024.863750
222 122 -553.749270
224 122 -308.965868
226 122 -1427.425716
228 122 -659.162854
229 122 1027.569738
235 122 -41466.664164
236 122 -69207.082575
20 123 -2008.198148
21 123 -814.973775
22 123 1338.697268
23 123 -5033.335836
25 123 92756.368267
26 123 -713.022761
27 123 65.921176
29 123 41466.664164
31 123 -107142.604723
41 123 -405.478223
42 123 287.033272
43 123 520.231119
118 123 -13001.141118
119 123 -3688.032547
120 123 0.019362
121 123 0.000000
123 123 427156.419598
124 123 -2562.440917
125 123 -0.007345
127 123 -0.000000
129 123 -379239.307656
139 123 -1316.239108
140 123 755.429676
141 123 0.005752
216 123 -2008.207879
217 123 -814.977161
218 123 -1338.706269
219 123 5033.335836
221 123 92756.894943
222 123 -713.023934
223 123 -65.896613
225 123 -41466.664164
227 123 -107143.029892
237 123 -405.476062
238 123 287.032923
239 123 -520.228913
20 124 814.973775
21 124 196.099108
22 124 -410.201316
24 124 -553.745513
25 124 -713.022761
26 124 796.298824
27 124 408.358985
28 124 -255.271896
30 124 659.160298
32 124 178.494344
33 124 339.109788
41 124 -287.033272
42 124 132.186423
43 124 202.347494
118 124 3688.032547
119 124 715.714236
120 124 -0.005565
122 124 -3131.969091
123 124 -2562.440917
124 124 3709.553675
125 124 0.005099
126 124 -0.003775
128 124 2921.140722
130 124 632.218887
131 124 0.004549
139 124 -755.429676
140 124 289.583734
141 124 0.002317
216 124 814.977161
217 124 196.099882
218 124 410.204615
220 124 -553.749270
221 124 -713.023934
222 124 796.303652
223 124 -408.360534
224 124 255.275187
226 124 659.162854
228 124 178.495006
229 124 -339.112305
237 124 -287.032923
238 124 132.186456
239 124 -202.347393
20 125 -1338.697268
21 125 -410.201316
22 125 746.251460
25 125 -65.921176
26 125 -408.358985
27 125 222.168476
41 125 -520.231119
42 125 202.347494
43 125 421.744916
118 125 0.019362
119 125 0.005565
120 125 -916.229110
123 125 -0.007345
124 125 0.005099
125 125 5542.203605
139 125 0.005752
140 125 -0.002317
141 125 934.672080
216 125 1338.706269
217 125 410.204615
218 125 746.257985
221 125 65.896613
222 125 408.360534
223 125 222.155877
237 125 520.228913
238 125 -202.347393
239 125 421.744574
24 126 -308.953553
26 126 255.271896
28 126 -93.984462
30 126 1027.564057
32 126 339.109788
33 126 612.979340
122 126 0.007873
124 126 -0.003775
126 126 2528.672183
128 126 -0.014507
130 126 -0.004549
131 126 -452.697462
220 126 308.965868
222 126 -255.275187
224 126 -93.991298
226 126 -1027.569738
228 126 -339.112305
229 126 612.983780
23 127 -176508.524115
25 127 -41466.664164
29 127 -269776.805291
31 127 -0.000000
34 127 -176508.524115
36 127 41466.664164
121 127 65159.976433
123 127 -0.000000
127 127 1115264.879749
129 127 0.000000
132 127 65159.976433
134 127 0.000000
219 127 -176508.373746
221 127 41466.664164
225 127 -269774.231601
227 127 -0.000000
230 127 -176508.373746
232 127 -41466.664164
24 128 -1427.419361
26 128 659.160298
28 128 -1027.564057
30 128 1528.169095
32 128 -0.000000
33 128 617.907107
35 128 -1427.419361
37 128 -659.160298
38 128 -1027.564057
122 128 -9257.908847
124 128 2921.140722
126 128 -0.014507
128 128 21169.138578
130 128 -0.000000
131 128 0.015746
133 128 -9257.908847
135 128 -2921.140722
136 128 -0.014507
220 128 -1427.425716
222 128 659.162854
224 128 1027.569738
226 128 1528.200174
228 128 -0.000000
229 128 -617.931736
231 128 -1427.425716
233 128 -659.162854
234 128 1027.569738
23 129 -41466.664164
25 129 -107142.604723
29 129 -0.000000
31 129 184238.963150
34 129 41466.664164
36 129 -107142.604723
121 129 0.000000
123 129 -379239.307656
127 129 0.000000
129 129 818570.969230
132 129 -0.000000
134 129 -379239.307656
219 129 41466.664164
221 129 -107143.029892
225 129 -0.000000
227 129 184239.952162
230 129 -41466.664164
232 129 -107143.029892
24 130 -659.160298
26 130 178.494344
28 130 -339.109788
30 130 -0.000000
32 130 622.203170
33 130 -0.000000
35 130 659.160298
37 130 178.494344
38 130 339.109788
122 130 -2921.140722
124 130 632.218887
126 130 -0.004549
128 130 -0.000000
130 130 2712.423300
131 130 -0.000000
133 130 2921.140722
135 130 632.218887
136 130 0.004549
220 130 -659.162854
222 130 178.495006
224 130 339.112305
226 130 -0.000000
228 130 622.206479
229 130 0.000000
231 130 659.162854
233 130 178.495006
