2146 2146 72250
1 1 6565792.301363
2 1 468963.763754
3 1 -1528676.972458
4 1 1969783.913030
5 1 -334317.813176
6 1 -143184.926030
7 1 836491.479601
75 1 -3236821.978698
76 1 -256680.935448
77 1 612514.744976
78 1 -1002182.455869
79 1 284285.469110
80 1 87462.302252
81 1 -485481.800462
1 2 468963.763754
2 2 4973955.913165
3 2 -452302.685942
4 2 -99584.812070
5 2 256142.161798
6 2 2370627.130312
7 2 247499.864136
75 2 -250475.251380
76 2 -2373819.169218
77 2 181229.958535
78 2 17598.030847
79 2 -397348.636483
80 2 -1180716.972250
81 2 -143643.638441
1 3 -1528676.972458
2 3 -452302.685942
3 3 488627.841975
4 3 -836604.278427
5 3 74346.869739
6 3 -247533.985081
7 3 -318055.888117
75 3 862418.361558
76 3 255166.764012
77 3 -206025.289260
78 3 490517.962967
79 3 -43697.950024
80 3 145136.959974
81 3 214808.514003
1 4 1969783.913030
2 4 -99584.812070
3 4 -836604.278427
4 4 13107219.082567
5 4 -306915.236293
6 4 979836.399822
7 4 -18940.239386
8 4 1962328.057007
9 4 -331077.660225
10 4 -130796.644423
11 4 848044.568806
75 4 -1021988.242691
76 4 132234.982198
77 4 383864.396413
78 4 -6459532.136968
79 4 171177.236752
80 4 -537435.329298
81 4 -244486.202138
82 4 -998191.392299
83 4 272442.968109
84 4 78424.919185
85 4 -498541.554574
1 5 -334317.813176
2 5 256142.161798
3 5 74346.869739
4 5 -306915.236293
5 5 3685783.705303
6 5 1098475.072462
7 5 -271883.495325
8 5 186427.967454
9 5 964251.076329
10 5 266579.263652
11 5 74343.214875
75 5 87542.183995
76 5 199058.609420
77 5 -34113.041271
78 5 171744.758096
79 5 -1265003.990392
80 5 -611392.340069
81 5 128722.973922
82 5 -61865.143319
83 5 -889790.983415
84 5 -398207.467991
85 5 -43704.285458
1 6 -143184.926030
2 6 2370627.130312
3 6 -247533.985081
4 6 979836.399822
5 6 1098475.072462
6 6 9894690.011616
7 6 47104.511227
8 6 -82379.521251
9 6 285282.106835
10 6 2367358.476408
11 6 222074.685706
75 6 95109.432113
76 6 -1388741.627883
77 6 113577.573322
78 6 -525048.643794
79 6 -611905.289288
80 6 -4718458.769496
81 6 -92953.551455
82 6 7792.454015
83 6 -405781.878814
84 6 -1167784.482719
85 6 -130551.462878
1 7 836491.479601
2 7 247499.864136
3 7 -318055.888117
4 7 -18940.239386
5 7 -271883.495325
6 7 47104.511227
7 7 985775.204038
8 7 -848165.568218
9 7 74472.456218
10 7 -222109.076206
11 7 -319501.179695
75 7 -388744.143801
76 7 -115019.101661
77 7 135323.320101
78 7 265362.644107
79 7 133339.956480
80 7 48261.825529
81 7 -414102.336029
82 7 503652.792471
83 7 -44341.947398
84 7 131894.254481
85 7 222314.420155
4 8 1962328.057007
5 8 186427.967454
6 8 -82379.521251
7 8 -848165.568218
8 8 13166068.169080
9 8 -295200.749255
10 8 881314.188399
11 8 -19148.541306
12 8 1955493.393687
13 8 -323269.116422
14 8 -117240.220696
15 8 859843.565159
78 8 -1016180.211605
79 8 -197366.969155
80 8 121680.080312
81 8 382815.501216
82 8 -6491398.387557
83 8 164662.728604
84 8 -484161.931431
85 8 -273382.260699
86 8 -995057.481992
87 8 258245.730493
88 8 70603.888693
89 8 -510051.013729
4 9 -331077.660225
5 9 964251.076329
6 9 285282.106835
7 9 74472.456218
8 9 -295200.749255
9 9 3728077.321703
10 9 1209490.566795
11 9 -272345.097735
12 9 188687.257756
13 9 973429.798500
14 9 290247.334604
15 9 74468.462541
78 9 95051.046244
79 9 -639579.042861
80 9 186435.672444
81 9 -33612.789439
82 9 165308.563306
83 9 -1288557.515028
84 9 -673223.723463
85 9 129318.888051
86 9 -73883.093663
87 9 -902314.050555
88 9 -406086.239575
89 9 -44173.982744
4 10 -130796.644423
5 10 266579.263652
6 10 2367358.476408
7 10 -222109.076206
8 10 881314.188399
9 10 1209490.566795
10 10 9793547.308703
11 10 52518.376128
12 10 -65513.628916
13 10 306099.247010
14 10 2366010.709204
15 10 193681.245244
78 10 87401.749752
79 10 204756.528698
80 10 -1403754.189851
81 10 100247.876734
82 10 -471844.267259
83 10 -673717.768482
84 10 -4663039.057037
85 10 -93701.807566
86 10 -473.017710
87 10 -412178.018974
88 10 -1158915.412131
89 10 -114889.870064
4 11 848044.568806
5 11 74343.214875
6 11 222074.685706
7 11 -319501.179695
8 11 -19148.541306
9 11 -272345.097735
10 11 52518.376128
11 11 1002213.784368
12 11 -859967.525581
13 11 74706.497597
14 11 -193713.575434
15 11 -321630.100288
78 11 -387755.921859
79 11 -33907.874461
80 11 -101538.465977
81 11 132151.560040
82 11 294757.968738
83 11 133173.391429
84 11 43772.097297
85 11 -416885.064131
86 11 515235.280957
87 11 -44886.816533
88 11 116062.758954
89 11 228620.413794
8 12 1955493.393687
9 12 188687.257756
10 12 -65513.628916
11 12 -859967.525581
12 12 13223184.847986
13 12 -265533.263658
14 12 765170.980723
15 12 -18355.972290
16 12 1949577.566453
17 12 -312059.368336
18 12 -102920.040032
19 12 871300.143599
82 12 -1010067.484225
83 12 -185333.846759
84 12 108818.005356
85 12 383569.909766
86 12 -6522357.306206
87 12 148141.446743
88 12 -421265.470894
89 12 -294385.525558
90 12 -992685.065399
91 12 242486.535042
92 12 63935.800475
93 12 -519470.697986
8 13 -323269.116422
9 13 973429.798500
10 13 306099.247010
11 13 74706.497597
12 13 -265533.263658
13 13 3757339.757554
14 13 1284447.089353
15 13 -273203.754953
16 13 195013.286710
17 13 979000.722077
18 13 305075.157863
19 13 74702.291208
82 13 101673.555529
83 13 -634189.068313
84 13 178065.853186
85 13 -33321.217011
86 13 148848.394475
87 13 -1304850.547962
88 13 -714993.737085
89 13 130128.316505
90 13 -87359.762227
91 13 -909502.198530
92 13 -411755.986982
93 13 -44537.639113
8 14 -117240.220696
9 14 290247.334604
10 14 2366010.709204
11 14 -193713.575434
12 14 765170.980723
13 14 1284447.089353
14 14 9707168.193946
15 14 56454.076585
16 14 -49362.911091
17 14 318161.420656
18 14 2367187.556472
19 14 163106.882959
82 14 76578.496632
83 14 194125.063333
84 14 -1416019.268702
85 14 86401.749414
86 14 -408995.530843
87 14 -715438.722484
88 14 -4615787.149990
89 14 -89365.078770
90 14 -7354.457390
91 14 -416625.360911
92 14 -1154562.917748
93 14 -97244.614224
8 15 859843.565159
9 15 74468.462541
10 15 193681.245244
11 15 -321630.100288
12 15 -18355.972290
13 15 -273203.754953
14 15 56454.076585
15 15 1017809.880995
16 15 -871422.204423
17 15 75056.608273
18 15 -163135.223687
19 15 -324510.228430
82 15 -388575.673850
83 15 -33561.471938
84 15 -87525.563350
85 15 130382.299518
86 15 315209.206167
87 15 133179.354170
88 15 35577.700476
89 15 -420476.434679
90 15 524722.654420
91 15 -45327.043532
92 15 98233.200744
93 15 233485.519054
12 16 1949577.566453
13 16 195013.286710
14 16 -49362.911091
15 16 -871422.204423
16 16 13274474.185148
17 16 -222738.306074
18 16 635572.827815
19 16 -16739.812618
20 16 1944731.082858
21 16 -298792.850376
22 16 -88065.773253
23 16 881919.302126
86 16 -1004233.417078
87 16 -175180.921935
88 16 94324.900564
89 16 386055.796604
90 16 -6550178.408944
91 16 124302.836036
92 16 -351013.735962
93 16 -306473.153956
94 16 -990929.916361
95 16 225910.884400
96 16 58167.955117
97 16 -526374.786568
12 17 -312059.368336
13 17 979000.722077
14 17 318161.420656
15 17 75056.608273
16 17 -222738.306074
17 17 3770588.270252
18 17 1321832.169405
19 17 -274487.225035
20 17 204259.086563
21 17 980452.310717
22 17 310777.646373
23 17 75052.316509
86 17 107606.002529
87 17 -631383.865714
88 17 174337.275772
89 17 -33251.434896
90 17 125049.816802
91 17 -1312222.824455
92 17 -735855.336112
93 17 131152.818204
94 17 -101685.649227
95 17 -911191.878821
96 17 -415284.003223
97 17 -44795.081578
12 18 -102920.040032
13 18 305075.157863
14 18 2367187.556472
15 18 -163135.223687
16 18 635572.827815
17 18 1321832.169405
18 18 9642630.344086
19 18 58750.384908
20 18 -34119.614245
21 18 321207.375114
22 18 2371216.717548
23 18 131231.785779
86 18 63244.891910
87 18 187858.340877
88 18 -1425253.427125
89 18 72271.854464
90 18 -338765.383696
91 18 -736229.111624
92 18 -4580593.792270
93 18 -80867.735330
94 18 -13161.349688
95 18 -419131.355555
96 18 -1155010.544962
97 18 -78325.877508
12 19 871300.143599
13 19 74702.291208
14 19 163106.882959
15 19 -324510.228430
16 19 -16739.812618
17 19 -274487.225035
18 19 58750.384908
19 19 1031664.323180
20 19 -882035.156903
21 19 75518.646039
22 19 -131254.781419
23 19 -328139.473227
86 19 -391128.148467
87 19 -33437.103273
88 19 -73217.421753
89 19 130056.011817
90 19 325854.876955
91 19 133384.078852
92 19 24768.659590
93 19 -424877.677703
94 19 531686.496515
95 19 -45654.457473
96 19 79121.417251
97 19 236717.541934
16 20 1944731.082858
17 20 204259.086563
18 20 -34119.614245
19 20 -882035.156903
20 20 13316774.401864
21 20 -172316.947770
22 20 498277.133238
23 20 -14529.388775
24 20 1941001.198686
25 20 -284854.508032
26 20 -72792.260038
27 20 891329.467246
90 20 -999142.373310
91 20 -166728.390268
92 20 78947.520949
93 20 390184.723796
94 20 -6573135.379977
95 20 96212.109987
96 20 -276550.186484
97 20 -308941.217188
98 20 -989656.489490
99 20 209199.658691
100 20 52932.266717
101 20 -530483.839031
16 21 -298792.850376
17 21 980452.310717
18 21 321207.375114
19 21 75518.646039
20 21 -172316.947770
21 21 3766697.911372
22 21 1320878.575702
23 21 -276180.268614
24 21 215128.068722
25 21 977729.065879
26 21 307253.756812
27 21 75514.394494
90 21 113181.344761
91 21 -630935.403361
92 21 175429.813509
93 21 -33407.083397
94 21 96975.067636
95 21 -1310049.109425
96 21 -735375.582659
97 21 132373.914675
98 21 -116235.824087
99 21 -907423.707862
100 21 -416658.371590
101 21 -44943.163404
16 22 -88065.773253
17 22 310777.646373
18 22 2371216.717548
19 22 -131254.781419
20 22 498277.133238
21 22 1320878.575702
22 22 9604220.486250
23 22 59286.726447
24 22 -19869.837675
25 22 315132.946147
26 22 2378096.068042
27 22 99008.129262
90 22 48119.217034
91 22 186260.225179
92 22 -1431201.043326
93 22 58063.003763
94 22 -264295.467236
95 22 -735665.217837
96 22 -4559810.532648
97 22 -69434.890424
98 22 -18276.611816
99 22 -419609.328943
100 22 -1160345.363257
101 22 -58925.699684
16 23 881919.302126
17 23 75052.316509
18 23 131231.785779
19 23 -328139.473227
20 23 -14529.388775
21 23 -276180.268614
22 23 59286.726447
23 23 1043134.027991
24 23 -891435.523062
25 23 76076.683606
26 23 -99025.098550
27 23 -332435.834938
90 23 -395321.930703
91 23 -33542.857872
92 23 -58823.637743
93 23 131186.516060
94 23 326206.099429
95 23 133791.849394
96 23 12699.422656
97 23 -430012.698722
98 23 535845.622403
99 23 -45857.983093
100 23 59525.607113
101 23 238184.261727
20 24 1941001.198686
21 24 215128.068722
22 24 -19869.837675
23 24 -891435.523062
24 24 13348303.452846
25 24 -119898.745987
26 24 359913.578538
27 24 -11980.696341
28 24 1938366.270199
29 24 -271552.319513
30 24 -57188.271444
31 24 899298.964453
94 24 -995096.626914
95 24 -159656.618533
96 24 63465.754863
97 24 395850.226190
98 24 -6590252.425092
99 24 67005.397272
100 24 -201497.184377
101 24 -301477.453740
102 24 -988771.063264
103 24 192970.756777
104 24 47831.338658
105 24 -531682.299663
20 25 -284854.508032
21 25 977729.065879
22 25 315132.946147
23 25 76076.683606
24 25 -119898.745987
25 25 3746365.721782
26 25 1281511.064596
27 25 -278224.545449
28 25 226303.510283
29 25 971208.435688
30 25 294574.670627
31 25 76072.593798
94 25 118783.864540
95 25 -632759.382307
96 25 181311.980694
97 25 -33782.558171
98 25 67758.487600
99 25 -1298718.948936
100 25 -713506.638065
101 25 133752.980850
102 25 -130375.233695
103 25 -898422.220938
104 25 -415780.832316
105 25 -44975.534511
20 26 -72792.260038
21 26 307253.756812
22 26 2378096.068042
23 26 -99025.098550
24 26 359913.578538
25 26 1281511.064596
26 26 9593023.624858
27 26 57992.970726
28 26 -6686.571178
29 26 300000.041219
30 26 2387479.214478
31 26 67433.116250
94 26 31988.248282
95 26 189416.705586
96 26 -1433639.068206
97 26 43973.015036
98 26 -189209.280896
99 26 -713708.686274
100 26 -4554023.619908
101 26 -56438.550187
102 26 -23071.099589
103 26 -417886.661480
104 26 -1170443.178308
105 26 -39867.714451
20 27 891329.467246
21 27 75514.394494
22 27 99008.129262
23 27 -332435.834938
24 27 -11980.696341
25 27 -278224.545449
26 27 57992.970726
27 27 1051878.331332
28 27 -899392.489990
29 27 76703.844545
30 27 -67444.070881
31 27 -337236.486345
94 27 -401048.171677
95 27 -33877.546526
96 27 -44547.164279
97 27 133760.086315
98 27 316195.489370
99 27 134384.994708
100 27 823.953712
101 27 -435723.439195
102 27 537083.653204
103 27 -45924.242623
104 27 40275.844014
105 27 237821.551465
24 28 1938366.270199
25 28 226303.510283
26 28 -6686.571178
27 28 -899392.489990
28 28 13368820.492069
29 28 -70752.966121
30 28 227155.737478
31 28 -9349.666143
32 28 1936750.457677
33 28 -260013.670266
34 28 -41408.391173
35 28 905737.943232
98 28 -992220.240354
99 28 -153600.863631
100 28 48656.222993
101 28 402927.443779
102 28 -6601393.983621
103 28 39617.530707
104 28 -129499.114039
105 28 -284194.135714
106 28 -988227.088600
107 28 177785.409611
108 28 42524.819596
109 28 -530019.189846
24 29 -271552.319513
25 29 971208.435688
26 29 300000.041219
27 29 76703.844545
28 29 -70752.966121
29 29 3711972.335496
30 29 1204386.399780
31 29 -280521.671338
32 29 236568.581279
33 29 961655.611833
34 29 272993.557821
35 29 76700.031896
98 29 124762.473051
99 29 -636917.254132
100 29 191742.131526
101 29 -34363.288947
102 29 40334.439274
103 29 -1279559.314376
104 29 -670608.663725
105 29 135232.596609
106 29 -143466.557037
107 29 -884588.736205
108 29 -412480.822976
109 29 -44883.278955
24 30 -57188.271444
25 30 294574.670627
26 30 2387479.214478
27 30 -67444.070881
28 30 227155.737478
29 30 1204386.399780
30 30 9606899.971922
31 30 54858.055496
32 30 5286.411809
33 30 276065.556202
34 30 2398702.587878
35 30 37516.493834
98 30 15667.059727
99 30 197197.911443
100 30 -1432388.908683
101 30 30214.914379
102 30 -117155.078494
103 30 -670728.559326
104 30 -4562041.646591
105 30 -43232.341109
106 30 -27823.379191
107 30 -413732.581718
108 30 -1184967.734089
109 30 -21953.879504
24 31 899298.964453
25 31 76072.593798
26 31 67433.116250
27 31 -337236.486345
28 31 -9349.666143
29 31 -280521.671338
30 31 54858.055496
31 31 1057868.393578
32 31 -905817.180821
33 31 77363.955539
34 31 -37522.074505
35 31 -342306.614159
98 31 -408180.291952
99 31 -34430.911778
100 31 -30606.415581
101 31 137733.381113
102 31 296184.459473
103 31 135125.519260
104 31 -9479.583105
105 31 -441774.924324
106 31 535449.676909
107 31 -45838.934419
108 31 22180.551273
109 31 235637.685786
28 32 1936750.457677
29 32 236568.581279
30 32 5286.411809
31 32 -905817.180821
32 32 13379486.728970
33 32 -29339.676982
34 32 105956.443169
35 32 -6865.556071
36 32 1936021.761895
37 32 -251091.444616
38 32 -25743.682695
39 32 910685.623358
102 32 -990466.954337
103 32 -148238.312060
104 32 35252.573673
105 32 411274.432997
106 32 -6607189.144472
107 32 16532.190944
108 32 -63801.064790
109 32 -257619.358291
110 32 -988007.083244
111 32 164147.497845
112 32 36804.962006
113 32 -525692.618354
28 33 -260013.670266
29 33 961655.611833
30 33 276065.556202
31 33 77363.955539
32 33 -29339.676982
33 33 3667356.982607
34 33 1091011.683777
35 33 -282939.260263
36 33 244919.161724
37 33 950156.174959
38 33 242972.692229
39 33 77360.527392
102 33 131351.756383
103 33 -643588.589691
104 33 206274.495680
105 33 -35126.091249
106 33 17187.444284
107 33 -1254709.076474
108 33 -607516.267926
109 33 136739.370329
110 33 -154890.467704
111 33 -866502.564593
112 33 -406548.187848
113 33 -44656.308564
28 34 -41408.391173
29 34 272993.557821
30 34 2398702.587878
31 34 -37522.074505
32 34 105956.443169
33 34 1091011.683777
34 34 9640849.087910
35 34 49936.398507
36 34 15781.578346
37 34 243822.493123
38 34 2410851.254656
39 34 10243.798992
102 34 -40.799146
103 34 209265.166365
104 34 -1427334.460189
105 34 17036.406732
106 34 -51384.192056
107 34 -607566.933387
108 34 -4581096.658625
109 34 -30994.742670
110 34 -32655.282856
111 34 -406902.527360
112 34 -1203384.480621
113 34 -5913.225570
28 35 905737.943232
29 35 76700.031896
30 35 37516.493834
31 35 -342306.614159
32 35 -6865.556071
33 35 -282939.260263
34 35 49936.398507
35 35 1061359.508051
36 35 -910749.822158
37 35 78014.063904
38 35 -10245.138510
39 35 -347357.282135
102 35 -416575.302316
103 35 -35183.855767
104 35 -17254.607435
105 35 143030.556305
106 35 266928.646168
107 35 135958.182665
108 35 -17073.403884
109 35 -447869.815244
110 35 531142.618598
111 35 -45588.874119
112 35 5974.977413
113 35 231713.420733
32 36 1936021.761895
33 36 244919.161724
34 36 15781.578346
35 36 -910749.822158
36 36 13382487.020379
37 36 1103.566084
38 36 994.679159
39 36 -4706.475118
40 36 1935985.861645
41 36 -245282.213285
42 36 -10652.369455
43 36 914283.837893
106 36 -989649.340638
107 36 -143358.958138
108 36 23900.086516
109 36 420734.376983
110 36 -6608824.650350
111 36 -448.020527
112 36 -6944.744001
113 36 -222652.696312
114 36 -988091.569753
115 36 152489.235358
116 36 30651.297894
117 36 -519020.875808
32 37 -251091.444616
33 37 950156.174959
34 37 243822.493123
35 37 78014.063904
36 37 1103.566084
37 37 3617491.689007
38 37 943906.241374
39 37 -285320.131513
40 37 250666.775475
41 37 938021.295053
42 37 205219.129352
43 37 78011.117365
106 37 138609.015068
107 37 -653018.533675
108 37 224272.958242
109 37 -36039.752931
110 37 122.143454
111 37 -1226937.426200
112 37 -525629.110748
113 37 138188.393495
114 37 -164083.707520
115 37 -844920.807711
116 37 -397780.794611
117 37 -44285.370450
32 38 -25743.682695
33 38 242972.692229
34 38 2410851.254656
35 38 -10245.138510
36 38 994.679159
37 38 943906.241374
38 38 9687714.090101
39 38 43351.169364
40 38 24400.345933
41 38 204041.630912
42 38 2422855.939278
43 38 -13462.817772
106 38 -14386.509844
107 38 225083.545086
108 38 -1418444.219985
109 38 4732.893560
110 38 5553.574609
111 38 -525628.859603
112 38 -4607232.729716
113 38 -20599.536173
114 38 -37492.933869
115 38 -397194.338497
116 38 -1224988.060766
117 38 7642.575731
32 39 910685.623358
33 39 77360.527392
34 39 10243.798992
35 39 -347357.282135
36 39 -4706.475118
37 39 -285320.131513
38 39 43351.169364
39 39 1062830.599430
40 39 -914333.165152
41 39 78607.866930
42 39 13464.285993
43 39 -352070.479133
106 39 -426075.972125
107 39 -36108.748338
108 39 -4792.612109
109 39 149540.156070
110 39 229509.410617
111 39 136815.037593
112 39 -21194.148869
113 39 -453671.129375
114 39 524482.097717
115 39 -45164.508524
116 39 -7723.509861
117 39 226197.803126
36 40 1935985.861645
37 40 250666.775475
38 40 24400.345933
39 40 -914333.165152
40 40 13380524.251910
41 40 18912.358881
42 40 -84571.058731
43 40 -2979.743786
44 40 1936391.143797
45 40 -242667.250990
46 40 3259.256970
47 40 916739.381951
110 40 -989486.021250
111 40 -138913.163681
112 40 15105.929199
113 40 431136.938798
114 40 -6607768.383472
115 40 -10396.539818
116 40 39365.934021
117 40 -180496.821390
118 40 -988429.047762
119 40 143143.019505
120 40 24255.975805
121 40 -510404.680691
36 41 -245282.213285
37 41 938021.295053
38 41 204041.630912
39 41 78607.866930
40 41 18912.358881
41 41 3568030.628370
42 41 766756.985237
43 41 -287494.852620
44 41 253521.123924
45 41 926660.969150
46 41 160716.793089
47 41 78605.486463
110 41 146375.951552
111 41 -665445.994665
112 41 244936.661940
113 41 -37066.089698
114 41 -9931.846117
115 41 -1199392.879571
116 41 -426998.747249
117 41 139489.450289
118 41 -170593.658405
119 41 -820764.861051
120 41 -386041.596761
121 41 -43764.464589
36 42 -10652.369455
37 42 205219.129352
38 42 2422855.939278
39 42 13464.285993
40 42 -84571.058731
41 42 766756.985237
42 42 9739137.919206
43 42 35293.727987
44 42 30655.707387
45 42 157799.676621
46 42 2433609.961420
47 42 -32783.886983
110 42 -26723.844991
111 42 243942.603020
112 42 -1405794.567688
113 42 -6348.835706
114 42 51945.081424
115 42 -426968.617366
116 42 -4635833.470116
117 42 -12528.712999
118 42 -42060.690939
119 42 -384509.252255
120 42 -1248941.324587
121 42 18252.787757
36 43 914283.837893
37 43 78011.117365
38 43 -13462.817772
39 43 -352070.479133
40 43 -2979.743786
41 43 -287494.852620
42 43 35293.727987
43 43 1062899.112176
44 43 -916774.690641
45 43 79099.966006
46 43 32786.650278
47 43 -356128.628777
110 43 -436512.096879
111 43 -37170.012625
112 43 6427.541179
113 43 157112.529471
114 43 185245.742880
115 43 137621.460777
116 43 -21540.319238
117 43 -458830.787874
118 43 515870.373296
119 43 -44562.597357
120 43 -18449.255227
121 43 219300.046323
40 44 1936391.143797
41 44 253521.123924
42 44 30655.707387
43 44 -916774.690641
44 44 13376311.554773
45 44 24223.007683
46 44 -149021.325541
47 44 -1710.237079
48 44 1936955.597323
49 44 -242893.224361
50 44 15303.940553
51 44 918279.485494
114 44 -989661.418701
115 44 -135029.625711
116 44 9190.884557
117 44 442296.804416
118 44 -6605492.298745
119 44 -13389.260745
120 44 74217.721431
121 44 -132579.346260
122 44 -988920.761121
123 44 136306.071574
124 44 18014.295182
125 44 -500286.316290
40 45 -242667.250990
41 45 926660.969150
42 45 157799.676621
43 45 79099.966006
44 45 24223.007683
45 45 3524727.747332
46 45 564508.751733
47 45 -289297.300080
48 45 253634.981555
49 45 917428.212004
50 45 110741.228512
51 45 79098.220853
114 45 154273.516068
115 45 -681020.898356
116 45 267340.932045
117 45 -38161.679801
118 45 -13046.571731
119 45 -1175279.056104
120 45 -314379.082706
121 45 140554.832424
122 45 -174140.252368
123 45 -795083.375379
124 45 -371317.504153
125 45 -43093.369895
40 46 3259.256970
41 46 160716.793089
42 46 2433609.961420
43 46 32786.650278
44 46 -149021.325541
45 46 564508.751733
46 46 9786653.497381
47 46 26018.863078
48 46 34056.268741
49 46 106480.049062
50 46 2442092.348873
51 46 -47039.479032
114 46 -36559.036987
115 46 264988.835840
116 46 -1389590.813120
117 46 -15817.878475
118 46 86867.671050
119 46 -314339.825212
120 46 -4662223.314088
121 46 -6837.790810
122 46 -45911.160833
123 46 -368908.347740
124 46 -1274322.565168
125 46 25627.500186
40 47 916739.381951
41 47 78605.486463
42 47 -32783.886983
43 47 -356128.628777
44 47 -1710.237079
45 47 -289297.300080
46 47 26018.863078
47 47 1062222.385595
48 47 -918301.957180
49 47 79450.612471
50 47 47042.168514
51 47 -359245.270245
114 47 -447698.917652
115 47 -38325.245978
116 47 16010.151458
117 47 165558.571140
118 47 135604.026282
119 47 138303.510433
120 47 -18302.701422
121 47 -463020.914516
122 47 505751.169149
123 47 -43788.635076
124 47 -25908.426894
125 47 211278.152895
44 48 1936955.597323
45 48 253634.981555
46 48 34056.268741
47 48 -918301.957180
48 48 13372161.091298
49 48 18999.523271
50 48 -191726.107400
51 48 -839.587420
52 48 1937415.413559
53 48 -245209.157263
54 48 24814.441054
55 48 919106.406007
118 48 -989888.660058
119 48 -131999.783226
120 48 6252.157376
121 48 454008.182197
122 48 -6603249.053210
123 48 -10519.347328
124 48 97292.625064
125 48 -80478.376193
126 48 -989429.287629
127 48 132009.997861
128 48 12479.809392
129 48 -489111.646803
44 49 -242893.224361
45 49 917428.212004
46 49 106480.049062
47 49 79450.612471
48 49 18999.523271
49 49 3492757.916512
50 49 343334.254009
51 49 -290582.019732
52 49 251593.045760
53 49 911449.285084
54 49 56844.554009
55 49 79449.554121
118 49 161735.651197
119 49 -699722.856196
120 49 290494.422357
121 49 -39280.356380
122 49 -10310.781454
123 49 -1157476.857886
124 49 -191209.577349
125 49 141308.132646
126 49 -174669.337855
127 49 -768987.353176
128 49 -353770.442590
129 49 -42279.873146
44 50 15303.940553
45 50 110741.228512
46 50 2442092.348873
47 50 47042.168514
48 50 -191726.107400
49 50 343334.254009
50 50 9822773.791676
51 50 15835.848275
52 50 34211.045609
53 50 51736.487740
54 50 2447482.592058
55 50 -55721.064824
118 50 -43595.795386
119 50 287272.528303
120 50 -1370182.553364
121 50 -23257.632467
122 50 109994.869731
123 50 -191178.637627
124 50 -4682268.710326
125 50 -3177.008527
126 50 -48488.140966
127 50 -350653.920380
128 50 -1300176.911305
129 50 29652.520752
44 51 918279.485494
45 51 79098.220853
46 51 -47039.479032
47 51 -359245.270245
48 51 -839.587420
49 51 -290582.019732
50 51 15835.848275
51 51 1061398.145005
52 51 -919117.136544
53 51 79630.334164
54 51 55722.651957
55 51 -361193.441255
118 51 -459431.463365
119 51 -39527.093973
120 51 23534.476731
121 51 174650.524665
122 51 82122.063311
123 51 138796.046773
124 51 -12134.289838
125 51 -465964.435546
126 51 494571.428057
127 51 -42858.517219
128 51 -29984.077062
129 51 202425.235456
48 52 1937415.413559
49 52 251593.045760
50 52 34211.045609
51 52 -919117.136544
52 52 13369714.490046
53 52 6797.817616
54 52 -212657.633083
55 52 -237.836427
56 52 1937582.730832
57 52 -248567.335242
58 52 31253.985061
59 52 919358.098131
122 52 -989962.893414
123 52 -130229.638803
124 52 6148.312952
125 52 466035.529259
126 52 -6601926.746374
127 52 -3765.859709
128 52 108596.630132
129 52 -25861.226741
130 52 -989811.328788
131 52 130109.329685
132 52 8289.745475
133 52 -477300.139707
48 53 -245209.157263
49 53 911449.285084
50 53 51736.487740
51 53 79630.334164
52 53 6797.817616
53 53 3476030.094961
54 53 110447.454201
55 53 -291241.151664
56 53 248333.790716
57 53 909467.101008
58 53 803.208060
59 53 79629.994191
122 53 168081.083699
123 53 -721296.980921
124 53 313409.078612
125 53 -40376.317067
126 53 -3698.752076
127 53 -1148162.279017
128 53 -61511.025071
129 53 141692.860198
130 53 -172379.132402
131 53 -743562.367506
132 53 -333770.384432
133 53 -41341.243885
48 54 24814.441054
49 54 56844.554009
50 54 2447482.592058
51 54 55722.651957
52 54 -212657.633083
53 54 110447.454201
54 54 9841948.214478
55 54 5095.732762
56 54 30926.669217
57 54 -4582.341817
58 54 2449253.453943
59 54 -58516.059136
122 54 -47765.547643
123 54 309808.819705
124 54 -1348070.267680
125 54 -28254.000023
126 54 121326.245438
127 54 -61499.937918
128 54 -4692905.571142
129 54 -864.996192
130 54 -49212.310220
131 54 -330226.494890
132 54 -1325567.494708
133 54 30379.591214
48 55 919106.406007
49 55 79449.554121
50 55 -55721.064824
51 55 -361193.441255
52 55 -237.836427
53 55 -291241.151664
54 55 5095.732762
55 55 1060876.725739
56 55 -919357.730358
57 55 79623.650194
58 55 58516.001189
59 55 -361828.527277
122 55 -471475.091232
123 55 -40725.943537
124 55 28583.147175
125 55 184125.420434
126 55 26358.455126
127 55 139050.596519
128 55 -4063.550507
129 55 -467461.561562
130 55 482751.173340
131 55 -41799.011628
132 55 -30726.464449
133 55 193054.655663
52 56 1937582.730832
53 56 248333.790716
54 56 30926.669217
55 56 -919357.730358
56 56 13369803.709575
57 56 -7742.598480
58 56 -211933.960330
59 56 273.129079
60 56 1937392.268405
61 56 -251779.630364
62 56 34307.221012
63 56 919081.603065
126 56 -989792.137760
127 56 -130167.131276
128 56 8515.170259
129 56 478102.635998
130 56 -6601974.965049
131 56 4289.173138
132 56 108205.884342
133 56 29560.429929
134 56 -989965.194891
135 56 130299.722034
136 56 6073.007402
137 56 -465226.106004
52 57 -248567.335242
53 57 909467.101008
54 57 -4582.341817
55 57 79623.650194
56 57 -7742.598480
57 57 3476620.706129
58 57 -126241.020362
59 57 -291218.020524
60 57 245008.855433
61 57 911730.385082
62 57 -55470.343440
63 57 79624.038801
126 57 172612.776257
127 57 -745222.506939
128 57 335174.711062
129 57 -41407.469354
130 57 4212.469808
131 57 -1148491.147675
132 57 70306.841156
133 57 141679.377952
134 57 -167705.596871
135 57 -719772.617137
136 57 -311902.054031
137 57 -40304.562067
52 58 31253.985061
53 58 803.208060
54 58 2449253.453943
55 58 58516.001189
56 58 -211933.960330
57 58 -126241.020362
58 58 9841268.383783
59 58 -5824.347995
60 58 24268.945225
61 58 -60538.935509
62 58 2447230.828181
63 58 -55323.204314
126 58 -49232.603419
127 58 331648.527541
128 58 -1323900.873265
129 58 -30430.651196
130 58 120934.533176
131 58 70294.213679
132 58 -4692528.484689
133 58 994.922573
134 58 -47573.915986
135 58 -308312.333917
136 58 -1349622.164921
137 58 28003.823413
52 59 919358.098131
53 59 79629.994191
54 59 -58516.059136
55 59 -361828.527277
56 59 273.129079
57 59 -291218.020524
58 59 -5824.347995
59 59 1060896.093529
60 59 -919070.113503
61 59 79431.119326
62 59 55321.520496
63 59 -361102.958522
126 59 -483554.366979
127 59 -41873.262038
128 59 30777.612389
129 59 193691.463488
130 59 -30130.014724
131 59 139041.643368
132 59 4638.270447
133 59 -467409.168086
134 59 470664.714132
135 59 -40646.804177
136 59 -28330.528740
137 59 183485.151174
56 60 1937392.268405
57 60 245008.855433
58 60 24268.945225
59 60 -919070.113503
60 60 13372399.716222
61 60 -19613.639054
62 60 -189549.447688
63 60 887.690971
64 60 1936918.443207
65 60 -253703.305505
66 60 33926.570478
67 60 918223.958945
130 60 -989397.726264
131 60 -132220.158822
132 60 12815.444757
133 60 489883.776235
134 60 -6603378.025729
135 60 10858.637664
136 60 96116.887712
137 60 84062.337105
138 60 -989876.523915
139 60 132168.122950
140 60 6357.470714
141 60 -453211.788314
56 61 -251779.630364
57 61 911730.385082
58 61 -60538.935509
59 61 79431.119326
60 61 -19613.639054
61 61 3494456.067326
62 61 -358585.565273
63 61 -290514.630539
64 61 242802.629547
65 61 917955.238258
66 61 -110040.845396
67 61 79432.224853
130 61 174725.510601
131 61 -770724.347746
132 61 355026.544927
133 61 -42338.463752
134 61 10640.812815
135 61 -1158422.449428
136 61 199703.105866
137 61 141268.733487
138 61 -161263.263572
139 61 -698377.428578
140 61 -288941.742132
141 61 -39205.708286
56 62 34307.221012
57 62 -55470.343440
58 62 2447230.828181
59 62 55321.520496
60 62 -189549.447688
61 62 -358585.565273
62 62 9820837.015937
63 62 -16538.758848
64 62 14570.088913
65 62 -114226.583373
66 62 2441613.539157
67 62 -46257.616959
130 62 -48367.275301
131 62 351949.840045
132 62 -1298451.078751
133 62 -29487.538513
134 62 108816.354111
135 62 199671.172019
136 62 -4681194.148790
137 62 3370.859994
138 62 -43214.918265
139 62 -285762.521370
140 62 -1371572.131517
141 62 22831.572952
56 63 919081.603065
57 63 79624.038801
58 63 -55323.204314
59 63 -361102.958522
60 63 887.690971
61 63 -290514.630539
62 63 -16538.758848
63 63 1061447.822776
64 63 -918200.665579
65 63 79069.265867
66 63 46254.885730
67 63 -359071.065477
130 63 -495344.014764
131 63 -42925.153935
132 63 29816.799756
133 63 203037.370568
134 63 -85789.601925
135 63 138770.090140
136 63 12619.526222
137 63 -465810.880598
138 63 458633.815301
139 63 -39446.207540
140 63 -23103.734128
141 63 174027.047973
60 64 1936918.443207
61 64 242802.629547
62 64 14570.088913
63 64 -918200.665579
64 64 13376614.037996
65 64 -24227.683566
66 64 -145384.620137
67 64 1781.667484
68 64 1936355.893185
69 64 -253419.781291
70 64 30321.074465
71 64 916642.336691
134 64 -988885.678269
135 64 -136683.666604
136 64 18416.693071
137 64 501001.274978
138 64 -6605655.775853
139 64 13389.378313
140 64 72251.975371
141 64 135934.690358
142 64 -989645.218026
143 64 135266.846970
144 64 9493.595645
145 64 -441530.352349
60 65 -253703.305505
61 65 917955.238258
62 65 -114226.583373
63 65 79069.265867
64 65 -24227.683566
65 65 3527323.854486
66 65 -578708.712806
67 65 -289191.396312
68 65 242747.339343
69 65 927368.956177
70 65 -161069.629045
71 65 79071.055352
134 65 173997.858596
135 65 -796827.321718
136 65 372393.834494
137 65 -43142.860266
138 65 13038.095043
139 65 -1176724.705376
140 65 322286.548442
141 65 140492.521433
142 65 -153751.509408
143 65 -679879.633754
144 65 -265807.103528
145 65 -38087.124643
60 66 33926.570478
61 66 -110040.845396
62 66 2441613.539157
63 66 46254.885730
64 66 -145384.620137
65 66 -578708.712806
66 66 9783754.907003
67 66 -26671.575475
68 66 2378.813839
69 66 -163881.463876
70 66 2432950.732201
71 66 -31645.106638
134 66 -45686.742657
135 66 370039.273724
136 66 -1272598.678226
137 66 -25238.226886
138 66 84897.679237
139 66 322247.305021
140 66 -4660614.191563
141 66 7149.363653
142 66 -35986.127384
143 66 -263530.915227
144 66 -1390779.894873
145 66 15242.886484
60 67 918223.958945
61 67 79432.224853
62 67 -46257.616959
63 67 -359071.065477
64 67 1781.667484
65 67 -289191.396312
66 67 -26671.575475
67 67 1062278.297822
68 67 -916606.125323
69 67 78568.399989
70 67 31642.384533
71 67 -355883.534111
134 67 -506466.325549
135 67 -43845.538818
136 67 25514.533875
137 67 211844.315845
138 67 -139063.187631
139 67 138263.134502
140 67 18620.376398
141 67 -462776.719098
142 67 446930.852417
143 67 -38245.938264
144 67 -15428.423112
145 67 164970.471879
64 68 1936355.893185
65 68 242747.339343
66 68 2378.813839
67 68 -916606.125323
68 68 13380754.582339
69 68 -18122.328162
70 68 -79492.034843
71 68 3080.839055
72 68 1935971.446912
73 68 23891.717179
74 68 914131.532476
138 68 -988400.297083
139 68 -143691.477267
140 68 24684.525236
141 68 511033.178583
142 68 -6607892.733032
143 68 9954.369553
144 68 36618.211837
145 68 183514.565377
146 68 -989482.889915
147 68 15606.967831
148 68 -430415.010359
64 69 -253419.781291
65 69 927368.956177
66 69 -163881.463876
67 69 78568.399989
68 69 -18122.328162
69 69 3571210.625034
70 69 -779457.050749
71 69 -287359.171053
72 69 245569.795969
73 69 -206919.102192
74 69 78570.820682
138 69 170248.538462
139 69 -822441.145018
140 69 386921.063761
141 69 -43804.048515
142 69 9482.055371
143 69 -1201163.749707
144 69 434070.179680
145 69 139408.808938
146 69 -145846.782993
147 69 -243488.747368
148 69 -36994.742437
64 70 30321.074465
65 70 -161069.629045
66 70 2432950.732201
67 70 31642.384533
68 70 -79492.034843
69 70 -779457.050749
70 70 9735727.592114
71 70 -35874.082296
72 70 -11632.803489
73 70 2422079.539406
74 70 -12006.202617
138 70 -41771.690944
139 70 385450.854459
140 70 -1247283.273858
141 70 -17641.501512
142 70 49192.161180
143 70 434041.381608
144 70 -4633938.255130
145 70 12992.841080
146 70 -25971.843332
147 70 -1406755.065497
148 70 5653.070308
64 71 916642.336691
65 71 79071.055352
66 71 -31645.106638
67 71 -355883.534111
68 71 3080.839055
69 71 -287359.171053
70 71 -35874.082296
71 71 1062924.986737
72 71 -914081.230727
73 71 12004.874717
74 71 -351772.098933
138 71 -516498.752350
139 71 -44608.362743
140 71 17831.170106
141 71 219799.822327
142 71 -188392.561287
143 71 137570.586272
144 71 21633.772057
145 71 -458512.342602
146 71 435788.136696
147 71 -5723.238326
148 71 156576.201990
68 72 1935971.446912
69 72 245569.795969
70 72 -11632.803489
71 72 -914081.230727
72 72 6691381.873372
73 72 -61873.401688
74 72 1670671.093199
142 72 -988077.202559
143 72 -153200.262119
144 72 31073.926833
145 72 519532.815198
146 72 -3304529.142917
147 72 30945.562848
148 72 -695029.108020
68 73 23891.717179
69 73 -206919.102192
70 73 2422079.539406
71 73 12004.874717
72 73 -61873.401688
73 73 4854917.793355
74 73 -21941.372926
142 73 -37173.539348
143 73 397936.593567
144 73 -1223459.141030
145 73 -6823.164231
146 73 37176.974981
147 73 -2309774.963840
148 73 9128.004258
68 74 914131.532476
69 74 78570.820682
70 74 -12006.202617
71 74 -351772.098933
72 74 1670671.093199
73 74 -21941.372926
74 74 531453.313735
142 74 -524993.514163
143 74 -45198.456048
144 74 6895.347907
145 74 226612.669798
146 74 -916642.088499
147 74 12038.329386
148 74 -227602.034480
1 75 -3236821.978698
2 75 -250475.251380
3 75 862418.361558
4 75 -1021988.242691
5 75 87542.183995
6 75 95109.432113
7 75 -388744.143801
75 75 6521596.445279
76 75 466552.079707
77 75 -1507779.597466
78 75 1950212.791955
79 75 -331331.060512
80 75 -143060.486943
81 75 822925.420851
149 75 -3214086.407250
150 75 -255510.893582
151 75 602712.234528
152 75 -992983.497079
153 75 282902.259024
154 75 87385.120086
155 75 -478697.748177
1 76 -256680.935448
2 76 -2373819.169218
3 76 255166.764012
4 76 132234.982198
5 76 199058.609420
6 76 -1388741.627883
7 76 -115019.101661
75 76 466552.079707
76 76 4938703.689789
77 76 -446112.070288
78 76 -99655.712939
79 76 255006.175379
80 76 2350907.144054
81 76 243481.848279
149 76 -249319.245545
150 76 -2355373.067351
151 76 178326.595734
152 76 17651.633721
153 76 -396548.267074
154 76 -1171676.969392
155 76 -141633.992024
1 77 612514.744976
2 77 181229.958535
3 77 -206025.289260
4 77 383864.396413
5 77 -34113.041271
6 77 113577.573322
7 77 135323.320101
75 77 -1507779.597466
76 77 -446112.070288
77 77 479893.441228
78 77 -823010.203358
79 77 73318.127879
80 77 -243516.462110
81 77 -311023.215546
149 77 850732.544847
150 77 251704.934244
151 77 -201572.495895
152 77 483678.497376
153 77 -43195.679841
154 77 143116.066297
155 77 210789.888639
1 78 -1002182.455869
2 78 17598.030847
3 78 490517.962967
4 78 -6459532.136968
5 78 171744.758096
6 78 -525048.643794
7 78 265362.644107
8 78 -1016180.211605
9 78 95051.046244
10 78 87401.749752
11 78 -387755.921859
75 78 1950212.791955
76 78 -99655.712939
77 78 -823010.203358
78 78 13018802.136798
79 78 -306237.164091
80 78 974507.961672
81 78 -18707.225457
82 78 1942751.893169
83 78 -328130.922571
84 78 -130658.631086
85 78 834292.630293
149 78 -1012863.197270
150 78 132418.667958
151 78 377828.677327
152 78 -6414008.773568
153 78 171091.594455
154 78 -534893.292452
155 78 -242691.871372
156 78 -988989.390621
157 78 271063.290228
158 78 78329.870043
159 78 -491617.134767
1 79 284285.469110
2 79 -397348.636483
3 79 -43697.950024
4 79 171177.236752
5 79 -1265003.990392
6 79 -611905.289288
7 79 133339.956480
8 79 -197366.969155
9 79 -639579.042861
10 79 204756.528698
11 79 -33907.874461
75 79 -331331.060512
76 79 255006.175379
77 79 73318.127879
78 79 -306237.164091
79 79 3669581.658639
80 79 1088594.742845
81 79 -268160.710912
82 79 183718.167675
83 79 951525.313260
84 79 265300.508031
85 79 72955.919373
149 79 86203.515656
150 79 199834.271929
151 79 -33658.988877
152 79 171645.989673
153 79 -1252582.575456
154 79 -606931.428869
155 79 126881.987087
156 79 -60917.590385
157 79 -885608.000401
158 79 -397306.872243
159 79 -42990.167651
1 80 87462.302252
2 80 -1180716.972250
3 80 145136.959974
4 80 -537435.329298
5 80 -611392.340069
6 80 -4718458.769496
7 80 48261.825529
8 80 121680.080312
9 80 186435.672444
10 80 -1403754.189851
11 80 -101538.465977
75 80 -143060.486943
76 80 2350907.144054
77 80 -243516.462110
78 80 974507.961672
79 80 1088594.742845
80 80 9824557.131695
81 80 46469.128648
82 80 -82461.012646
83 80 284000.385267
84 80 2347689.729634
85 80 218469.374884
149 80 95148.579422
150 80 -1379701.625025
151 80 111793.878631
152 80 -522507.811486
153 80 -607445.885740
154 80 -4681739.016570
155 80 -92096.198322
156 80 7846.910385
157 80 -404878.679693
158 80 -1158783.432191
159 80 -128735.750761
1 81 -485481.800462
2 81 -143643.638441
3 81 214808.514003
4 81 -244486.202138
5 81 128722.973922
6 81 -92953.551455
7 81 -414102.336029
8 81 382815.501216
9 81 -33612.789439
10 81 100247.876734
11 81 132151.560040
75 81 822925.420851
76 81 243481.848279
77 81 -311023.215546
78 81 -18707.225457
79 81 -268160.710912
80 81 46469.128648
81 81 968196.513693
82 81 -834382.682083
83 81 73459.640355
84 81 -218504.262163
85 81 -312412.574380
149 81 -382685.301302
150 81 -113224.513608
151 81 132480.433288
152 81 263328.060567
153 81 131352.194541
154 81 48058.681153
155 81 -405151.401678
156 81 496670.246129
157 81 -43846.503429
158 81 130068.430852
159 81 218179.964002
4 82 -998191.392299
5 82 -61865.143319
6 82 7792.454015
7 82 503652.792471
8 82 -6491398.387557
9 82 165308.563306
10 82 -471844.267259
11 82 294757.968738
12 82 -1010067.484225
13 82 101673.555529
14 82 76578.496632
15 82 -388575.673850
78 82 1942751.893169
79 82 183718.167675
80 82 -82461.012646
81 82 -834382.682083
82 82 13077318.466972
83 82 -294803.451021
84 82 876557.839294
85 82 -18914.109836
86 82 1935913.936371
87 82 -320374.586268
88 82 -117088.540252
89 82 845901.297139
152 82 -1007050.229366
153 82 -196353.176736
154 82 121874.802549
155 82 376743.740787
156 82 -6445713.990503
157 82 164722.219345
158 82 -481901.251179
159 82 -271369.665386
160 82 -985854.641231
161 82 256883.979588
162 82 70491.478846
163 82 -502996.642978
4 83 272442.968109
5 83 -889790.983415
6 83 -405781.878814
7 83 -44341.947398
8 83 164662.728604
9 83 -1288557.515028
10 83 -673717.768482
11 83 133173.391429
12 83 -185333.846759
13 83 -634189.068313
14 83 194125.063333
15 83 -33561.471938
78 83 -328130.922571
79 83 951525.313260
80 83 284000.385267
81 83 73459.640355
82 83 -294803.451021
83 83 3711508.916936
84 83 1198637.988614
85 83 -268615.652555
86 83 185960.562808
87 83 960659.370973
88 83 288862.357252
89 83 73060.910801
152 83 93727.060433
153 83 -635325.921358
