8205 8205 125567
1 1 1.128120
2 1 -0.881832
3 1 0.508760
42 1 -0.734893
43 1 -0.473354
63 1 0.491149
64 1 -0.528350
65 1 0.490400
1 2 -0.881832
2 2 2.388560
3 2 -0.914813
42 2 -0.022160
43 2 0.042251
63 2 -0.548880
64 2 0.460268
65 2 -0.523392
1 3 0.508760
2 3 -0.914813
3 3 2.256100
4 3 -0.870415
5 3 0.498718
42 3 -0.487966
43 3 -1.432860
44 3 -0.448963
63 3 0.521758
64 3 -0.538733
65 3 0.956769
66 3 -0.518370
67 3 0.470022
3 4 -0.870415
4 4 2.356910
5 4 -0.921837
43 4 -0.041969
44 4 0.060353
65 4 -0.547924
66 4 0.478754
67 4 -0.513872
3 5 0.498718
4 5 -0.921837
5 5 2.202080
6 5 -0.859023
7 5 0.488834
43 5 -0.472762
44 5 -1.359550
45 5 -0.425978
65 5 0.517409
66 5 -0.538514
67 5 0.928454
68 5 -0.508594
69 5 0.450758
5 6 -0.859023
6 6 2.324830
7 6 -0.927046
44 6 -0.059916
45 6 0.076703
67 6 -0.546268
68 6 0.495245
69 6 -0.504521
5 7 0.488834
6 7 -0.927046
7 7 2.149350
8 7 -0.847514
9 7 0.479040
44 7 -0.458028
45 7 -1.290020
46 7 -0.404268
67 7 0.512595
68 7 -0.537557
69 7 0.901073
70 7 -0.498932
71 7 0.432477
7 8 -0.847514
8 8 2.292040
9 8 -0.930435
45 8 -0.076139
46 8 0.091425
69 8 -0.543893
70 8 0.509765
71 8 -0.495253
7 9 0.479040
8 9 -0.930435
9 9 2.097590
10 9 -0.835763
11 9 0.469277
45 9 -0.443703
46 9 -1.223980
47 9 -0.383719
69 9 0.507298
70 9 -0.535846
71 9 0.874483
72 9 -0.489311
73 9 0.415065
9 10 -0.835763
10 10 2.258330
11 10 -0.931997
46 10 -0.090757
47 10 0.104628
71 10 -0.540779
72 10 0.522338
73 10 -0.485997
9 11 0.469277
10 11 -0.931997
11 11 2.046550
12 11 -0.823664
13 11 0.459492
46 11 -0.429734
47 11 -1.161150
48 11 -0.364229
71 11 0.501507
72 11 -0.533365
73 11 0.848555
74 11 -0.479662
75 11 0.398422
11 12 -0.823664
12 12 2.223480
13 12 -0.931732
47 12 -0.103877
48 12 0.116410
73 12 -0.536912
74 12 0.532987
75 12 -0.476687
11 13 0.459492
12 13 -0.931732
13 13 1.995980
14 13 -0.811125
15 13 0.449638
47 13 -0.416074
48 13 -1.101280
49 13 -0.345705
73 13 0.495211
74 13 -0.530101
75 13 0.823176
76 13 -0.469930
77 13 0.382457
13 14 -0.811125
14 14 2.187310
15 14 -0.929640
48 14 -0.115593
49 14 0.126856
75 14 -0.532280
76 14 0.541738
77 14 -0.467268
13 15 0.449638
14 15 -0.929640
15 15 1.945660
16 15 -0.798061
17 15 0.439676
48 15 -0.402679
49 15 -1.044160
50 15 -0.328067
75 15 0.488400
76 15 -0.526044
77 15 0.798242
78 15 -0.460061
79 15 0.367090
15 16 -0.798061
16 16 2.149680
17 16 -0.925724
49 16 -0.125990
50 16 0.136046
77 16 -0.526872
78 16 0.548613
79 16 -0.457691
15 17 0.439676
16 17 -0.925724
17 17 1.895420
18 17 -0.784405
19 17 0.429569
49 17 -0.389510
50 17 -0.989569
51 17 -0.311241
77 17 0.481065
78 17 -0.521187
79 17 0.773665
80 17 -0.450012
81 17 0.352251
17 18 -0.784405
18 18 2.110440
19 18 -0.919985
50 18 -0.135143
51 18 0.144046
79 18 -0.520680
80 18 0.553638
81 18 -0.447914
17 19 0.429569
18 19 -0.919985
19 19 1.845080
20 19 -0.770092
21 19 0.419285
50 19 -0.376531
51 19 -0.937339
52 19 -0.295160
79 19 0.473198
80 19 -0.515522
81 19 0.749362
82 19 -0.439744
83 19 0.337876
19 20 -0.770092
20 20 2.069480
21 20 -0.912429
51 20 -0.143119
52 20 0.150919
81 20 -0.513697
82 20 0.556837
83 20 -0.437898
19 21 0.419285
20 21 -0.912429
21 21 1.794500
22 21 -0.755070
23 21 0.408795
51 21 -0.363711
52 21 -0.887297
53 21 -0.279764
81 21 0.464793
82 21 -0.509044
83 21 0.725260
84 21 -0.429222
85 21 0.323908
21 22 -0.755070
22 22 2.026690
23 22 -0.903062
52 22 -0.149978
53 22 0.156719
83 22 -0.505918
84 22 0.558232
85 22 -0.427610
21 23 0.408795
22 23 -0.903062
23 23 1.743530
24 23 -0.739292
25 23 0.398074
52 23 -0.351020
53 23 -0.839295
54 23 -0.265000
83 23 0.455844
84 23 -0.501750
85 23 0.701294
86 23 -0.418416
87 23 0.310298
23 24 -0.739292
24 24 1.981970
25 24 -0.891888
53 24 -0.155774
54 24 0.161496
85 24 -0.497337
86 24 0.557847
87 24 -0.417021
23 25 0.398074
24 25 -0.891888
25 25 1.692060
26 25 -0.722716
27 25 0.387099
53 25 -0.338430
54 25 -0.793191
55 25 -0.250817
85 25 0.446344
86 25 -0.493634
87 25 0.677404
88 25 -0.407300
89 25 0.296998
25 26 -0.722716
26 26 1.935250
27 26 -0.878914
54 26 -0.160555
55 26 0.165292
87 26 -0.487951
88 26 0.555705
89 26 -0.406106
25 27 0.387099
26 27 -0.878914
27 27 1.639970
28 27 -0.705307
29 27 0.375850
54 27 -0.325917
55 27 -0.748859
56 27 -0.237172
87 27 0.436289
88 27 -0.484696
89 27 0.653536
90 27 -0.395848
91 27 0.283969
27 28 -0.705307
28 28 1.886440
29 28 -0.864146
55 28 -0.164363
56 28 0.168147
89 28 -0.477756
90 28 0.551827
91 28 -0.394842
27 29 0.375850
28 29 -0.864146
29 29 1.587170
30 29 -0.687035
31 29 0.364308
55 29 -0.313457
56 29 -0.706182
57 29 -0.224024
89 29 0.425672
90 29 -0.474933
91 29 0.629642
92 29 -0.384042
93 29 0.271175
29 30 -0.687035
30 30 1.835490
31 30 -0.847590
56 30 -0.167236
57 30 0.170094
91 30 -0.466750
92 30 0.546235
93 30 -0.383209
29 31 0.364308
30 31 -0.847590
31 31 1.493040
32 31 -0.503133
33 31 0.317054
56 31 -0.301029
57 31 -0.771988
58 31 -0.245467
91 31 0.414490
92 31 -0.464343
93 31 0.605639
94 31 -0.301247
95 31 0.240268
31 32 -0.503133
32 32 1.522660
33 32 -0.665407
57 32 -0.169124
58 32 0.171433
93 32 -0.384493
94 32 0.327916
95 32 -0.299849
31 33 0.317054
32 33 -0.665407
33 33 1.387040
34 33 -0.296025
35 33 0.276916
57 33 -0.322753
58 33 -1.009730
59 33 -0.297805
93 33 0.384470
94 33 -0.381466
95 33 0.599780
96 33 -0.215320
97 33 0.223238
33 34 -0.296025
34 34 1.212180
35 34 -0.459920
58 34 -0.170232
59 34 0.171179
95 34 -0.298427
96 34 0.053283
97 34 -0.212040
33 35 0.276916
34 35 -0.459920
35 35 1.304130
36 35 -0.219716
37 35 0.252389
58 35 -0.374626
59 35 -1.173370
60 35 -0.298248
95 35 0.367155
96 35 -0.293493
97 35 0.592491
98 35 -0.179830
99 35 0.206116
35 36 -0.219716
36 36 1.068560
37 36 -0.381523
59 36 -0.169752
60 36 0.167674
97 36 -0.261133
98 36 -0.028678
99 36 -0.175436
35 37 0.252389
36 37 -0.381523
37 37 1.238250
38 37 -0.123232
39 37 0.228695
59 37 -0.373173
60 37 -1.251600
61 37 -0.315815
97 37 0.347439
98 37 -0.255741
99 37 0.578479
100 37 -0.140038
101 37 0.195867
37 38 -0.123232
38 38 0.910331
39 38 -0.280259
60 38 -0.166215
61 38 0.159024
99 38 -0.217223
100 38 -0.149784
101 38 -0.132642
37 39 0.228695
38 39 -0.280259
39 39 1.108810
40 39 -0.106854
41 39 0.193043
60 39 -0.386646
61 39 -1.184370
62 39 -0.258990
99 39 0.330906
100 39 -0.209914
101 39 0.525299
102 39 -0.119248
103 39 0.159525
39 40 -0.106854
40 40 0.782484
41 40 -0.250672
61 40 -0.157605
62 40 0.145425
101 40 -0.189483
102 40 -0.111343
103 40 -0.111952
39 41 0.193043
40 41 -0.250672
41 41 0.629799
61 41 -0.322986
62 41 -0.582134
101 41 0.283706
102 41 -0.183760
103 41 0.233005
1 42 -0.734893
2 42 -0.022160
3 42 -0.487966
42 42 2.207590
43 42 0.243917
63 42 -0.772757
64 42 0.029716
65 42 -0.463445
1 43 -0.473354
2 43 0.042251
3 43 -1.432860
4 43 -0.041969
5 43 -0.472762
42 43 0.243917
43 43 4.306660
44 43 0.208221
63 43 -0.484739
64 43 -0.048893
65 43 -1.455140
66 43 0.048219
67 43 -0.439556
3 44 -0.448963
4 44 0.060353
5 44 -1.359550
6 44 -0.059916
7 44 -0.458028
43 44 0.208221
44 44 4.150950
45 44 0.174972
65 44 -0.469982
66 44 -0.065737
67 44 -1.380200
68 44 0.064866
69 44 -0.416991
5 45 -0.425978
6 45 0.076703
7 45 -1.290020
8 45 -0.076139
9 45 -0.443703
44 45 0.174972
45 45 4.001640
46 45 0.144045
67 45 -0.455679
68 45 -0.080828
69 45 -1.309170
70 45 0.079794
71 45 -0.395629
7 46 -0.404268
8 46 0.091425
9 46 -1.223980
10 46 -0.090757
11 46 -0.429734
45 46 0.144045
46 46 3.858000
47 46 0.115325
69 46 -0.441772
70 46 -0.094296
71 46 -1.241750
72 46 0.093126
73 46 -0.375366
9 47 -0.383719
10 47 0.104628
11 47 -1.161150
12 47 -0.103877
13 47 -0.416074
46 47 0.115325
47 47 3.719380
48 47 0.088713
71 47 -0.428208
72 47 -0.106251
73 47 -1.177630
74 47 0.104971
75 47 -0.356104
11 48 -0.364229
12 48 0.116410
13 48 -1.101280
14 48 -0.115593
15 48 -0.402679
47 48 0.088713
48 48 3.585190
49 48 0.064113
73 48 -0.414941
74 48 -0.116794
75 48 -1.116570
76 48 0.115425
77 48 -0.337760
13 49 -0.345705
14 49 0.126856
15 49 -1.044160
16 49 -0.125990
17 49 -0.389510
48 49 0.064113
49 49 3.454900
50 49 0.041440
75 49 -0.401930
76 49 -0.126011
77 49 -1.058330
78 49 0.124573
79 49 -0.320257
15 50 -0.328067
16 50 0.136046
17 50 -0.989569
18 50 -0.135143
19 50 -0.376531
49 50 0.041440
50 50 3.328060
51 50 0.020616
77 50 -0.389136
78 50 -0.133983
79 50 -1.002690
80 50 0.132491
81 50 -0.303525
17 51 -0.311241
18 51 0.144046
19 51 -0.937339
20 51 -0.143119
21 51 -0.363711
50 51 0.020616
51 51 3.204220
52 51 0.001567
79 51 -0.376525
80 51 -0.140777
81 51 -0.949482
82 51 0.139247
83 51 -0.287504
19 52 -0.295160
20 52 0.150919
21 52 -0.887297
22 52 -0.149978
23 52 -0.351020
51 52 0.001567
52 52 3.083020
53 52 -0.015774
81 52 -0.364065
82 52 -0.146457
83 52 -0.898516
84 52 0.144902
85 52 -0.272137
21 53 -0.279764
22 53 0.156719
23 53 -0.839295
24 53 -0.155774
25 53 -0.338430
52 53 -0.015774
53 53 2.964100
54 53 -0.031469
83 53 -0.351728
84 53 -0.151078
85 53 -0.849638
86 53 0.149508
87 53 -0.257375
23 54 -0.265000
24 54 0.161496
25 54 -0.793191
26 54 -0.160555
27 54 -0.325917
53 54 -0.031469
54 54 2.847150
55 54 -0.045575
85 54 -0.339488
86 54 -0.154688
87 54 -0.802703
88 54 0.153114
89 54 -0.243169
25 55 -0.250817
26 55 0.165292
27 55 -0.748859
28 55 -0.164363
29 55 -0.313457
54 55 -0.045575
55 55 2.731880
56 55 -0.058148
87 55 -0.327321
88 55 -0.157332
89 55 -0.757578
90 55 0.155763
91 55 -0.229480
27 56 -0.237172
28 56 0.168147
29 56 -0.706182
30 56 -0.167236
31 56 -0.301029
55 56 -0.058148
56 56 2.618030
57 56 -0.069238
89 56 -0.315204
90 56 -0.159048
91 56 -0.714142
92 56 0.157491
93 56 -0.216269
29 57 -0.224024
30 57 0.170094
31 57 -0.771988
32 57 -0.169124
33 57 -0.322753
56 57 -0.069238
57 57 2.602220
58 57 0.106695
91 57 -0.303115
92 57 -0.159872
93 57 -0.778946
94 57 0.158167
95 57 -0.238112
31 58 -0.245467
32 58 0.171433
33 58 -1.009730
34 58 -0.170232
35 58 -0.374626
57 58 0.106695
58 58 2.798380
59 58 0.357435
93 58 -0.325711
94 58 -0.159906
95 58 -1.014860
96 58 0.157715
97 58 -0.291130
33 59 -0.297805
34 59 0.171179
35 59 -1.173370
36 59 -0.169752
37 59 -0.373173
58 59 0.357435
59 59 2.920900
60 59 0.413764
95 59 -0.378921
96 59 -0.157908
97 59 -1.175530
98 59 0.155234
99 59 -0.292054
35 60 -0.298248
36 60 0.167674
37 60 -1.251600
38 60 -0.166215
39 60 -0.386646
59 60 0.413764
60 60 2.946970
61 60 0.516235
97 60 -0.378806
98 60 -0.152352
99 60 -1.249500
100 60 0.149379
101 60 -0.310657
37 61 -0.315815
38 61 0.159024
39 61 -1.184370
40 61 -0.157605
41 61 -0.322986
60 61 0.516235
61 61 2.714400
62 61 0.419667
99 61 -0.394393
100 61 -0.141259
101 61 -1.176760
102 61 0.138140
103 61 -0.254281
39 62 -0.258990
40 62 0.145425
41 62 -0.582134
61 62 0.419667
62 62 1.175840
101 62 -0.332437
102 62 -0.125103
103 62 -0.442268
1 63 0.491149
2 63 -0.548880
3 63 0.521758
42 63 -0.772757
43 63 -0.484739
63 63 2.293260
64 63 -1.740700
65 63 1.004720
104 63 -0.748614
105 63 -0.477188
125 63 0.493903
126 63 -0.512882
127 63 0.480970
1 64 -0.528350
2 64 0.460268
3 64 -0.538733
42 64 0.029716
43 64 -0.048893
63 64 -1.740700
64 64 4.730580
65 64 -1.755180
104 64 -0.041713
105 64 0.061768
125 64 -0.543984
126 64 0.423302
127 64 -0.508075
1 65 0.490400
2 65 -0.523392
3 65 0.956769
4 65 -0.547924
5 65 0.517409
42 65 -0.463445
43 65 -1.455140
44 65 -0.469982
63 65 1.004720
64 65 -1.755180
65 65 4.515670
66 65 -1.738400
67 65 0.984932
104 65 -0.501723
105 65 -1.477970
106 65 -0.452372
125 65 0.529786
126 65 -0.532795
127 65 0.961263
128 65 -0.503415
129 65 0.460785
3 66 -0.518370
4 66 0.478754
5 66 -0.538514
43 66 0.048219
44 66 -0.065737
65 66 -1.738400
66 66 4.665720
67 66 -1.751490
105 66 -0.060066
106 66 0.078336
127 66 -0.542807
128 66 0.443158
129 66 -0.498803
3 67 0.470022
4 67 -0.513872
5 67 0.928454
6 67 -0.546268
7 67 0.512595
43 67 -0.439556
44 67 -1.380200
45 67 -0.455679
65 67 0.984932
66 67 -1.751490
67 67 4.403560
68 67 -1.733990
69 67 0.965360
105 67 -0.485285
106 67 -1.401370
107 67 -0.428978
127 67 0.524465
128 67 -0.532222
129 67 0.931894
130 67 -0.494060
131 67 0.441681
5 68 -0.508594
6 68 0.495245
7 68 -0.537557
44 68 0.064866
45 68 -0.080828
67 68 -1.733990
68 68 4.599640
69 68 -1.745690
106 68 -0.076612
107 68 0.093213
129 68 -0.540868
130 68 0.460812
131 68 -0.489637
5 69 0.450758
6 69 -0.504521
7 69 0.901073
8 69 -0.543893
9 69 0.507298
44 69 -0.416991
45 69 -1.309170
46 69 -0.441772
67 69 0.965360
68 69 -1.745690
69 69 4.293950
70 69 -1.727340
71 69 0.945878
106 69 -0.469369
107 69 -1.328760
108 69 -0.406878
129 69 0.518680
130 69 -0.530863
131 69 0.903467
132 69 -0.484739
133 69 0.423532
7 70 -0.498932
8 70 0.509765
9 70 -0.535846
45 70 0.079794
46 70 -0.094296
69 70 -1.727340
70 70 4.531820
71 70 -1.737660
107 70 -0.091481
108 70 0.106522
131 70 -0.538151
132 70 0.476306
133 70 -0.480497
7 71 0.432477
8 71 -0.495253
9 71 0.874483
10 71 -0.540779
11 71 0.501507
45 71 -0.395629
46 71 -1.241750
47 71 -0.428208
69 71 0.945878
70 71 -1.737660
71 71 4.186230
72 71 -1.718370
73 71 0.926376
107 71 -0.453910
108 71 -1.259830
109 71 -0.385951
131 71 0.512418
132 71 -0.528705
133 71 0.875836
134 71 -0.475381
135 71 0.406223
9 72 -0.489311
10 72 0.522338
11 72 -0.533365
46 72 0.093126
47 72 -0.106251
71 72 -1.718370
72 72 4.461850
73 72 -1.727320
108 72 -0.104793
109 72 0.118367
133 72 -0.534643
134 72 0.489682
135 72 -0.471315
9 73 0.415065
10 73 -0.485997
11 73 0.848555
12 73 -0.536912
13 73 0.495211
46 73 -0.375366
47 73 -1.177630
48 73 -0.414941
71 73 0.926376
72 73 -1.727320
73 73 4.079870
74 73 -1.706980
75 73 0.906757
108 73 -0.438851
109 73 -1.194270
110 73 -0.366094
133 73 0.505665
134 73 -0.525737
135 73 0.848869
136 73 -0.465925
137 73 0.389656
11 74 -0.479662
12 74 0.532987
13 74 -0.530101
47 74 0.104971
48 74 -0.116794
73 74 -1.706980
74 74 4.389330
75 74 -1.714560
109 74 -0.116650
110 74 0.128841
135 74 -0.530334
136 74 0.500980
137 74 -0.462030
11 75 0.398422
12 75 -0.476687
13 75 0.823176
14 75 -0.532280
15 75 0.488400
47 75 -0.356104
48 75 -1.116570
49 75 -0.401930
73 75 0.906757
74 75 -1.714560
75 75 3.974390
76 75 -1.693100
77 75 0.886938
109 75 -0.424140
110 75 -1.131830
111 75 -0.347214
135 75 0.498408
136 75 -0.521949
137 75 0.822453
138 75 -0.456321
139 75 0.373742
13 76 -0.469930
14 76 0.541738
15 76 -0.526044
48 76 0.115425
49 76 -0.126011
75 76 -1.693100
76 76 4.313950
77 76 -1.699340
110 76 -0.127145
111 76 0.138028
137 76 -0.525215
138 76 0.510237
139 76 -0.452592
13 77 0.382457
14 77 -0.467268
15 77 0.798242
16 77 -0.526872
17 77 0.481065
48 77 -0.337760
49 77 -1.058330
50 77 -0.389136
75 77 0.886938
76 77 -1.699340
77 77 3.869390
78 77 -1.676680
79 77 0.866842
110 77 -0.409729
111 77 -1.072260
112 77 -0.329227
137 77 0.490639
138 77 -0.517334
139 77 0.796483
140 77 -0.446521
141 77 0.358402
15 78 -0.460061
16 78 0.548613
17 78 -0.521187
49 78 0.124573
50 78 -0.133983
77 78 -1.676680
78 78 4.235410
79 78 -1.681580
111 78 -0.136361
112 78 0.146002
139 78 -0.519280
140 78 0.517490
141 78 -0.442953
15 79 0.367090
16 79 -0.457691
17 79 0.773665
18 79 -0.520680
19 79 0.473198
49 79 -0.320257
50 79 -1.002690
51 79 -0.376525
77 79 0.866842
78 79 -1.681580
79 79 3.764490
80 79 -1.657670
81 79 0.846404
111 79 -0.395578
112 79 -1.015360
113 79 -0.312058
139 79 0.482349
140 79 -0.511889
141 79 0.770869
142 79 -0.436486
143 79 0.343567
17 80 -0.450012
18 80 0.553638
19 80 -0.515522
50 80 0.132491
51 80 -0.140777
79 80 -1.657670
80 80 4.153470
81 80 -1.661250
112 80 -0.144371
113 80 0.152830
141 80 -0.512523
142 80 0.522776
143 80 -0.433075
17 81 0.352251
18 81 -0.447914
19 81 0.749362
20 81 -0.513697
21 81 0.464793
50 81 -0.303525
51 81 -0.949482
52 81 -0.364065
79 81 0.846404
80 81 -1.661250
81 81 3.659350
82 81 -1.636040
83 81 0.825566
112 81 -0.381647
113 81 -0.960913
114 81 -0.295640
141 81 0.473529
142 81 -0.505610
143 81 0.745529
144 81 -0.426182
145 81 0.329175
19 82 -0.439744
20 82 0.556837
21 82 -0.509044
51 82 0.139247
52 82 -0.146457
81 82 -1.636040
82 82 4.067910
83 82 -1.638300
113 82 -0.151240
114 82 0.158568
143 82 -0.504942
144 82 0.526130
145 82 -0.422924
19 83 0.337876
20 83 -0.437898
21 83 0.725260
22 83 -0.505918
23 83 0.455844
51 83 -0.287504
52 83 -0.898516
53 83 -0.351728
81 83 0.825566
82 83 -1.638300
83 83 3.553700
84 83 -1.611750
85 83 0.804277
113 83 -0.367902
114 83 -0.908754
115 83 -0.279913
143 83 0.464174
144 83 -0.498493
145 83 0.720390
146 83 -0.415578
147 83 0.315171
21 84 -0.429222
22 84 0.558232
23 84 -0.501750
52 84 0.144902
53 84 -0.151078
83 84 -1.611750
84 84 3.978550
85 84 -1.612710
114 84 -0.157024
115 84 0.163271
145 84 -0.496533
146 84 0.527585
147 84 -0.412471
21 85 0.323908
22 85 -0.427610
23 85 0.701294
24 85 -0.497337
25 85 0.446344
52 85 -0.272137
53 85 -0.849638
54 85 -0.339488
83 85 0.804277
84 85 -1.612710
85 85 3.447250
86 85 -1.584770
87 85 0.782489
114 85 -0.354311
115 85 -0.858722
116 85 -0.264821
145 85 0.454276
146 85 -0.490538
147 85 0.695385
148 85 -0.404649
149 85 0.301507
23 86 -0.418416
24 86 0.557847
25 86 -0.493634
53 86 0.149508
54 86 -0.154688
85 86 -1.584770
86 86 3.885210
87 86 -1.584450
115 86 -0.161778
116 86 0.166983
147 86 -0.487295
148 86 0.527174
149 86 -0.401688
23 87 0.310298
24 87 -0.417021
25 87 0.677404
26 87 -0.487951
27 87 0.436289
53 87 -0.257375
54 87 -0.802703
55 87 -0.327321
85 87 0.782489
86 87 -1.584450
87 87 3.339780
88 87 -1.555090
89 87 0.760162
115 87 -0.340844
116 87 -0.810663
117 87 -0.250314
147 87 0.443831
148 87 -0.481743
149 87 0.670456
150 87 -0.393370
151 87 0.288137
25 88 -0.407300
26 88 0.555705
27 88 -0.484696
54 88 0.153114
55 88 -0.157332
87 88 -1.555090
88 88 3.787750
89 88 -1.553500
116 88 -0.165545
117 88 0.169749
149 88 -0.477227
150 88 0.524930
151 88 -0.390553
25 89 0.296998
26 89 -0.406106
27 89 0.653536
28 89 -0.477756
29 89 0.425672
54 89 -0.243169
55 89 -0.757578
56 89 -0.315204
87 89 0.760162
88 89 -1.553500
89 89 3.231070
90 89 -1.522700
91 89 0.737261
116 89 -0.327476
117 89 -0.764446
118 89 -0.236347
149 89 0.432833
150 89 -0.472110
151 89 0.645547
152 89 -0.381723
153 89 0.275022
27 90 -0.395848
28 90 0.551827
29 90 -0.474933
55 90 0.155763
56 90 -0.159048
89 90 -1.522700
90 90 3.686040
91 90 -1.519840
117 90 -0.168368
118 90 0.171602
151 90 -0.466329
152 90 0.520882
153 90 -0.379048
27 91 0.283969
28 91 -0.394842
29 91 0.629642
30 91 -0.466750
31 91 0.414490
55 91 -0.229480
56 91 -0.714142
57 91 -0.303115
89 91 0.737261
90 91 -1.519840
91 91 3.120940
92 91 -1.487570
93 91 0.713752
117 91 -0.314180
118 91 -0.719942
119 91 -0.222880
151 91 0.421276
152 91 -0.461638
153 91 0.620611
154 91 -0.369690
155 91 0.262129
29 92 -0.384042
30 92 0.546235
31 92 -0.464343
56 92 0.157491
57 92 -0.159872
91 92 -1.487570
92 92 3.579970
93 92 -1.483470
118 92 -0.170282
119 92 0.172577
153 92 -0.454599
154 92 0.515060
155 92 -0.367155
29 93 0.271175
30 93 -0.383209
31 93 0.605639
32 93 -0.384493
33 93 0.384470
56 93 -0.216269
57 93 -0.778946
58 93 -0.325711
91 93 0.713752
92 93 -1.483470
93 93 2.935450
94 93 -1.129640
95 93 0.621967
118 93 -0.300934
119 93 -0.784226
120 93 -0.244789
153 93 0.409157
154 93 -0.450328
155 93 0.597050
156 93 -0.289654
157 93 0.233011
31 94 -0.301247
32 94 0.327916
33 94 -0.381466
57 94 0.158167
58 94 -0.159906
93 94 -1.129640
94 94 2.969700
95 94 -1.126000
119 94 -0.171193
120 94 0.172780
155 94 -0.374570
156 94 0.301968
157 94 -0.286504
31 95 0.240268
32 95 -0.299849
33 95 0.599780
34 95 -0.298427
35 95 0.367155
57 95 -0.238112
58 95 -1.014860
59 95 -0.378921
93 95 0.621967
94 95 -1.126000
95 95 2.733700
96 95 -0.726307
97 95 0.545131
119 95 -0.322583
120 95 -1.019940
121 95 -0.297400
155 95 0.380002
156 95 -0.369637
157 95 0.593084
158 95 -0.207068
159 95 0.218019
33 96 -0.215320
34 96 0.053283
35 96 -0.293493
58 96 0.157715
59 96 -0.157908
95 96 -0.726307
96 96 2.366710
97 96 -0.725522
120 96 -0.171095
121 96 0.171002
157 96 -0.291149
158 96 0.034019
159 96 -0.201933
33 97 0.223238
34 97 -0.212040
35 97 0.592491
36 97 -0.261133
37 97 0.347439
58 97 -0.291130
59 97 -1.175530
60 97 -0.378806
95 97 0.545131
96 97 -0.725522
97 97 2.570250
98 97 -0.575552
99 97 0.497017
120 97 -0.374036
121 97 -1.178830
122 97 -0.296822
157 97 0.363521
158 97 -0.284227
159 97 0.585873
160 97 -0.172478
161 97 0.201144
35 98 -0.179830
36 98 -0.028678
37 98 -0.255741
59 98 0.155234
60 98 -0.152352
97 98 -0.575552
98 98 2.080080
99 98 -0.575058
121 98 -0.169069
122 98 0.165763
159 98 -0.253874
160 98 -0.044759
161 98 -0.166167
35 99 0.206116
36 99 -0.175436
37 99 0.578479
38 99 -0.217223
39 99 0.330906
59 99 -0.292054
60 99 -1.249500
61 99 -0.394393
97 99 0.497017
98 99 -0.575058
99 99 2.432530
100 99 -0.383382
101 99 0.451340
121 99 -0.370731
122 99 -1.248970
123 99 -0.312462
159 99 0.342580
160 99 -0.246517
161 99 0.569855
162 99 -0.134072
163 99 0.190984
37 100 -0.140038
38 100 -0.149784
39 100 -0.209914
60 100 0.149379
61 100 -0.141259
99 100 -0.383382
100 100 1.765370
101 100 -0.386285
122 100 -0.163822
123 100 0.155046
161 100 -0.210308
162 100 -0.160356
163 100 -0.124643
37 101 0.195867
38 101 -0.132642
39 101 0.525299
40 101 -0.189483
41 101 0.283706
60 101 -0.310657
61 101 -1.176760
62 101 -0.332437
99 101 0.451340
100 101 -0.386285
101 101 2.161240
102 101 -0.340893
103 101 0.379725
122 101 -0.381330
123 101 -1.170690
124 101 -0.253360
161 101 0.324413
162 101 -0.201040
163 101 0.513127
164 101 -0.112888
165 101 0.153746
39 102 -0.119248
40 102 -0.111343
41 102 -0.183760
61 102 0.138140
62 102 -0.125103
101 102 -0.340893
102 102 1.500540
103 102 -0.340190
123 102 -0.153227
124 102 0.139402
163 102 -0.181033
164 102 -0.119642
165 102 -0.103640
39 103 0.159525
40 103 -0.111952
41 103 0.233005
61 103 -0.254281
62 103 -0.442268
101 103 0.379725
102 103 -0.340190
103 103 0.933239
123 103 -0.314390
124 103 -0.567989
163 103 0.274434
164 103 -0.173568
165 103 0.224709
63 104 -0.748614
64 104 -0.041713
65 104 -0.501723
104 104 2.237080
105 104 0.279886
125 104 -0.807208
126 104 0.049884
127 104 -0.467587
63 105 -0.477188
64 105 0.061768
65 105 -1.477970
66 105 -0.060066
67 105 -0.485285
104 105 0.279886
105 105 4.361100
106 105 0.242281
125 105 -0.498911
126 105 -0.069461
127 105 -1.500300
128 105 0.067293
129 105 -0.443142
65 106 -0.452372
66 106 0.078336
67 106 -1.401370
68 106 -0.076612
69 106 -0.469369
105 106 0.242281
106 106 4.199080
107 106 0.207309
127 106 -0.483072
128 106 -0.085083
129 106 -1.421930
130 106 0.082857
131 106 -0.420058
67 107 -0.428978
68 107 0.093213
69 107 -1.328760
70 107 -0.091481
71 107 -0.453910
106 107 0.207309
107 107 4.043680
108 107 0.174829
129 107 -0.467731
130 107 -0.098984
131 107 -1.347690
132 107 0.096717
133 107 -0.398212
69 108 -0.406878
70 108 0.106522
71 108 -1.259830
72 108 -0.104793
73 108 -0.438851
107 108 0.174829
108 108 3.894130
109 108 0.144710
131 108 -0.452826
132 108 -0.111285
133 108 -1.277240
134 108 0.108996
135 108 -0.377493
71 109 -0.385951
72 109 0.118367
73 109 -1.194270
74 109 -0.116650
75 109 -0.424140
108 109 0.144710
109 109 3.749760
110 109 0.116836
133 109 -0.438299
134 109 -0.122099
135 109 -1.210260
136 109 0.119800
137 109 -0.357801
73 110 -0.366094
74 110 0.128841
75 110 -1.131830
76 110 -0.127145
77 110 -0.409729
109 110 0.116836
110 110 3.609960
111 110 0.091100
135 110 -0.424101
136 110 -0.131524
137 110 -1.146490
138 110 0.129228
139 110 -0.339048
75 111 -0.347214
76 111 0.138028
77 111 -1.072260
78 111 -0.136361
79 111 -0.395578
110 111 0.091100
111 111 3.474190
112 111 0.067406
137 111 -0.410187
138 111 -0.139646
139 111 -1.085680
140 111 0.137363
141 111 -0.321156
77 112 -0.329227
78 112 0.146002
79 112 -1.015360
80 112 -0.144371
81 112 -0.381647
111 112 0.067406
112 112 3.341960
113 112 0.045662
139 112 -0.396515
140 112 -0.146542
141 112 -1.027600
142 112 0.144282
143 112 -0.304053
79 113 -0.312058
80 113 0.152830
81 113 -0.960913
82 113 -0.151240
83 113 -0.367902
112 113 0.045662
113 113 3.212840
114 113 0.025785
141 113 -0.383048
142 113 -0.152280
143 113 -0.972050
144 113 0.150051
145 113 -0.287675
81 114 -0.295640
82 114 0.158568
83 114 -0.908754
84 114 -0.157024
85 114 -0.354311
113 114 0.025785
114 114 3.086430
115 114 0.007701
143 114 -0.369752
144 114 -0.156922
145 114 -0.918849
146 114 0.154730
147 114 -0.271965
83 115 -0.279913
84 115 0.163271
85 115 -0.858722
86 115 -0.161778
87 115 -0.340844
114 115 0.007701
115 115 2.962390
116 115 -0.008663
145 115 -0.356597
146 115 -0.160521
147 115 -0.867826
148 115 0.158374
149 115 -0.256869
85 116 -0.264821
86 116 0.166983
87 116 -0.810663
88 116 -0.165545
89 116 -0.327476
115 116 -0.008663
116 116 2.840380
117 116 -0.023372
147 116 -0.343555
148 116 -0.163125
149 116 -0.818828
150 116 0.161026
151 116 -0.242341
87 117 -0.250314
88 117 0.169749
89 117 -0.764446
90 117 -0.168368
91 117 -0.314180
116 117 -0.023372
117 117 2.720110
118 117 -0.036488
149 117 -0.330599
150 117 -0.164776
151 117 -0.771712
152 117 0.162731
153 117 -0.228338
89 118 -0.236347
90 118 0.171602
91 118 -0.719942
92 118 -0.170282
93 118 -0.300934
117 118 -0.036488
118 118 2.601320
119 118 -0.048069
151 118 -0.317704
152 118 -0.165512
153 118 -0.726349
154 118 0.163524
155 118 -0.214820
91 119 -0.222880
92 119 0.172577
93 119 -0.784226
94 119 -0.171193
95 119 -0.322583
118 119 -0.048069
119 119 2.585550
120 119 0.124487
153 119 -0.304849
154 119 -0.165366
155 119 -0.789576
156 119 0.163228
157 119 -0.237095
93 120 -0.244789
94 120 0.172780
95 120 -1.019940
96 120 -0.171095
97 120 -0.374036
119 120 0.124487
120 120 2.785870
121 120 0.370545
155 120 -0.327363
156 120 -0.164248
157 120 -1.023390
158 120 0.161555
159 120 -0.290383
95 121 -0.297400
96 121 0.171002
97 121 -1.178830
98 121 -0.169069
99 121 -0.370731
120 121 0.370545
121 121 2.904300
122 121 0.423015
157 121 -0.380163
158 121 -0.160666
159 121 -1.179140
160 121 0.157467
161 121 -0.290322
97 122 -0.296822
98 122 0.165763
99 122 -1.248970
100 122 -0.163822
101 122 -0.381330
121 122 0.423015
122 122 2.916810
123 122 0.518907
159 122 -0.378214
160 122 -0.153245
161 122 -1.244790
162 122 0.149780
163 122 -0.307084
99 123 -0.312462
100 123 0.155046
101 123 -1.170690
102 123 -0.153227
103 123 -0.314390
122 123 0.518907
123 123 2.663020
124 123 0.417511
161 123 -0.390941
162 123 -0.139840
163 123 -1.160750
164 123 0.136319
165 123 -0.248502
101 124 -0.253360
102 124 0.139402
103 124 -0.567989
123 124 0.417511
124 124 1.143380
163 124 -0.325634
164 124 -0.121301
165 124 -0.432010
63 125 0.493903
64 125 -0.543984
65 125 0.529786
104 125 -0.807208
105 125 -0.498911
125 125 2.292700
126 125 -1.690660
127 125 0.997599
166 125 -0.762684
167 125 -0.481244
187 125 0.496462
188 125 -0.498486
189 125 0.472723
63 126 -0.512882
64 126 0.423302
65 126 -0.532795
104 126 0.049884
105 126 -0.069461
125 126 -1.690660
126 126 4.663290
127 126 -1.704710
166 126 -0.061470
167 126 0.080520
187 126 -0.538852
188 126 0.388134
189 126 -0.494312
63 127 0.480970
64 127 -0.508075
65 127 0.961263
66 127 -0.542807
67 127 0.524465
104 127 -0.467587
105 127 -1.500300
106 127 -0.483072
125 127 0.997599
126 127 -1.704710
127 127 4.510100
128 127 -1.689470
129 127 0.977301
166 127 -0.515514
167 127 -1.523490
168 127 -0.455925
187 127 0.537771
188 127 -0.528324
189 127 0.966382
190 127 -0.489271
191 127 0.452704
65 128 -0.503415
66 128 0.443158
67 128 -0.532222
105 128 0.067293
106 128 -0.085083
127 128 -1.689470
128 128 4.597700
129 128 -1.701850
167 128 -0.078525
168 128 0.095821
189 128 -0.537219
190 128 0.409225
191 128 -0.485411
65 129 0.460785
66 129 -0.498803
67 129 0.931894
68 129 -0.540868
69 129 0.518680
105 129 -0.443142
106 129 -1.421930
107 129 -0.467731
127 129 0.977301
128 129 -1.701850
129 129 4.394260
130 129 -1.685880
131 129 0.957168
167 129 -0.497876
168 129 -1.443410
169 129 -0.432062
189 129 0.531369
190 129 -0.527406
191 129 0.935868
192 129 -0.480101
193 129 0.433735
67 130 -0.494060
68 130 0.460812
69 130 -0.530863
106 130 0.082857
107 130 -0.098984
129 130 -1.685880
130 130 4.530470
131 130 -1.696610
168 130 -0.093807
169 130 0.109467
191 130 -0.534780
192 130 0.427909
193 130 -0.476532
67 131 0.441681
68 131 -0.489637
69 131 0.903467
70 131 -0.538151
71 131 0.512418
106 131 -0.420058
107 131 -1.347690
108 131 -0.452826
129 131 0.957168
130 131 -1.696610
131 131 4.280850
132 131 -1.679770
133 131 0.937076
168 131 -0.480816
169 131 -1.367550
170 131 -0.409517
191 131 0.524518
192 131 -0.525646
193 131 0.906308
194 131 -0.470901
195 131 0.415690
69 132 -0.484739
70 132 0.476306
71 132 -0.528705
107 132 0.096717
108 132 -0.111285
131 132 -1.679770
132 132 4.461130
133 132 -1.688900
169 132 -0.107448
170 132 0.121576
193 132 -0.531524
194 132 0.444250
195 132 -0.467605
69 133 0.423532
70 133 -0.480497
71 133 0.875836
72 133 -0.534643
73 133 0.505665
107 133 -0.398212
108 133 -1.277240
109 133 -0.438299
131 133 0.937076
132 133 -1.688900
133 133 4.169260
134 133 -1.671080
135 133 0.916918
169 133 -0.464260
170 133 -1.295560
171 133 -0.388168
193 133 0.517199
194 133 -0.523035
195 133 0.877552
196 133 -0.461607
197 133 0.398455
71 134 -0.475381
72 134 0.489682
73 134 -0.525737
108 134 0.108996
109 134 -0.122099
133 134 -1.671080
134 134 4.389260
135 134 -1.678630
170 134 -0.119565
171 134 0.132252
195 134 -0.527441
196 134 0.458305
197 134 -0.458565
71 135 0.406223
72 135 -0.471315
73 135 0.848869
74 135 -0.530334
75 135 0.498408
108 135 -0.377493
109 135 -1.210260
110 135 -0.424101
133 135 0.916918
134 135 -1.678630
135 135 4.058960
136 135 -1.659740
137 135 0.896600
170 135 -0.448148
171 135 -1.227120
172 135 -0.367909
195 135 0.509398
196 135 -0.519567
197 135 0.849468
198 135 -0.452163
199 135 0.381933
73 136 -0.465925
74 136 0.500980
75 136 -0.521949
109 136 0.119800
110 136 -0.131524
135 136 -1.659740
136 136 4.314530
137 136 -1.665740
171 136 -0.130261
172 136 0.141588
197 136 -0.522525
198 136 0.470130
199 136 -0.449359
73 137 0.389656
74 137 -0.462030
75 137 0.822453
76 137 -0.525215
77 137 0.490639
109 137 -0.357801
110 137 -1.146490
111 137 -0.410187
135 137 0.896600
136 137 -1.665740
137 137 3.949460
138 137 -1.645700
139 137 0.876040
171 137 -0.432421
172 137 -1.161950
173 137 -0.348644
197 137 0.501106
198 137 -0.515239
199 137 0.821941
200 137 -0.442521
201 137 0.366037
75 138 -0.456321
76 138 0.510237
77 138 -0.517334
110 138 0.129228
111 138 -0.139646
137 138 -1.645700
138 138 4.236610
139 138 -1.650190
172 138 -0.139626
173 138 0.149666
199 138 -0.516771
200 138 0.479778
201 138 -0.439940
75 139 0.373742
76 139 -0.452592
77 139 0.796483
78 139 -0.519280
79 139 0.482349
110 139 -0.339048
111 139 -1.085680
112 139 -0.396515
137 139 0.876040
138 139 -1.650190
139 139 3.840360
140 139 -1.628910
141 139 0.855167
172 139 -0.417031
173 139 -1.099790
174 139 -0.330286
199 139 0.492309
200 139 -0.510047
201 139 0.794865
202 139 -0.432640
203 139 0.350692
77 140 -0.446521
78 140 0.517490
79 140 -0.511889
111 140 0.137363
112 140 -0.146542
139 140 -1.628910
140 140 4.155260
141 140 -1.631920
173 140 -0.147740
174 140 0.156557
201 140 -0.510175
202 140 0.487300
203 140 -0.430268
77 141 0.358402
78 141 -0.442953
79 141 0.770869
80 141 -0.512523
81 141 0.473529
111 141 -0.321156
112 141 -1.027600
113 141 -0.383048
139 141 0.855167
140 141 -1.631920
141 141 3.731290
142 141 -1.609360
143 141 0.833916
173 141 -0.401931
174 141 -1.040420
175 141 -0.312758
201 141 0.483001
202 141 -0.503990
203 141 0.768149
204 141 -0.422485
205 141 0.335828
79 142 -0.436486
80 142 0.522776
81 142 -0.505610
112 142 0.144282
113 142 -0.152280
141 142 -1.609360
142 142 4.070240
143 142 -1.610920
174 142 -0.154675
175 142 0.162327
203 142 -0.502737
204 142 0.492745
205 142 -0.420308
79 143 0.343567
80 143 -0.433075
81 143 0.745529
82 143 -0.504942
83 143 0.464174
112 143 -0.304053
113 143 -0.972050
114 143 -0.369752
141 143 0.833916
142 143 -1.610920
143 143 3.621910
144 143 -1.587010
145 143 0.812233
174 143 -0.387080
175 143 -0.983632
176 143 -0.295991
203 143 0.473172
204 143 -0.497069
205 143 0.741710
206 143 -0.412025
207 143 0.321386
81 144 -0.426182
82 144 0.526130
83 144 -0.498493
113 144 0.150051
114 144 -0.156922
143 144 -1.587010
144 144 3.981370
145 144 -1.587150
175 144 -0.160495
176 144 0.167032
205 144 -0.494455
206 144 0.496160
207 144 -0.410031
81 145 0.329175
82 145 -0.422924
83 145 0.720390
84 145 -0.496533
85 145 0.454276
113 145 -0.287675
114 145 -0.918849
115 145 -0.356597
143 145 0.812233
144 145 -1.587150
145 145 3.511940
146 145 -1.561850
147 145 0.790068
175 145 -0.372440
176 145 -0.929228
177 145 -0.279923
205 145 0.462816
206 145 -0.489284
207 145 0.715476
208 145 -0.401233
209 145 0.307312
83 146 -0.415578
84 146 0.527585
85 146 -0.490538
114 146 0.154730
115 146 -0.160521
145 146 -1.561850
146 146 3.888460
147 146 -1.560600
176 146 -0.165256
177 146 0.170724
207 146 -0.485329
208 146 0.497589
209 146 -0.399412
83 147 0.315171
84 147 -0.412471
85 147 0.695385
86 147 -0.487295
87 147 0.443831
114 147 -0.271965
115 147 -0.867826
116 147 -0.343555
145 147 0.790068
146 147 -1.560600
147 147 3.401130
148 147 -1.533870
149 147 0.767378
176 147 -0.357978
177 147 -0.877039
178 147 -0.264497
207 147 0.451927
208 147 -0.480638
209 147 0.689379
210 147 -0.390088
211 147 0.293559
85 148 -0.404649
86 148 0.527174
87 148 -0.481743
115 148 0.158374
116 148 -0.163125
147 148 -1.533870
148 148 3.791370
149 148 -1.531260
177 148 -0.169009
178 148 0.173447
209 148 -0.475361
210 148 0.497076
211 148 -0.388427
85 149 0.301507
86 149 -0.401688
87 149 0.670456
88 149 -0.477227
89 149 0.432833
115 149 -0.256869
116 149 -0.818828
117 149 -0.330599
147 149 0.767378
148 149 -1.531260
149 149 3.289220
150 149 -1.503060
151 149 0.744125
177 149 -0.343661
178 149 -0.826907
179 149 -0.249663
209 149 0.440498
210 149 -0.471132
211 149 0.663361
212 149 -0.378569
213 149 0.280085
87 150 -0.393370
88 150 0.524930
89 150 -0.472110
116 150 0.161026
117 150 -0.164776
149 150 -1.503060
150 150 3.689990
151 150 -1.499120
178 150 -0.171797
179 150 0.175241
211 150 -0.464553
212 150 0.494661
213 150 -0.377060
87 151 0.288137
88 151 -0.390553
89 151 0.645547
90 151 -0.466329
91 151 0.421276
116 151 -0.242341
117 151 -0.771712
118 151 -0.317704
149 151 0.744125
150 151 -1.499120
151 151 3.176030
152 151 -1.469420
153 151 0.720274
178 151 -0.329461
179 151 -0.778687
180 151 -0.235374
211 151 0.428525
212 151 -0.460771
213 151 0.637368
214 151 -0.366661
215 151 0.266851
89 152 -0.381723
90 152 0.520882
91 152 -0.461638
117 152 0.162731
118 152 -0.165512
151 152 -1.469420
152 152 3.584180
153 152 -1.464170
179 152 -0.173659
180 152 0.176142
213 152 -0.452906
214 152 0.490384
215 152 -0.365293
89 153 0.275022
90 153 -0.379048
91 153 0.620611
92 153 -0.454599
93 153 0.409157
117 153 -0.228338
118 153 -0.726349
119 153 -0.304849
151 153 0.720274
152 153 -1.464170
153 153 3.061350
154 153 -1.432950
155 153 0.695796
179 153 -0.315350
180 153 -0.732246
181 153 -0.221589
213 153 0.416003
214 153 -0.449556
215 153 0.611351
216 153 -0.354349
217 153 0.253825
91 154 -0.369690
92 154 0.515060
93 154 -0.450328
118 154 0.163524
119 154 -0.165366
153 154 -1.432950
154 154 3.473870
155 154 -1.426420
180 154 -0.174631
181 154 0.176181
215 154 -0.440422
216 154 0.484284
217 154 -0.353114
91 155 0.262129
92 155 -0.367155
93 155 0.597050
94 155 -0.374570
95 155 0.380002
118 155 -0.214820
119 155 -0.789576
120 155 -0.327363
153 155 0.695796
154 155 -1.426420
155 155 2.879400
156 155 -1.084650
157 155 0.607204
180 155 -0.301304
181 155 -0.794874
182 155 -0.243831
215 155 0.402927
216 155 -0.437491
217 155 0.588150
218 155 -0.277021
219 155 0.226421
93 156 -0.289654
94 156 0.301968
95 156 -0.369637
119 156 0.163228
120 156 -0.164248
155 156 -1.084650
156 156 2.882250
157 156 -1.078660
181 156 -0.174596
182 156 0.175257
217 156 -0.362575
218 156 0.276426
219 156 -0.275108
93 157 0.233011
94 157 -0.286504
95 157 0.593084
96 157 -0.291149
97 157 0.363521
119 157 -0.237095
120 157 -1.023390
121 157 -0.380163
155 157 0.607204
156 157 -1.078660
157 157 2.689510
158 157 -0.692979
159 157 0.533946
181 157 -0.322757
182 157 -1.028260
183 157 -0.296487
217 157 0.374583
218 157 -0.358940
219 157 0.585909
220 157 -0.197736
221 157 0.213343
95 158 -0.207068
96 158 0.034019
97 158 -0.284227
120 158 0.161555
121 158 -0.160666
157 158 -0.692979
158 158 2.300960
159 158 -0.690040
182 158 -0.173327
183 158 0.171942
219 158 -0.281766
220 158 0.015276
221 158 -0.193684
95 159 0.218019
96 159 -0.201933
97 159 0.585873
98 159 -0.253874
99 159 0.342580
120 159 -0.290383
121 159 -1.179140
122 159 -0.378214
157 159 0.533946
158 159 -0.690040
159 159 2.529310
160 159 -0.545222
161 159 0.485402
182 159 -0.373567
183 159 -1.181990
184 159 -0.294761
219 159 0.358849
220 159 -0.276030
221 159 0.578601
222 159 -0.164028
223 159 0.196607
97 160 -0.172478
98 160 -0.044759
99 160 -0.246517
121 160 0.157467
122 160 -0.153245
159 160 -0.545222
160 160 2.015690
161 160 -0.542726
183 160 -0.169739
184 160 0.164955
221 160 -0.244545
222 160 -0.060214
223 160 -0.158665
97 161 0.201144
98 161 -0.166167
99 161 0.569855
100 161 -0.210308
101 161 0.324413
121 161 -0.290322
122 161 -1.244790
123 161 -0.390941
159 161 0.485402
160 161 -0.542726
161 161 2.385550
162 161 -0.358299
163 161 0.439097
183 161 -0.368279
184 161 -1.243470
185 161 -0.308234
221 161 0.336641
222 161 -0.238285
223 161 0.560384
224 161 -0.127015
225 161 0.186357
99 162 -0.134072
100 162 -0.160356
101 162 -0.201040
122 162 0.149780
123 162 -0.139840
161 162 -0.358299
162 162 1.703770
163 162 -0.359582
184 162 -0.162744
185 162 0.152098
223 162 -0.201398
224 162 -0.170062
225 162 -0.118253
99 163 0.190984
100 163 -0.124643
101 163 0.513127
102 163 -0.181033
103 163 0.274434
122 163 -0.307084
123 163 -1.160750
124 163 -0.325634
161 163 0.439097
162 163 -0.359582
163 163 2.101090
164 163 -0.314671
165 163 0.364475
184 163 -0.375741
185 163 -1.153550
186 163 -0.246790
223 163 0.316759
224 163 -0.193036
225 163 0.499947
226 163 -0.105511
227 163 0.148106
101 164 -0.112888
102 164 -0.119642
103 164 -0.173568
123 164 0.136319
124 164 -0.121301
163 164 -0.314671
164 164 1.428470
165 164 -0.312497
185 164 -0.150049
186 164 0.134305
225 164 -0.170773
226 164 -0.126935
227 164 -0.096774
101 165 0.153746
102 165 -0.103640
103 165 0.224709
123 165 -0.248502
124 165 -0.432010
163 165 0.364475
164 165 -0.312497
165 165 0.894832
185 165 -0.305406
186 165 -0.552851
225 165 0.264025
226 165 -0.164121
227 165 0.217242
125 166 -0.762684
126 166 -0.061470
127 166 -0.515514
166 166 2.268920
167 166 0.314875
187 166 -0.839803
188 166 0.068317
189 166 -0.472637
125 167 -0.481244
126 167 0.080520
127 167 -1.523490
128 167 -0.078525
129 167 -0.497876
166 167 0.314875
167 167 4.417740
168 167 0.275399
187 167 -0.512782
188 167 -0.086662
189 167 -1.544410
190 167 0.084125
191 167 -0.447666
127 168 -0.455925
128 168 0.095821
129 168 -1.443410
130 168 -0.093807
131 168 -0.480816
167 168 0.275399
168 168 4.249020
169 168 0.238747
189 168 -0.495690
190 168 -0.100746
191 168 -1.462660
192 168 0.098159
193 168 -0.424086
129 169 -0.432062
130 169 0.109467
131 169 -1.367550
132 169 -0.107448
133 169 -0.464260
168 169 0.238747
169 169 4.087150
170 169 0.204756
191 169 -0.479152
192 169 -0.113171
193 169 -1.385260
194 169 0.110555
195 169 -0.401766
131 170 -0.409517
132 170 0.121576
133 170 -1.295560
134 170 -0.119565
135 170 -0.448148
169 170 0.204756
170 170 3.931330
171 170 0.173281
193 170 -0.463101
194 170 -0.124058
195 170 -1.311840
196 170 0.121430
197 170 -0.380594
133 171 -0.388168
134 171 0.132252
135 171 -1.227120
136 171 -0.130261
137 171 -0.432421
170 171 0.173281
171 171 3.780880
172 171 0.144189
195 171 -0.447473
196 171 -0.133515
197 171 -1.242060
198 171 0.130890
199 171 -0.360467
135 172 -0.367909
136 172 0.141588
137 172 -1.161950
138 172 -0.139626
139 172 -0.417031
171 172 0.144189
172 172 3.635150
173 172 0.117360
197 172 -0.432217
198 172 -0.141636
199 172 -1.175650
200 172 0.139027
201 172 -0.341294
137 173 -0.348644
138 173 0.149666
139 173 -1.099790
140 173 -0.147740
141 173 -0.401931
172 173 0.117360
173 173 3.493590
174 173 0.092684
199 173 -0.417281
200 173 -0.148507
201 173 -1.112340
202 173 0.145924
203 173 -0.322994
139 174 -0.330286
140 174 0.156557
141 174 -1.040420
142 174 -0.154675
143 174 -0.387080
173 174 0.092684
174 174 3.355710
175 174 0.070058
201 174 -0.402622
202 174 -0.154200
203 174 -1.051880
204 174 0.151652
