48 48 306
1 1 2.845164
2 1 -0.511531
8 1 0.296695
45 1 0.182824
48 1 0.854114
1 2 -0.511531
2 2 3.928925
3 2 -0.119280
42 2 0.308024
43 2 0.560338
46 2 0.427374
48 2 1.002377
2 3 -0.119280
3 3 1.610716
4 3 0.183778
46 3 0.307657
3 4 0.183778
4 4 10.719856
5 4 0.364680
37 4 -3.502629
44 4 5.494729
46 4 0.174040
4 5 0.364680
5 5 2.217328
6 5 -0.269663
44 5 0.582986
5 6 -0.269663
6 6 3.181781
7 6 -0.122711
41 6 0.741419
44 6 0.507056
47 6 0.540932
6 7 -0.122711
7 7 1.620647
8 7 0.189553
47 7 0.308382
1 8 0.296695
7 8 0.189553
8 8 14.573301
35 8 -4.610631
45 8 0.115675
47 8 8.360747
9 9 13.922696
10 9 0.271178
15 9 -0.207478
18 9 0.532654
23 9 7.614201
30 9 -3.486248
31 9 0.810938
9 10 0.271178
10 10 7.391148
11 10 0.387070
21 10 0.256145
23 10 -5.476757
10 11 0.387070
11 11 15.035002
12 11 -0.460218
21 11 8.685162
24 11 2.161068
25 11 1.266343
27 11 1.075140
11 12 -0.460218
12 12 6.182047
13 12 0.417488
27 12 0.741533
34 12 -1.899336
36 12 0.292917
38 12 1.370554
12 13 0.417488
13 13 4.153036
14 13 0.237532
19 13 0.254173
34 13 -2.243842
13 14 0.237532
14 14 12.588537
15 14 -3.630101
16 14 0.242595
17 14 0.551455
19 14 6.926854
9 15 -0.207478
14 15 -3.630101
15 15 6.296829
16 15 0.891915
18 15 0.567335
14 16 0.242595
15 16 0.891915
16 16 16.925559
17 16 7.395391
18 16 6.766394
20 16 0.629264
14 17 0.551455
16 17 7.395391
17 17 10.555513
19 17 0.643617
20 17 0.625331
22 17 0.339719
9 18 0.532654
15 18 0.567335
16 18 6.766394
18 18 9.958004
20 18 0.346259
31 18 -0.113599
40 18 0.631763
13 19 0.254173
14 19 6.926854
17 19 0.643617
19 19 9.477703
22 19 0.180299
34 19 0.472760
16 20 0.629264
17 20 0.625331
18 20 0.346259
20 20 8.505489
22 20 -0.239176
40 20 -4.922067
42 20 0.238441
43 20 0.504951
10 21 0.256145
11 21 8.685162
21 21 17.612998
23 21 0.754586
24 21 1.091502
28 21 -5.825603
17 22 0.339719
19 22 0.180299
20 22 -0.239176
22 22 10.035268
34 22 0.504502
37 22 0.283097
43 22 0.710186
46 22 6.778289
9 23 7.614201
10 23 -5.476757
21 23 0.754586
23 23 22.319287
28 23 0.370750
30 23 0.908890
33 23 -6.194103
11 24 2.161068
21 24 1.091502
24 24 11.160404
25 24 0.463326
26 24 0.557709
28 24 5.886799
11 25 1.266343
24 25 0.463326
25 25 9.494124
26 25 0.494024
27 25 -5.141093
29 25 1.129337
24 26 0.557709
25 26 0.494024
26 26 12.268053
28 26 0.908932
29 26 -0.406054
35 26 7.877689
41 26 0.677567
47 26 0.346078
11 27 1.075140
12 27 0.741533
25 27 -5.141093
27 27 9.472219
29 27 1.166882
38 27 0.347570
21 28 -5.825603
23 28 0.370750
24 28 5.886799
26 28 0.908932
28 28 18.790515
33 28 0.750499
35 28 4.047932
25 29 1.129337
26 29 -0.406054
27 29 1.166882
29 29 5.162366
38 29 0.430649
39 29 -0.128325
41 29 0.901119
9 30 -3.486248
23 30 0.908890
30 30 7.860619
31 30 0.321885
32 30 0.626862
33 30 1.516733
9 31 0.810938
18 31 -0.113599
30 31 0.321885
31 31 3.298547
32 31 0.178589
40 31 0.873537
30 32 0.626862
31 32 0.178589
32 32 13.378493
33 32 0.713688
40 32 -9.927825
42 32 0.767752
45 32 0.163777
23 33 -6.194103
28 33 0.750499
30 33 1.516733
32 33 0.713688
33 33 10.678159
35 33 0.281553
45 33 0.221582
12 34 -1.899336
13 34 -2.243842
19 34 0.472760
22 34 0.504502
34 34 11.510331
36 34 1.167282
37 34 4.222610
8 35 -4.610631
26 35 7.877689
28 35 4.047932
33 35 0.281553
35 35 19.606004
45 35 0.887141
47 35 0.901058
12 36 0.292917
34 36 1.167282
36 36 3.957490
37 36 0.149249
38 36 -0.155767
39 36 1.192276
4 37 -3.502629
22 37 0.283097
34 37 4.222610
36 37 0.149249
37 37 16.796161
39 37 -5.963901
44 37 0.970416
46 37 0.704260
12 38 1.370554
27 38 0.347570
29 38 0.430649
36 38 -0.155767
38 38 4.184743
39 38 0.880203
29 39 -0.128325
36 39 1.192276
37 39 -5.963901
38 39 0.880203
39 39 10.186152
41 39 0.462576
44 39 0.558871
18 40 0.631763
20 40 -4.922067
31 40 0.873537
32 40 -9.927825
40 40 17.994753
42 40 0.639560
6 41 0.741419
26 41 0.677567
29 41 0.901119
39 41 0.462576
41 41 9.004669
44 41 -5.022896
47 41 -0.199092
2 42 0.308024
20 42 0.238441
32 42 0.767752
40 42 0.639560
42 42 5.388388
43 42 -1.446614
45 42 -0.303401
48 42 0.684596
2 43 0.560338
20 43 0.504951
22 43 0.710186
42 43 -1.446614
43 43 7.733377
46 43 3.511288
4 44 5.494729
5 44 0.582986
6 44 0.507056
37 44 0.970416
39 44 0.558871
41 44 -5.022896
44 44 14.136953
1 45 0.182824
8 45 0.115675
32 45 0.163777
33 45 0.221582
35 45 0.887141
42 45 -0.303401
45 45 3.999361
48 45 1.124961
2 46 0.427374
3 46 0.307657
4 46 0.174040
22 46 6.778289
37 46 0.704260
43 46 3.511288
46 46 12.902910
6 47 0.540932
7 47 0.308382
8 47 8.360747
26 47 0.346078
35 47 0.901058
41 47 -0.199092
47 47 11.656288
1 48 0.854114
2 48 1.002377
42 48 0.684596
45 48 1.124961
48 48 4.666048