48 48 306
1 1 2.830453
2 1 -0.523367
8 1 0.312325
45 1 0.179802
48 1 0.814959
1 2 -0.523367
2 2 3.962706
3 2 -0.156624
42 2 0.321958
43 2 0.551615
46 2 0.437643
48 2 0.971498
2 3 -0.156624
3 3 1.619657
4 3 0.213100
46 3 0.249933
3 4 0.213100
4 4 1.825088
5 4 0.380096
37 4 -0.104042
44 4 0.004541
46 4 0.123311
4 5 0.380096
5 5 2.229509
6 5 -0.291094
44 5 0.558319
5 6 -0.291094
6 6 3.238937
7 6 -0.159188
41 6 0.744592
44 6 0.500651
47 6 0.543413
6 7 -0.159188
7 7 1.628801
8 7 0.218196
47 7 0.251417
1 8 0.312325
7 8 0.218196
8 8 1.689867
35 8 -0.077192
45 8 0.041230
47 8 0.040924
9 9 2.963797
10 9 0.292370
15 9 -0.234084
18 9 0.527784
23 9 0.001761
30 9 -0.076379
31 9 0.831420
9 10 0.292370
10 10 1.950559
11 10 0.399208
21 10 0.150147
23 10 -0.108835
10 11 0.399208
11 11 4.361045
12 11 -0.473303
21 11 0.062066
24 11 -0.078618
25 11 1.276406
27 11 1.071445
11 12 -0.473303
12 12 4.250446
13 12 0.421400
27 12 0.731621
34 12 -0.035120
36 12 0.202908
38 12 1.386095
12 13 0.421400
13 13 2.033615
14 13 0.248411
19 13 0.237385
34 13 -0.126418
13 14 0.248411
14 14 2.184058
15 14 -0.066741
16 14 0.243855
17 14 0.536398
19 14 -0.088653
9 15 -0.234084
14 15 -0.066741
15 15 2.756155
16 15 0.876178
18 15 0.579152
14 16 0.243855
15 16 0.876178
16 16 2.930990
17 16 -0.076849
18 16 -0.095956
20 16 0.638152
14 17 0.536398
16 17 -0.076849
17 17 3.149910
19 17 0.639470
20 17 0.634987
22 17 0.262207
9 18 0.527784
15 18 0.579152
16 18 -0.095956
18 18 3.376384
20 18 0.332072
31 18 -0.203438
40 18 0.637982
13 19 0.237385
14 19 -0.088653
17 19 0.639470
19 19 2.473087
22 19 0.114078
34 19 0.393501
16 20 0.638152
17 20 0.634987
18 20 0.332072
20 20 3.751490
22 20 -0.314016
40 20 -0.115073
42 20 0.242937
43 20 0.474253
10 21 0.150147
11 21 0.062066
21 21 3.221050
23 21 0.774518
24 21 1.087434
28 21 -0.146885
17 22 0.262207
19 22 0.114078
20 22 -0.314016
22 22 3.202147
34 22 0.522775
37 22 0.250155
43 22 0.737672
46 22 -0.001242
9 23 0.001761
10 23 -0.108835
21 23 0.774518
23 23 3.232814
28 23 0.308724
30 23 0.929288
33 23 -0.109689
11 24 -0.078618
21 24 1.087434
24 24 3.116726
25 24 0.434006
26 24 0.513200
28 24 0.003468
11 25 1.276406
24 25 0.434006
25 25 4.416193
26 25 0.457546
27 25 -0.117252
29 25 1.130983
24 26 0.513200
25 26 0.457546
26 26 4.389863
28 26 0.926942
29 26 -0.476981
35 26 -0.024732
41 26 0.687673
47 26 0.302790
11 27 1.071445
12 27 0.731621
25 27 -0.117252
27 27 4.387543
29 27 1.177839
38 27 0.289387
21 28 -0.146885
23 28 0.308724
24 28 0.003468
26 28 0.926942
28 28 3.208146
33 28 0.781708
35 28 -0.040419
25 29 1.130983
26 29 -0.476981
27 29 1.177839
29 29 5.291450
38 29 0.413212
39 29 -0.194613
41 29 0.897822
9 30 -0.076379
23 30 0.929288
30 30 2.970988
31 30 0.239771
32 30 0.641815
33 30 -0.083734
9 31 0.831420
18 31 -0.203438
30 31 0.239771
31 31 3.288550
32 31 0.142183
40 31 0.871738
30 32 0.641815
31 32 0.142183
32 32 3.572040
33 32 0.683192
40 32 -0.211540
42 32 0.778878
45 32 0.114432
23 33 -0.109689
28 33 0.781708
30 33 -0.083734
32 33 0.683192
33 33 3.058243
35 33 0.196391
45 33 0.203529
12 34 -0.035120
13 34 -0.126418
19 34 0.393501
22 34 0.522775
34 34 3.297584
36 34 1.184780
37 34 -0.034990
8 35 -0.077192
26 35 -0.024732
28 35 -0.040419
33 35 0.196391
35 35 3.159978
45 35 0.920389
47 35 0.900854
12 36 0.202908
34 36 1.184780
36 36 3.872136
37 36 0.082278
38 36 -0.212087
39 36 1.190082
4 37 -0.104042
22 37 0.250155
34 37 -0.034990
36 37 0.082278
37 37 3.290643
39 37 -0.098792
44 37 1.000502
46 37 0.719885
12 38 1.386095
27 38 0.289387
29 38 0.413212
36 38 -0.212087
38 38 4.157524
39 38 0.856743
29 39 -0.194613
36 39 1.190082
37 39 -0.098792
38 39 0.856743
39 39 4.311928
41 39 0.448675
44 39 0.523023
18 40 0.637982
20 40 -0.115073
31 40 0.871738
32 40 -0.211540
40 40 3.470473
42 40 0.634140
6 41 0.744592
26 41 0.687673
29 41 0.897822
39 41 0.448675
41 41 4.201915
44 41 -0.129089
47 41 -0.294065
2 42 0.321958
20 42 0.242937
32 42 0.778878
40 42 0.634140
42 42 4.115498
43 42 -0.146652
45 42 -0.355878
48 42 0.635057
2 43 0.551615
20 43 0.474253
22 43 0.737672
42 43 -0.146652
43 43 3.002879
46 43 -0.092687
4 44 0.004541
5 44 0.558319
6 44 0.500651
37 44 1.000502
39 44 0.523023
41 44 -0.129089
44 44 3.716124
1 45 0.179802
8 45 0.041230
32 45 0.114432
33 45 0.203529
35 45 0.920389
42 45 -0.355878
45 45 3.915083
48 45 1.099824
2 46 0.437643
3 46 0.249933
4 46 0.123311
22 46 -0.001242
37 46 0.719885
43 46 -0.092687
46 46 2.624701
6 47 0.543413
7 47 0.251417
8 47 0.040924
26 47 0.302790
35 47 0.900854
41 47 -0.294065
47 47 3.333462
1 48 0.814959
2 48 0.971498
42 48 0.635057
45 48 1.099824
48 48 4.521339