306 306 2018
1 1 3.189477
2 1 0.188241
18 1 0.625007
86 1 1.011853
107 1 0.364376
1 2 0.188241
2 2 2.896239
3 2 0.183827
4 2 0.106344
77 2 0.586161
85 2 0.364393
86 2 0.467274
2 3 0.183827
3 3 2.386799
4 3 1.202972
2 4 0.106344
3 4 1.202972
4 4 3.092129
5 4 0.337906
77 4 0.444907
4 5 0.337906
5 5 2.653226
6 5 0.536558
77 5 0.778762
5 6 0.536558
6 6 2.555178
7 6 0.333321
76 6 0.523318
77 6 0.161981
6 7 0.333321
7 7 2.682385
8 7 0.733148
75 7 0.291767
76 7 0.324149
7 8 0.733148
8 8 2.762832
9 8 0.391570
75 8 0.638114
8 9 0.391570
9 9 2.503259
10 9 0.276292
74 9 0.619750
75 9 0.215647
9 10 0.276292
10 10 2.470439
11 10 0.402385
73 10 0.485673
74 10 0.306090
10 11 0.402385
11 11 1.780046
12 11 0.114133
73 11 0.263528
11 12 0.114133
12 12 3.193346
13 12 0.097410
73 12 1.324077
78 12 0.657726
12 13 0.097410
13 13 3.099344
14 13 0.695424
78 13 0.846692
87 13 0.459817
13 14 0.695424
14 14 4.777582
15 14 2.651621
87 14 0.417600
108 14 0.012937
14 15 2.651621
15 15 10.199650
16 15 6.414863
108 15 0.133166
15 16 6.414863
16 16 14.687666
17 16 6.752641
108 16 0.304826
208 16 -0.215335
16 17 6.752641
17 17 10.668934
18 17 2.789881
147 17 0.117767
208 17 0.008645
1 18 0.625007
17 18 2.789881
18 18 5.291373
107 18 0.692460
147 18 -0.184025
19 19 41.314340
20 19 0.025336
62 19 0.030333
213 19 -0.358121
260 19 20.578411
261 19 -0.208445
303 19 -0.208812
304 19 18.904883
19 20 0.025336
20 20 27.262693
21 20 0.015244
261 20 26.222049
262 20 -0.000064
20 21 0.015244
21 21 44.486809
22 21 0.009221
262 21 43.462323
263 21 -0.000021
21 22 0.009221
22 22 69.512953
23 22 0.006025
263 22 68.497704
264 22 0.000002
22 23 0.006025
23 23 73.588121
24 23 0.008014
264 23 72.574066
265 23 0.000015
23 24 0.008014
24 24 51.295061
25 24 0.012992
265 24 50.274015
266 24 0.000040
24 25 0.012992
25 25 31.944544
26 25 0.020461
266 25 30.910314
267 25 0.000776
25 26 0.020461
26 26 16.500094
27 26 0.293474
267 26 14.985869
268 26 -0.200290
26 27 0.293474
27 27 8.615264
28 27 0.079388
268 27 7.042891
269 27 0.199511
27 28 0.079388
28 28 17.436291
29 28 0.018815
269 28 16.337300
270 28 -0.000788
28 29 0.018815
29 29 39.081006
30 29 0.010062
270 29 38.052089
271 29 -0.000039
29 30 0.010062
30 30 71.990554
31 30 0.005410
271 30 70.975070
272 30 -0.000012
30 31 0.005410
31 31 113.900736
32 31 0.003745
272 31 112.891580
273 31 -0.000001
31 32 0.003745
32 32 107.208061
33 32 0.006300
273 32 106.198000
274 32 0.000016
32 33 0.006300
33 33 61.780459
34 33 0.011703
274 33 60.762399
275 33 0.000057
33 34 0.011703
34 34 33.555175
35 34 0.015298
275 34 32.521436
276 34 0.006739
34 35 0.015298
35 35 14.450151
36 35 0.821382
276 35 12.196781
277 35 -0.416690
35 36 0.821382
36 36 5.975743
37 36 0.268776
277 36 3.524476
278 36 0.361109
36 37 0.268776
37 37 13.244507
38 37 0.022032
278 37 11.946961
279 37 -0.006738
37 38 0.022032
38 38 33.562346
39 38 0.011759
279 38 32.528498
280 38 -0.000057
38 39 0.011759
39 39 61.780563
40 39 0.006316
280 39 60.762472
281 39 -0.000016
39 40 0.006316
40 40 107.208081
41 40 0.003745
281 40 106.198020
282 40 0.000001
40 41 0.003745
41 41 113.900735
42 41 0.005410
282 41 112.891580
41 42 0.005410
42 42 71.990554
43 42 0.010062
282 42 -0.000012
283 42 70.975070
42 43 0.010062
43 43 39.081006
44 43 0.018815
283 43 -0.000039
284 43 38.052089
43 44 0.018815
44 44 17.431448
45 44 0.079630
284 44 -0.000997
285 44 16.332006
44 45 0.079630
45 45 12.515993
46 45 0.599015
285 45 0.448817
286 45 10.388532
45 46 0.599015
46 46 18.718609
47 46 0.017818
286 46 -0.472489
287 46 16.629287
46 47 0.017818
47 47 39.079875
48 47 0.010023
287 47 0.000997
288 47 38.051037
47 48 0.010023
48 48 71.990480
49 48 0.005398
288 48 0.000039
289 48 70.975019
48 49 0.005398
49 49 113.900725
50 49 0.003745
289 49 0.000012
290 49 112.891570
49 50 0.003745
50 50 107.208081
51 50 0.006316
290 50 0.000001
291 50 106.198020
50 51 0.006316
51 51 61.780563
52 51 0.011759
291 51 -0.000016
292 51 60.762472
51 52 0.011759
52 52 28.738477
53 52 0.038134
292 52 -0.000057
293 52 27.688527
52 53 0.038134
53 53 13.397829
54 53 0.043279
293 53 0.000073
294 53 12.316343
53 54 0.043279
54 54 13.939675
55 54 0.255908
294 54 0.203480
295 54 12.437009
54 55 0.255908
55 55 13.030421
56 55 0.043167
295 55 -0.203813
296 55 11.527533
55 56 0.043167
56 56 23.565894
57 56 0.014837
296 56 -0.000084
297 56 22.507807
56 57 0.014837
57 57 44.850432
58 57 0.009213
297 57 0.000053
298 57 43.826330
57 58 0.009213
58 58 68.575496
59 58 0.006164
298 58 0.000020
299 58 67.560100
58 59 0.006164
59 59 72.045207
60 59 0.008196
299 59 -0.000003
300 59 71.030844
59 60 0.008196
60 60 50.407752
61 60 0.013208
300 60 -0.000016
301 60 49.386332
60 61 0.013208
61 61 26.442332
62 61 0.038174
301 61 -0.000039
302 61 25.390911
19 62 0.030333
61 62 0.038174
62 62 15.902987
302 62 -0.000111
303 62 14.834369
63 63 12.025888
64 63 0.364492
159 63 1.433344
160 63 0.216294
257 63 0.277012
266 63 8.728691
267 63 -0.006056
63 64 0.364492
64 64 18.817888
65 64 0.154120
157 64 0.234687
158 64 2.410314
159 64 -0.226949
265 64 14.426719
266 64 -0.000608
64 65 0.154120
65 65 26.422066
66 65 0.144658
157 65 4.082583
263 65 0.000023
264 65 21.040446
265 65 -0.000236
65 66 0.144658
66 66 24.975591
67 66 0.322873
156 66 3.588806
157 66 -0.106821
262 66 -0.000327
263 66 19.812107
66 67 0.322873
67 67 16.063850
68 67 0.234165
154 67 0.381537
155 67 1.527925
156 67 -0.176540
261 67 -0.000799
262 67 12.420011
67 68 0.234165
68 68 10.388716
69 68 0.824233
154 68 1.266424
261 68 7.063894
68 69 0.824233
69 69 7.154341
70 69 0.742907
153 69 0.241501
154 69 0.105163
259 69 0.183368
260 69 3.874250
261 69 0.182919
69 70 0.742907
70 70 10.495444
71 70 0.307481
153 70 1.215150
259 70 7.229906
70 71 0.307481
71 71 16.536140
72 71 0.356423
151 71 -0.129917
152 71 1.573053
153 71 0.215651
258 71 12.952806
259 71 -0.000809
71 72 0.356423
72 72 28.315290
150 72 -0.221381
151 72 3.966130
203 72 -0.178825
206 72 0.406998
250 72 22.185216
258 72 -0.000316
10 73 0.485673
11 73 0.263528
12 73 1.324077
73 73 5.152502
74 73 1.127034
78 73 0.335430
79 73 0.136428
80 73 0.480332
9 74 0.619750
10 74 0.306090
73 74 1.127034
74 74 5.020438
75 74 1.042534
80 74 0.429809
81 74 0.495221
7 75 0.291767
8 75 0.638114
9 75 0.215647
74 75 1.042534
75 75 4.887496
76 75 0.988251
81 75 0.345130
82 75 0.366054
6 76 0.523318
7 76 0.324149
75 76 0.988251
76 76 4.933192
77 76 0.781592
82 76 0.487557
83 76 0.499074
84 76 0.329251
2 77 0.586161
4 77 0.444907
5 77 0.778762
6 77 0.161981
76 77 0.781592
77 77 4.806778
84 77 0.621537
85 77 0.431837
12 78 0.657726
13 78 0.846692
73 78 0.335430
78 78 5.071542
79 78 1.144975
87 78 0.589100
88 78 0.497619
73 79 0.136428
78 79 1.144975
79 79 5.496143
80 79 1.098766
88 79 0.457701
89 79 0.516551
90 79 0.052398
91 79 0.581669
92 79 0.507654
73 80 0.480332
74 80 0.429809
79 80 1.098766
80 80 5.445454
81 80 1.244291
92 80 0.392291
93 80 0.338916
94 80 0.461050
74 81 0.495221
75 81 0.345130
80 81 1.244291
81 81 5.682244
82 81 1.466069
94 81 0.169643
95 81 0.667932
96 81 0.293958
75 82 0.366054
76 82 0.487557
81 82 1.466069
82 82 5.713557
83 82 1.472686
96 82 0.338959
97 82 0.310176
98 82 0.272056
76 83 0.499074
82 83 1.472686
83 83 6.028074
84 83 1.606208
98 83 0.518725
99 83 0.526417
100 83 0.404964
76 84 0.329251
77 84 0.621537
83 84 1.606208
84 84 5.954672
85 84 0.984265
100 84 0.570515
101 84 0.371154
102 84 0.471742
2 85 0.364393
77 85 0.431837
84 85 0.984265
85 85 5.578812
86 85 1.161423
102 85 0.483941
103 85 0.471572
104 85 0.057471
105 85 0.623910
1 86 1.011853
2 86 0.467274
85 86 1.161423
86 86 5.508168
105 86 0.310460
106 86 0.561895
107 86 0.995265
13 87 0.459817
14 87 0.417600
78 87 0.589100
87 87 5.852792
88 87 0.674538
108 87 2.607425
109 87 0.104313
78 88 0.497619
79 88 0.457701
87 88 0.674538
88 88 5.302328
89 88 1.226348
109 88 1.446122
79 89 0.516551
88 89 1.226348
89 89 5.975383
90 89 1.056226
109 89 -0.227733
110 89 1.276332
111 89 0.672193
79 90 0.052398
89 90 1.056226
90 90 5.360287
91 90 1.192547
111 90 0.319356
112 90 0.516984
113 90 -0.003016
114 90 0.452333
115 90 0.418372
116 90 0.349055
79 91 0.581669
90 91 1.192547
91 91 5.594759
92 91 1.238701
116 91 0.625292
117 91 0.381583
118 91 0.574967
79 92 0.507654
80 92 0.392291
91 92 1.238701
92 92 5.690475
93 92 1.306213
118 92 0.326056
119 92 0.593218
120 92 0.326342
80 93 0.338916
92 93 1.306213
93 93 5.878626
94 93 1.566560
120 93 0.444178
121 93 0.700424
122 93 0.522336
80 94 0.461050
81 94 0.169643
93 94 1.566560
94 94 6.547270
95 94 2.416411
122 94 0.376894
123 94 0.267990
124 94 0.288722
81 95 0.667932
94 95 2.416411
95 95 6.956867
96 95 2.175362
124 95 0.697162
81 96 0.293958
82 96 0.338959
95 96 2.175362
96 96 6.321898
97 96 1.603462
124 96 0.220519
125 96 0.263101
126 96 0.426536
82 97 0.310176
96 97 1.603462
97 97 5.851939
98 97 1.350317
126 97 0.444330
127 97 0.605901
128 97 0.537753
82 98 0.272056
83 98 0.518725
97 98 1.350317
98 98 5.524692
99 98 1.356899
128 98 0.306609
129 98 0.480254
130 98 0.239833
83 99 0.526417
98 99 1.356899
99 99 5.589739
100 99 1.532971
130 99 0.597967
131 99 0.575485
83 100 0.404964
84 100 0.570515
99 100 1.532971
100 100 5.789997
101 100 1.561338
131 100 0.430138
132 100 0.290070
84 101 0.371154
100 101 1.561338
101 101 5.883882
102 101 1.255176
132 101 0.557383
133 101 0.492921
134 101 0.645911
84 102 0.471742
85 102 0.483941
101 102 1.255176
102 102 5.943801
103 102 1.294954
134 102 0.473890
135 102 0.343656
136 102 0.620442
85 103 0.471572
102 103 1.294954
103 103 6.017293
104 103 1.302480
136 103 0.608371
137 103 0.312373
138 103 0.436125
139 103 0.591418
85 104 0.057471
103 104 1.302480
104 104 5.634448
105 104 0.906472
139 104 0.376983
140 104 0.404974
141 104 0.499351
142 104 0.007799
143 104 0.454395
144 104 0.624522
85 105 0.623910
86 105 0.310460
104 105 0.906472
105 105 5.270009
106 105 1.142985
144 105 0.347977
145 105 0.938206
86 106 0.561895
105 106 1.142985
106 106 5.863380
107 106 0.381248
145 106 -0.131092
146 106 1.966112
147 106 0.680048
1 107 0.364376
18 107 0.692460
86 107 0.995265
106 107 0.381248
107 107 5.763766
147 107 2.330418
14 108 0.012937
15 108 0.133166
16 108 0.304826
87 108 2.607425
108 108 14.512527
109 108 0.487789
148 108 -0.414070
208 108 9.552315
87 109 0.104313
88 109 1.446122
89 109 -0.227733
108 109 0.487789
109 109 10.860068
110 109 0.834207
148 109 6.567460
149 109 -0.192446
89 110 1.276332
109 110 0.834207
110 110 6.862091
111 110 0.446062
149 110 3.232027
150 110 0.073463
89 111 0.672193
90 111 0.319356
110 111 0.446062
111 111 5.249982
112 111 1.019880
150 111 1.557474
151 111 0.235017
90 112 0.516984
111 112 1.019880
112 112 5.350165
113 112 1.298204
151 112 0.960872
152 112 0.554224
90 113 -0.003016
112 113 1.298204
113 113 5.491531
114 113 1.389250
152 113 0.482851
153 113 0.266120
154 113 0.308250
155 113 0.743841
90 114 0.452333
113 114 1.389250
114 114 5.548567
115 114 1.429107
155 114 0.353477
156 114 0.924401
90 115 0.418372
114 115 1.429107
115 115 5.411466
116 115 1.212846
156 115 0.319441
157 115 1.031700
90 116 0.349055
91 116 0.625292
115 116 1.212846
116 116 5.186098
117 116 0.915299
157 116 0.293699
158 116 0.789908
91 117 0.381583
116 117 0.915299
117 117 5.427101
118 117 1.103089
158 117 0.191852
159 117 0.862881
160 117 0.490619
161 117 0.481778
91 118 0.574967
92 118 0.326056
117 118 1.103089
118 118 5.441066
119 118 1.168570
161 118 0.243981
162 118 0.531608
163 118 0.492796
92 119 0.593218
118 119 1.168570
119 119 5.433702
120 119 0.915742
163 119 0.590430
164 119 1.165741
92 120 0.326342
93 120 0.444178
119 120 0.915742
120 120 5.429478
121 120 1.021020
164 120 0.096541
165 120 1.603352
166 120 -0.022303
93 121 0.700424
120 121 1.021020
121 121 5.353083
122 121 1.154356
166 121 1.477283
93 122 0.522336
94 122 0.376894
121 122 1.154356
122 122 5.581088
123 122 1.965942
166 122 0.561559
94 123 0.267990
122 123 1.965942
123 123 7.869550
124 123 0.919789
166 123 -0.578171
167 123 1.503157
168 123 0.932385
169 123 0.702115
94 124 0.288722
95 124 0.697162
96 124 0.220519
123 124 0.919789
124 124 5.315766
125 124 0.967481
169 124 0.377431
170 124 0.452750
171 124 0.391913
96 125 0.263101
124 125 0.967481
125 125 7.780854
126 125 1.912962
171 125 0.668499
172 125 0.925185
173 125 1.484298
174 125 -0.559328
96 126 0.426536
97 126 0.444330
125 126 1.912962
126 126 5.571926
127 126 1.228292
174 126 0.559805
97 127 0.605901
126 127 1.228292
127 127 5.320602
128 127 1.124428
174 127 1.361981
97 128 0.537753
98 128 0.306609
127 128 1.124428
128 128 5.193117
129 128 0.957405
174 128 0.092956
175 128 1.173965
98 129 0.480254
128 129 0.957405
129 129 5.246556
130 129 1.145281
175 129 0.545927
176 129 1.117689
98 130 0.239833
99 130 0.597967
129 130 1.145281
130 130 5.200152
131 130 0.688495
176 130 0.198202
177 130 0.789655
178 130 0.540719
99 131 0.575485
100 131 0.430138
130 131 0.688495
131 131 5.193441
132 131 0.920449
178 131 0.485147
179 131 0.649586
180 131 0.444141
100 132 0.290070
101 132 0.557383
131 132 0.920449
132 132 5.213897
133 132 0.893720
180 132 0.581229
181 132 0.809950
182 132 0.161096
101 133 0.492921
132 133 0.893720
133 133 5.062368
134 133 0.904876
182 133 1.227881
183 133 0.542970
101 134 0.645911
102 134 0.473890
133 134 0.904876
134 134 5.107842
135 134 1.079325
183 134 1.003839
102 135 0.343656
134 135 1.079325
135 135 5.503427
136 135 0.978205
183 135 0.094154
184 135 1.782238
185 135 0.225848
102 136 0.620442
103 136 0.608371
135 136 0.978205
136 136 5.333424
137 136 1.250320
185 136 0.876087
103 137 0.312373
136 137 1.250320
137 137 5.684230
138 137 1.101898
185 137 0.031095
186 137 0.810846
187 137 0.468141
188 137 0.709556
103 138 0.436125
137 138 1.101898
138 138 5.572934
139 138 1.119527
188 138 0.723654
189 138 0.408018
190 138 0.499067
191 138 0.284646
103 139 0.591418
104 139 0.376983
138 139 1.119527
139 139 5.583817
140 139 1.328853
191 139 0.799056
192 139 0.367980
104 140 0.404974
139 140 1.328853
140 140 5.458382
141 140 1.354476
192 140 0.835613
193 140 0.534466
104 141 0.499351
140 141 1.354476
141 141 5.417828
142 141 1.264253
193 141 0.727487
194 141 0.572261
104 142 0.007799
141 142 1.264253
142 142 5.457415
143 142 1.364311
194 142 0.583642
195 142 0.435015
196 142 0.304589
197 142 0.497806
104 143 0.454395
142 143 1.364311
143 143 5.855570
144 143 1.126348
197 143 0.523210
198 143 1.262879
199 143 -0.124427
104 144 0.624522
105 144 0.347977
143 144 1.126348
144 144 5.552186
145 144 0.800533
199 144 1.652807
105 145 0.938206
106 145 -0.131092
144 145 0.800533
145 145 7.127640
146 145 0.968526
199 145 -0.062500
200 145 3.226783
106 146 1.966112
145 146 0.968526
146 146 11.541657
147 146 -0.008543
200 146 -0.095160
201 146 7.503316
17 147 0.117767
18 147 -0.184025
106 147 0.680048
107 147 2.330418
146 147 -0.008543
147 147 13.660235
201 147 0.023067
208 147 9.316368
108 148 -0.414070
109 148 6.567460
148 148 31.022618
149 148 0.497965
202 148 -0.657833
208 148 0.842068
209 148 21.043222
109 149 -0.192446
110 149 3.232027
148 149 0.497965
149 149 21.163175
150 149 0.429582
202 149 15.511292
203 149 -0.299863
72 150 -0.221381
110 150 0.073463
111 150 1.557474
149 150 0.429582
150 150 11.930919
151 150 0.532406
203 150 8.116613
71 151 -0.129917
72 151 3.966130
111 151 0.235017
112 151 0.960872
150 151 0.532406
151 151 7.417292
152 151 0.592949
71 152 1.573053
112 152 0.554224
113 152 0.482851
151 152 0.592949
152 152 5.170024
153 152 0.966947
69 153 0.241501
70 153 1.215150
71 153 0.215651
113 153 0.266120
152 153 0.966947
153 153 5.271161
154 153 1.365793
67 154 0.381537
68 154 1.266424
69 154 0.105163
113 154 0.308250
153 154 1.365793
154 154 5.204880
155 154 0.777713
67 155 1.527925
113 155 0.743841
114 155 0.353477
154 155 0.777713
155 155 5.123693
156 155 0.720737
66 156 3.588806
67 156 -0.176540
114 156 0.924401
115 156 0.319441
155 156 0.720737
156 156 7.107285
157 156 0.377360
64 157 0.234687
65 157 4.082583
66 157 -0.106821
115 157 1.031700
116 157 0.293699
156 157 0.377360
157 157 7.419791
158 157 0.292941
64 158 2.410314
116 158 0.789908
117 158 0.191852
157 158 0.292941
158 158 6.077303
159 158 1.392289
63 159 1.433344
64 159 -0.226949
117 159 0.862881
158 159 1.392289
159 159 6.390988
160 159 1.475525
63 160 0.216294
117 160 0.490619
159 160 1.475525
160 160 5.440358
161 160 1.183547
257 160 1.074372
117 161 0.481778
118 161 0.243981
160 161 1.183547
161 161 8.340794
162 161 2.216879
254 161 -0.728179
255 161 1.437444
256 161 1.023340
257 161 0.025646
118 162 0.531608
161 162 2.216879
162 162 5.848032
163 162 1.151958
254 162 0.947588
118 163 0.492796
119 163 0.590430
162 163 1.151958
163 163 5.214412
164 163 0.724322
254 163 1.254906
119 164 1.165741
120 164 0.096541
163 164 0.724322
164 164 7.781513
165 164 0.668417
253 164 3.858741
254 164 -0.267751
120 165 1.603352
164 165 0.668417
165 165 12.641964
166 165 0.226420
214 165 0.242637
252 165 8.530131
253 165 -0.371007
120 166 -0.022303
121 166 1.477283
122 166 0.561559
123 166 -0.578171
165 166 0.226420
166 166 10.178092
167 166 1.011601
214 166 5.300754
123 167 1.503157
166 167 1.011601
167 167 8.083322
168 167 0.888781
214 167 -0.132452
215 167 3.462484
216 167 0.084846
123 168 0.932385
167 168 0.888781
168 168 5.285734
169 168 1.000225
216 168 1.464342
123 169 0.702115
124 169 0.377431
168 169 1.000225
169 169 5.837514
170 169 1.729119
216 169 0.149478
217 169 0.879145
124 170 0.452750
169 170 1.729119
170 170 6.352186
171 170 1.702545
217 170 0.211885
218 170 1.038248
219 170 0.217639
124 171 0.391913
125 171 0.668499
170 171 1.702545
171 171 5.803468
172 171 1.015082
219 171 0.873625
220 171 0.151805
125 172 0.925185
171 172 1.015082
172 172 5.285748
173 172 0.883224
220 172 1.462257
125 173 1.484298
172 173 0.883224
173 173 8.047901
174 173 0.998737
220 173 0.083326
221 173 3.459579
222 173 -0.138737
125 174 -0.559328
126 174 0.559805
127 174 1.361981
128 174 0.092956
173 174 0.998737
174 174 10.043625
175 174 0.135397
222 174 5.335421
128 175 1.173965
129 175 0.545927
174 175 0.135397
175 175 10.262172
176 175 0.085135
222 175 0.066000
223 175 7.171793
224 175 0.083954
129 176 1.117689
130 176 0.198202
175 176 0.085135
176 176 7.091119
177 176 0.997826
224 176 3.668201
225 176 0.024066
130 177 0.789655
176 177 0.997826
177 177 5.514335
178 177 1.102309
225 177 1.624544
130 178 0.540719
131 178 0.485147
177 178 1.102309
178 178 5.461293
179 178 1.104467
225 178 0.205151
226 178 1.023500
131 179 0.649586
178 179 1.104467
179 179 6.297390
180 179 1.130027
226 179 0.165493
227 179 2.092435
228 179 0.155382
131 180 0.444141
132 180 0.581229
179 180 1.130027
180 180 5.452836
181 180 1.066807
228 180 1.032188
229 180 0.198444
132 181 0.809950
180 181 1.066807
181 181 5.523765
182 181 1.011027
229 181 1.635981
132 182 0.161096
133 182 1.227881
181 182 1.011027
182 182 7.212939
183 182 0.062224
229 182 0.027245
230 182 3.723467
133 183 0.542970
134 183 1.003839
135 183 0.094154
182 183 0.062224
183 183 9.378914
184 183 0.283596
230 183 0.033667
231 183 6.358465
135 184 1.782238
183 184 0.283596
184 184 11.172371
185 184 0.524124
231 184 0.081159
232 184 7.336798
233 184 -0.164456
135 185 0.225848
136 185 0.876087
137 185 0.031095
184 185 0.524124
185 185 5.814951
186 185 0.975356
233 185 2.182440
137 186 0.810846
185 186 0.975356
186 186 5.568901
187 186 0.869664
233 186 0.496772
234 186 1.416263
137 187 0.468141
186 187 0.869664
187 187 5.041130
188 187 1.004257
234 187 0.352244
235 187 1.037398
236 187 0.309426
137 188 0.709556
138 188 0.723654
187 188 1.004257
188 188 5.117627
189 188 1.009889
236 188 0.670271
138 189 0.408018
188 189 1.009889
189 189 5.110787
190 189 1.138597
236 189 0.348815
237 189 0.972748
238 189 0.232721
138 190 0.499067
189 190 1.138597
190 190 5.474425
191 190 1.292447
238 190 1.246337
239 190 0.297978
138 191 0.284646
139 191 0.799056
190 191 1.292447
191 191 5.333740
192 191 0.581040
239 191 1.376552
139 192 0.367980
140 192 0.835613
191 192 0.581040
192 192 6.191728
193 192 0.126825
239 192 0.250925
240 192 3.029345
140 193 0.534466
141 193 0.727487
192 193 0.126825
193 193 7.436005
194 193 0.470071
240 193 0.356873
241 193 4.006755
242 193 -0.213528
141 194 0.572261
142 194 0.583642
193 194 0.470071
194 194 5.364635
195 194 0.802288
242 194 1.936373
142 195 0.435015
194 195 0.802288
195 195 5.145455
196 195 1.038690
242 195 0.240321
243 195 1.298765
244 195 0.330377
142 196 0.304589
195 196 1.038690
196 196 5.117556
197 196 0.883141
244 196 0.406348
246 196 1.336524
247 196 0.148264
142 197 0.497806
143 197 0.523210
196 197 0.883141
197 197 5.186587
198 197 0.617662
247 197 1.664768
143 198 1.262879
197 198 0.617662
198 198 7.838012
199 198 0.782496
247 198 -0.168405
248 198 4.006571
143 199 -0.124427
144 199 1.652807
145 199 -0.062500
198 199 0.782496
199 199 12.531120
200 199 0.536936
204 199 8.118434
248 199 -0.253522
145 200 3.226783
146 200 -0.095160
199 200 0.536936
200 200 21.089167
201 200 0.305264
204 200 -0.310721
205 200 15.614303
146 201 7.503316
147 201 0.023067
200 201 0.305264
201 201 31.163892
205 201 -0.643498
208 201 0.521231
209 201 21.167517
148 202 -0.657833
149 202 15.511292
202 202 65.805136
203 202 0.674000
206 202 -0.916041
209 202 1.042341
210 202 46.003629
72 203 -0.178825
149 203 -0.299863
150 203 8.116613
202 203 0.674000
203 203 44.086613
206 203 33.817313
199 204 8.118434
200 204 -0.310721
204 204 44.118221
205 204 0.703755
207 204 33.791604
248 204 -0.193708
200 205 15.614303
201 205 -0.643498
204 205 0.703755
205 205 65.969461
207 205 -0.946185
209 205 1.027294
210 205 46.034426
72 206 0.406998
202 206 -0.916041
203 206 33.817313
206 206 159.433290
210 206 1.221819
211 206 121.425830
250 206 -0.645290
204 207 33.791604
205 207 -0.946185
207 207 159.264808
210 207 1.106420
211 207 121.449810
248 207 0.437730
249 207 -0.533059
16 208 -0.215335
17 208 0.008645
108 208 9.552315
147 208 9.316368
148 208 0.842068
201 208 0.521231
208 208 22.325596
209 208 -0.869634
148 209 21.043222
201 209 21.167517
202 209 1.042341
205 209 1.027294
208 209 -0.869634
209 209 47.155915
210 209 -1.005907
202 210 46.003629
205 210 46.034426
206 210 1.221819
207 210 1.106420
209 210 -1.005907
210 210 97.595412
211 210 -1.223211
206 211 121.425830
207 211 121.449810
210 211 -1.223211
211 211 246.350253
249 211 0.562839
250 211 0.678058
251 211 0.010505
212 212 91.599537
213 212 0.029486
249 212 -0.000021
251 212 0.017555
258 212 45.276162
259 212 0.000065
305 212 0.000065
306 212 45.276182
19 213 -0.358121
212 213 0.029486
213 213 54.993044
259 213 26.594442
260 213 0.208277
304 213 0.208293
305 213 26.594424
165 214 0.242637
166 214 5.300754
167 214 -0.132452
214 214 38.005644
215 214 0.273431
252 214 -0.132607
273 214 30.923530
274 214 -0.000232
167 215 3.462484
214 215 0.273431
215 215 22.372673
216 215 0.129182
274 215 17.506780
275 215 -0.000795
167 216 0.084846
168 216 1.464342
169 216 0.149478
215 216 0.129182
216 216 12.450599
217 216 0.427223
275 216 9.192559
276 216 0.002968
169 217 0.879145
170 217 0.211885
216 217 0.427223
217 217 7.772234
218 217 1.588758
276 217 3.665221
170 218 1.038248
217 218 1.588758
218 218 7.325163
219 218 1.583786
276 218 -0.198332
277 218 1.717708
278 218 -0.198332
170 219 0.217639
171 219 0.873625
218 219 1.583786
219 219 7.766821
220 219 0.426551
278 219 3.665221
171 220 0.151805
172 220 1.462257
173 220 0.083326
219 220 0.426551
220 220 12.449173
221 220 0.129708
278 220 0.002968
279 220 9.192559
173 221 3.459579
220 221 0.129708
221 221 22.369907
222 221 0.273044
279 221 -0.000795
280 221 17.506780
173 222 -0.138737
174 222 5.335421
175 222 0.066000
221 222 0.273044
222 222 37.781618
223 222 0.044654
280 222 -0.000232
281 222 30.923530
175 223 7.171793
222 223 0.044654
223 223 41.280606
224 223 0.131425
281 223 0.000006
282 223 32.932557
283 223 -0.000172
175 224 0.083954
176 224 3.668201
223 224 0.131425
224 224 25.539350
225 224 0.139092
283 224 20.516093
284 224 -0.000585
176 225 0.024066
177 225 1.624544
178 225 0.205151
224 225 0.139092
225 225 14.172495
226 225 0.355609
284 225 10.819234
285 225 -0.004799
178 226 1.023500
179 226 0.165493
225 226 0.355609
226 226 8.237513
227 226 0.750761
285 226 4.623280
286 226 0.318870
179 227 2.092435
226 227 0.750761
227 227 7.393574
228 227 0.756136
286 227 2.794242
179 228 0.155382
180 228 1.032188
227 228 0.756136
228 228 8.242475
229 228 0.356619
286 228 0.318870
287 228 4.623280
180 229 0.198444
181 229 1.635981
182 229 0.027245
228 229 0.356619
229 229 14.180288
230 229 0.137966
287 229 -0.004799
288 229 10.819234
182 230 3.723467
183 230 0.033667
229 230 0.137966
230 230 25.594672
231 230 0.182894
288 230 -0.000585
289 230 20.516093
183 231 6.358465
184 231 0.081159
230 231 0.182894
231 231 40.620384
232 231 -0.065131
289 231 -0.000172
290 231 32.932557
291 231 0.000006
184 232 7.336798
231 232 -0.065131
232 232 39.582039
233 232 0.256349
291 232 30.923530
292 232 -0.000232
184 233 -0.164456
185 233 2.182440
186 233 0.496772
232 233 0.256349
233 233 21.625222
234 233 0.017631
292 233 17.506780
293 233 -0.000794
186 234 1.416263
187 234 0.352244
233 234 0.017631
234 234 11.272035
235 234 0.657332
293 234 7.827222
294 234 -0.001343
187 235 1.037398
234 235 0.657332
235 235 6.794687
236 235 0.426284
294 235 3.486230
295 235 0.187443
187 236 0.309426
188 236 0.670271
189 236 0.348815
235 236 0.426284
236 236 6.671054
237 236 0.428751
295 236 3.487507
189 237 0.972748
236 237 0.428751
237 237 6.542828
238 237 0.755189
295 237 0.186362
296 237 3.199777
189 238 0.232721
190 238 1.246337
237 238 0.755189
238 238 9.689572
239 238 0.133444
296 238 -0.001244
297 238 6.320638
190 239 0.297978
191 239 1.376552
192 239 0.250925
238 239 0.133444
239 239 15.682234
240 239 0.093926
297 239 -0.000766
298 239 12.528643
192 240 3.029345
193 240 0.356873
239 240 0.093926
240 240 24.069094
241 240 -0.052329
298 240 -0.000300
299 240 19.536321
193 241 4.006755
240 241 -0.052329
241 241 26.041593
242 241 0.397502
299 241 0.000032
300 241 20.584735
301 241 -0.000240
193 242 -0.213528
194 242 1.936373
195 242 0.240321
241 242 0.397502
242 242 18.173045
243 242 0.219006
301 242 14.165705
302 242 -0.000610
195 243 1.298765
242 243 0.219006
243 243 10.689745
244 243 1.003939
302 243 7.167355
303 243 -0.000680
195 244 0.330377
196 244 0.406348
243 244 1.003939
244 244 8.830890
245 244 1.789789
246 244 -0.437491
303 244 3.862947
244 245 1.789789
245 245 8.087710
246 245 1.415676
303 245 0.177830
304 245 3.520861
305 245 0.183553
196 246 1.336524
244 246 -0.437491
245 246 1.415676
246 246 11.796515
247 246 0.377175
305 246 7.229648
196 247 0.148264
197 247 1.664768
198 247 -0.168405
246 247 0.377175
247 247 16.691195
248 247 0.378969
305 247 -0.000809
306 247 12.952806
198 248 4.006571
199 248 -0.253522
204 248 -0.193708
207 248 0.437730
247 248 0.378969
248 248 28.421745
249 248 22.150930
306 248 -0.000316
207 249 -0.533059
211 249 0.562839
212 249 -0.000021
248 249 22.150930
249 249 100.208651
251 249 75.922492
306 249 0.039311
72 250 22.185216
206 250 -0.645290
211 250 0.678058
250 250 100.470303
251 250 75.922449
258 250 0.039290
211 251 0.010505
212 251 0.017555
249 251 75.922492
250 251 75.922449
251 251 152.873023
258 251 0.000021
165 252 8.530131
214 252 -0.132607
252 252 42.900759
253 252 0.305286
271 252 -0.000172
272 252 32.932557
273 252 0.000006
164 253 3.858741
165 253 -0.371007
252 253 0.305286
253 253 26.527678
254 253 0.475966
270 253 -0.000585
271 253 20.516093
161 254 -0.728179
162 254 0.947588
163 254 1.254906
164 254 -0.267751
253 254 0.475966
254 254 16.529819
255 254 1.029738
269 254 -0.006394
270 254 10.819297
161 255 1.437444
254 255 1.029738
255 255 9.196758
256 255 1.011253
268 255 0.166365
269 255 4.551958
161 256 1.023340
255 256 1.011253
256 256 6.273642
257 256 1.205712
268 256 2.033338
63 257 0.277012
160 257 1.074372
161 257 0.025646
256 257 1.205712
257 257 7.867283
267 257 4.118921
268 257 0.165621
71 258 12.952806
72 258 -0.000316
212 258 45.276162
250 258 0.039290
251 258 0.000021
258 258 59.335585
259 258 0.066990
69 259 0.183368
70 259 7.229906
71 259 -0.000809
212 259 0.000065
213 259 26.594442
258 259 0.066990
259 259 35.123604
260 259 -0.048024
19 260 20.578411
69 260 3.874250
213 260 0.208277
259 260 -0.048024
260 260 25.875410
261 260 0.166447
19 261 -0.208445
20 261 26.222049
67 261 -0.000799
68 261 7.063894
69 261 0.182919
260 261 0.166447
261 261 34.913640
262 261 0.069087
20 262 -0.000064
21 262 43.462323
66 262 -0.000327
67 262 12.420011
261 262 0.069087
262 262 56.993099
263 262 0.041288
21 263 -0.000021
22 263 68.497704
65 263 0.000023
66 263 19.812107
262 263 0.041288
263 263 89.377825
264 263 0.026682
22 264 0.000002
23 264 72.574066
65 264 21.040446
263 264 0.026682
264 264 94.677047
265 264 0.035851
23 265 0.000015
24 265 50.274015
64 265 14.426719
65 265 -0.000236
264 265 0.035851
265 265 65.795595
266 265 0.058758
24 266 0.000040
25 266 30.910314
63 266 8.728691
64 266 -0.000608
265 266 0.058758
266 266 40.795678
267 266 0.097267
25 267 0.000776
26 267 14.985869
63 267 -0.006056
257 267 4.118921
266 267 0.097267
267 267 20.566944
268 267 0.358055
26 268 -0.200290
27 268 7.042891
255 268 0.166365
256 268 2.033338
257 268 0.165621
267 268 0.358055
268 268 11.129828
269 268 0.163268
27 269 0.199511
28 269 16.337300
254 269 -0.006394
255 269 4.551958
268 269 0.163268
269 269 22.344946
270 269 0.086515
28 270 -0.000788
29 270 38.052089
253 270 -0.000585
254 270 10.819297
269 270 0.086515
270 270 50.004401
271 270 0.045128
29 271 -0.000039
30 271 70.975070
252 271 -0.000172
253 271 20.516093
270 271 0.045128
271 271 92.560533
272 271 0.024032
30 272 -0.000012
31 272 112.891580
252 272 32.932557
271 272 0.024032
272 272 146.864697
273 272 0.016516
31 273 -0.000001
32 273 106.198000
214 273 30.923530
252 273 0.000006
272 273 0.016516
273 273 138.166144
274 273 0.028091
32 274 0.000016
33 274 60.762399
214 274 -0.000232
215 274 17.506780
273 274 0.028091
274 274 79.350384
275 274 0.052866
33 275 0.000057
34 275 32.521436
215 275 -0.000795
216 275 9.192559
274 275 0.052866
275 275 42.868732
276 275 0.101020
34 276 0.006739
35 276 12.196781
216 276 0.002968
217 276 3.665221
218 276 -0.198332
275 276 0.101020
276 276 18.440370
277 276 1.269309
35 277 -0.416690
36 277 3.524476
218 277 1.717708
276 277 1.269309
277 277 8.925199
278 277 0.997017
36 278 0.361109
37 278 11.946961
218 278 -0.198332
219 278 3.665221
220 278 0.002968
277 278 0.997017
278 278 18.279371
279 278 0.107763
37 279 -0.006738
38 279 32.528498
220 279 9.192559
221 279 -0.000795
278 279 0.107763
279 279 42.889276
280 279 0.052923
38 280 -0.000057
39 280 60.762472
221 280 17.506780
222 280 -0.000232
279 280 0.052923
280 280 79.350570
281 280 0.028107
39 281 -0.000016
40 281 106.198020
222 281 30.923530
223 281 0.000006
280 281 0.028107
281 281 138.166194
282 281 0.016516
40 282 0.000001
41 282 112.891580
42 282 -0.000012
223 282 32.932557
281 282 0.016516
282 282 146.864697
283 282 0.024032
42 283 70.975070
43 283 -0.000039
223 283 -0.000172
224 283 20.516093
282 283 0.024032
283 283 92.560534
284 283 0.045128
43 284 38.052089
44 284 -0.000997
224 284 -0.000585
225 284 10.819234
283 284 0.045128
284 284 50.004756
285 284 0.086725
44 285 16.332006
45 285 0.448817
225 285 -0.004799
226 285 4.623280
284 285 0.086725
285 285 22.567387
286 285 -0.071761
45 286 10.388532
46 286 -0.472489
226 286 0.318870
227 286 2.794242
228 286 0.318870
285 286 -0.071761
286 286 15.701294
287 286 0.336531
46 287 16.629287
47 287 0.000997
228 287 4.623280
229 287 -0.004799
286 287 0.336531
287 287 22.680622
288 287 0.085728
47 288 38.051037
48 288 0.000039
229 288 10.819234
230 288 -0.000585
287 288 0.085728
288 288 50.001711
289 288 0.045088
48 289 70.975019
49 289 0.000012
230 289 20.516093
231 289 -0.000172
288 289 0.045088
289 289 92.560404
290 289 0.024020
49 290 112.891570
50 290 0.000001
231 290 32.932557
289 290 0.024020
290 290 146.864663
291 290 0.016516
50 291 106.198020
51 291 -0.000016
231 291 0.000006
232 291 30.923530
290 291 0.016516
291 291 138.166194
292 291 0.028107
51 292 60.762472
52 292 -0.000057
232 292 -0.000232
233 292 17.506780
291 292 0.028107
292 292 79.350570
293 292 0.052923
52 293 27.688527
53 293 0.000073
233 293 -0.000794
234 293 7.827222
292 293 0.052923
293 293 36.743484
294 293 0.173945
53 294 12.316343
54 294 0.203480
234 294 -0.001343
235 294 3.486230
293 294 0.173945
294 294 17.182981
295 294 -0.001641
54 295 12.437009
55 295 -0.203813
235 295 0.187443
236 295 3.487507
237 295 0.186362
294 295 -0.001641
295 295 17.707326
296 295 0.203551
55 296 11.527533
56 296 -0.000084
237 296 3.199777
238 296 -0.001244
295 296 0.203551
296 296 16.129710
297 296 0.197522
56 297 22.507807
57 297 0.000053
238 297 6.320638
239 297 -0.000766
296 297 0.197522
297 297 30.094167
298 297 0.067380
57 298 43.826330
58 298 0.000020
239 298 12.528643
240 298 -0.000300
297 298 0.067380
298 298 57.463990
299 298 0.041317
58 299 67.560100
59 299 -0.000003
240 299 19.536321
241 299 0.000032
298 299 0.041317
299 299 88.165064
300 299 0.027291
59 300 71.030844
60 300 -0.000016
241 300 20.584735
299 300 0.027291
300 300 92.679509
301 300 0.036623
60 301 49.386332
61 301 -0.000039
241 301 -0.000240
242 301 14.165705
300 301 0.036623
301 301 64.648554
302 301 0.059615
61 302 25.390911
62 302 -0.000111
242 302 -0.000610
243 302 7.167355
301 302 0.059615
302 302 33.792951
303 302 0.174349
19 303 -0.208812
62 303 14.834369
243 303 -0.000680
244 303 3.862947
245 303 0.177830
302 303 0.174349
303 303 20.458581
304 303 0.199593
19 304 18.904883
213 304 0.208293
245 304 3.520861
303 304 0.199593
304 304 23.881804
305 304 -0.048174
212 305 0.000065
213 305 26.594424
245 305 0.183553
246 305 7.229648
247 305 -0.000809
304 305 -0.048174
305 305 35.123664
306 305 0.066990
212 306 45.276182
247 306 12.952806
248 306 -0.000316
249 306 0.039311
305 306 0.066990
306 306 59.335605