306 306 2018
1 1 2.442591
2 1 -0.058913
18 1 -0.060233
86 1 1.181000
107 1 0.142445
1 2 -0.058913
2 2 2.269009
3 2 -0.020455
4 2 -0.055277
77 2 0.909692
85 2 0.196475
86 2 -0.028197
2 3 -0.020455
3 3 2.223427
4 3 1.202972
2 4 -0.055277
3 4 1.202972
4 4 2.781678
5 4 0.455434
77 4 -0.067995
4 5 0.455434
5 5 1.714251
6 5 0.100518
77 5 0.158299
5 6 0.100518
6 6 1.771056
7 6 -0.073586
76 6 0.013546
77 6 0.583407
6 7 -0.073586
7 7 1.908282
8 7 -0.069357
75 7 0.192042
76 7 0.573297
7 8 -0.069357
8 8 1.902617
9 8 0.116231
75 8 0.717029
8 9 0.116231
9 9 2.463272
10 9 0.299514
74 9 0.752562
75 9 -0.294965
9 10 0.299514
10 10 2.314025
11 10 0.521993
73 10 0.211665
74 10 -0.280852
10 11 0.521993
11 11 1.652863
12 11 -0.096827
73 11 0.034042
11 12 -0.096827
12 12 3.080127
13 12 -0.167000
73 12 1.478781
78 12 0.337518
12 13 -0.167000
13 13 2.496198
14 13 -0.054854
78 13 0.960955
87 13 0.313389
13 14 -0.054854
14 14 1.486170
15 14 -0.003049
87 14 0.356949
108 14 0.071318
14 15 -0.003049
15 15 1.139722
16 15 0.003507
108 15 0.133166
15 16 0.003507
16 16 1.082295
17 16 -0.001267
108 16 -0.001791
208 16 0.075730
16 17 -0.001267
17 17 1.134309
18 17 -0.006631
147 17 0.117779
208 17 0.008633
1 18 -0.060233
17 18 -0.006631
18 18 1.523488
107 18 0.379315
147 18 0.077309
19 19 12.841942
20 19 0.262674
62 19 0.265178
213 19 0.047909
260 19 5.446017
261 19 -0.604637
303 19 -0.604932
304 19 4.610596
19 20 0.262674
20 20 15.626089
21 20 0.257621
261 20 13.605767
262 20 -0.500027
20 21 0.257621
21 21 24.240300
22 21 0.254609
262 21 22.228064
263 21 -0.500006
21 22 0.254609
22 22 36.756165
23 22 0.253010
263 22 34.748552
264 22 -0.499994
22 23 0.253010
23 23 38.797204
24 23 0.254004
264 23 36.790203
265 23 -0.499987
23 24 0.254004
24 24 27.652221
25 24 0.256491
265 24 25.641751
266 24 -0.499975
24 25 0.256491
25 25 17.978477
26 25 0.260187
266 25 15.962192
267 25 -0.499607
25 26 0.260187
26 26 10.241629
27 26 0.427268
267 26 7.954021
268 26 -0.600152
26 27 0.427268
27 27 3.566895
28 27 0.078400
268 27 2.055598
269 27 -0.005629
27 28 0.078400
28 28 1.097548
29 28 0.018714
269 28 -0.000133
270 28 0.000301
28 29 0.018714
29 29 1.029128
30 29 0.010033
270 29 0.000290
271 29 0.000092
29 30 0.010033
30 30 1.016144
31 30 0.005401
271 30 0.000683
272 30 0.000027
30 31 0.005401
31 31 1.010295
32 31 0.003757
272 31 0.001133
273 31 -0.000004
31 32 0.003757
32 32 1.011232
33 32 0.006340
273 32 0.001099
274 32 -0.000036
32 33 0.006340
33 33 1.019042
34 33 0.011844
274 33 0.000733
275 33 -0.000124
33 34 0.011844
34 34 1.036706
35 34 0.022761
275 34 0.001230
276 34 -0.000871
34 35 0.022761
35 35 1.305796
36 35 0.160698
276 35 -0.046517
277 35 0.075820
35 36 0.160698
36 36 2.956931
37 36 0.007529
277 36 1.361884
278 36 0.426820
36 37 0.007529
37 37 12.963077
38 37 0.000141
278 37 11.947798
279 37 -0.007609
37 38 0.000141
38 38 33.528984
39 38 0.000040
279 38 32.528621
280 38 -0.000181
38 39 0.000040
39 39 61.762612
40 39 0.000012
280 39 60.762508
281 39 -0.000052
39 40 0.000012
40 40 107.198044
41 40 -0.000009
281 40 106.198020
282 40 -0.000003
40 41 -0.000009
41 41 113.891598
42 41 0.000009
282 41 112.891580
41 42 0.000009
42 42 71.975174
43 42 0.000030
282 42 -0.000038
283 42 70.975097
42 43 0.000030
43 43 39.052441
44 43 0.000102
283 43 -0.000131
284 43 38.052179
43 44 0.000102
44 44 17.334919
45 44 0.001204
284 44 -0.001304
285 44 16.332309
44 45 0.001204
45 45 6.323761
46 45 0.049513
285 45 0.473807
286 45 4.799238
45 46 0.049513
46 46 1.111278
47 46 0.019021
286 46 0.026303
287 46 -0.016441
46 47 0.019021
47 47 1.030146
48 47 0.010124
287 47 -0.000308
288 47 0.000693
47 48 0.010124
48 48 1.016446
49 48 0.005428
288 48 -0.000092
289 48 0.000802
48 49 0.005428
49 49 1.010364
50 49 0.003753
289 49 -0.000027
290 49 0.001156
49 50 0.003753
50 50 1.011119
51 50 0.006304
290 50 0.000004
291 50 0.001058
50 51 0.006304
51 51 1.018631
52 51 0.011719
291 51 0.000036
292 51 0.000571
51 52 0.011719
52 52 1.049991
53 52 0.037993
292 52 0.000124
293 52 0.000154
52 53 0.037993
53 53 1.081665
54 53 0.043189
293 53 0.000304
294 53 -0.000179
53 54 0.043189
54 54 4.800027
55 54 0.395202
294 54 -0.003006
295 54 3.358630
54 55 0.395202
55 55 8.495215
56 55 0.271576
295 55 -0.601903
296 55 6.226534
55 56 0.271576
56 56 13.786448
57 56 0.257411
296 56 -0.500037
297 56 11.757424
56 57 0.257411
57 57 24.430399
58 57 0.254603
297 57 -0.499968
298 57 22.418416
57 58 0.254603
58 58 36.291216
59 58 0.253079
298 58 -0.499985
299 58 34.283549
58 59 0.253079
59 59 38.023537
60 59 0.254096
299 59 -0.499997
300 59 36.016365
59 60 0.254096
60 60 27.201301
61 60 0.256603
300 60 -0.500003
301 60 25.190599
60 61 0.256603
61 61 15.216843
62 61 0.269093
301 61 -0.500015
302 61 13.191132
19 62 0.265178
61 62 0.269093
62 62 9.948463
302 62 -0.500050
303 62 7.914141
63 63 7.102860
64 63 0.212798
159 63 1.101381
160 63 -0.376126
257 63 0.035679
266 63 3.879974
267 63 0.496903
63 64 0.212798
64 64 11.321678
65 64 -0.418392
157 64 0.626706
158 64 1.235275
159 64 -0.605419
265 64 6.723401
266 64 0.499687
64 65 -0.418392
65 65 15.557621
66 65 0.575794
157 65 2.042616
263 65 -0.499984
264 65 10.520959
265 65 0.499876
65 66 0.575794
66 66 15.971178
67 66 0.698514
156 66 2.242540
157 66 -0.550980
262 66 -0.500157
263 66 10.403193
66 67 0.698514
67 67 11.114278
68 67 0.202292
154 67 0.716450
155 67 0.727146
156 67 -0.571210
261 67 -0.500387
262 67 6.698279
67 68 0.202292
68 68 5.741767
69 68 0.559128
154 68 0.598653
261 68 3.381694
68 69 0.559128
69 69 4.253954
70 69 0.677028
153 69 0.240715
154 69 -0.442822
259 69 -0.026046
260 69 0.716449
261 69 0.591766
69 70 0.677028
70 70 2.094585
71 70 0.361000
153 70 -0.023844
259 70 0.032713
70 71 0.361000
71 71 1.848661
72 71 0.210286
151 71 0.060717
152 71 -0.118520
153 71 0.095579
258 71 -0.000647
259 71 0.001912
71 72 0.210286
72 72 1.349100
150 72 0.017772
151 72 -0.016581
203 72 0.101641
206 72 0.002117
250 72 -0.000018
258 72 0.000685
10 73 0.211665
11 73 0.034042
12 73 1.478781
73 73 4.411603
74 73 1.288077
78 73 0.065009
79 73 -0.275698
80 73 0.058330
9 74 0.752562
10 74 -0.280852
73 74 1.288077
74 74 4.407673
75 74 0.493641
80 74 0.368668
81 74 -0.223873
7 75 0.192042
8 75 0.717029
9 75 -0.294965
74 75 0.493641
75 75 3.852228
76 75 -0.221009
81 75 0.615249
82 75 0.318293
6 76 0.013546
7 76 0.573297
75 76 -0.221009
76 76 3.051935
77 76 0.128415
82 76 0.124305
83 76 0.292425
84 76 0.698938
2 77 0.909692
4 77 -0.067995
5 77 0.158299
6 77 0.583407
76 77 0.128415
77 77 2.934947
84 77 -0.067148
85 77 -0.019991
12 78 0.337518
13 78 0.960955
73 78 0.065009
78 78 3.884920
79 78 1.290344
87 78 -0.174442
88 78 -0.056652
73 79 -0.275698
78 79 1.290344
79 79 5.159457
80 79 1.345055
88 79 0.299109
89 79 -0.031749
90 79 -0.320166
91 79 0.218723
92 79 0.378613
73 80 0.058330
74 80 0.368668
79 80 1.345055
80 80 4.021769
81 80 1.026428
92 80 -0.053258
93 80 -0.041296
94 80 -0.128733
74 81 -0.223873
75 81 0.615249
80 81 1.026428
81 81 3.762982
82 81 -0.086622
94 81 0.461073
95 81 0.287847
96 81 -0.061889
75 82 0.318293
76 82 0.124305
81 82 -0.086622
82 82 2.911480
83 82 0.191677
96 82 0.442249
97 82 0.370235
98 82 0.378099
76 83 0.292425
82 83 0.191677
83 83 2.652720
84 83 0.050416
98 83 0.043402
99 83 0.361480
100 83 0.713320
76 84 0.698938
77 84 -0.067148
83 84 0.050416
84 84 3.220594
85 84 1.149255
100 84 -0.065898
101 84 -0.040199
102 84 0.148740
2 85 0.196475
77 85 -0.019991
84 85 1.149255
85 85 3.910136
86 85 0.899410
102 85 0.130457
103 85 0.149038
104 85 -0.339826
105 85 0.025684
1 86 1.181000
2 86 -0.028197
85 86 0.899410
86 86 3.536703
105 86 0.267575
106 86 -0.155999
107 86 0.004522
13 87 0.313389
14 87 0.356949
78 87 -0.174442
87 87 2.816522
88 87 0.840322
108 87 -0.054759
109 87 0.076660
78 88 -0.056652
79 88 0.299109
87 88 0.840322
88 88 3.229572
89 88 0.906930
109 88 -0.126560
79 89 -0.031749
88 89 0.906930
89 89 3.347536
90 89 1.301164
109 89 0.085182
110 89 -0.006299
111 89 -0.016212
79 90 -0.320166
89 90 1.301164
90 90 5.259603
91 90 1.056236
111 90 0.124175
112 90 -0.026585
113 90 -0.327126
114 90 0.222071
115 90 0.267690
116 90 0.614389
79 91 0.218723
90 91 1.056236
91 91 3.864932
92 91 0.803370
116 91 -0.193350
117 91 0.031816
118 91 0.561438
79 92 0.378613
80 92 -0.053258
91 92 0.803370
92 92 3.865715
93 92 1.402027
118 92 -0.174681
119 92 0.024224
120 92 -0.029543
80 93 -0.041296
92 93 1.402027
93 93 4.320065
94 93 1.789887
120 93 0.040766
121 93 -0.017712
122 93 0.028377
80 94 -0.128733
81 94 0.461073
93 94 1.789887
94 94 4.870874
95 94 0.908360
122 94 0.240381
123 94 -0.103342
124 94 -0.239098
81 95 0.287847
94 95 0.908360
95 95 3.386238
96 95 0.806137
124 95 0.383894
81 96 -0.061889
82 96 0.442249
95 96 0.806137
96 96 3.503667
97 96 -0.164625
124 96 0.451377
125 96 0.380728
126 96 0.196662
82 97 0.370235
96 97 -0.164625
97 97 3.258114
98 97 -0.204056
126 97 0.400666
127 97 0.657137
128 97 0.461395
82 98 0.378099
83 98 0.043402
97 98 -0.204056
98 98 3.081188
99 98 0.239670
128 98 0.275200
129 98 0.541372
130 98 0.399390
83 99 0.361480
98 99 0.239670
99 99 2.693511
100 99 0.104177
130 99 0.144152
131 99 0.844032
83 100 0.713320
84 100 -0.065898
99 100 0.104177
100 100 3.945149
101 100 1.600021
131 100 -0.219703
132 100 0.242030
84 101 -0.040199
100 101 1.600021
101 101 4.077890
102 101 0.994609
132 101 -0.042977
133 101 -0.117574
134 101 0.282509
84 102 0.148740
85 102 0.130457
101 102 0.994609
102 102 3.625681
103 102 1.080121
134 102 0.042923
135 102 -0.215517
136 102 0.013314
85 103 0.149038
102 103 1.080121
103 103 4.369948
104 103 1.349676
136 103 0.509217
137 103 0.037607
138 103 0.033737
139 103 -0.210552
85 104 -0.339826
103 104 1.349676
104 104 5.471327
105 104 1.168847
139 104 0.548034
140 104 0.229281
141 104 0.245681
142 104 -0.311077
143 104 -0.060379
144 104 0.218525
85 105 0.025684
86 105 0.267575
104 105 1.168847
105 105 3.352948
106 105 0.715489
144 105 -0.036910
145 105 -0.138444
86 106 -0.155999
105 106 0.715489
106 106 2.880648
107 106 0.720029
145 106 0.194021
146 106 -0.037377
147 106 0.057734
1 107 0.142445
18 107 0.379315
86 107 0.004522
106 107 0.720029
107 107 2.329406
147 107 -0.083094
14 108 0.071318
15 108 0.133166
16 108 -0.001791
87 108 -0.054759
108 108 1.580308
109 108 0.266400
148 108 0.037275
208 108 -0.015599
87 109 0.076660
88 109 -0.126560
89 109 0.085182
108 109 0.266400
109 109 2.063216
110 109 0.466061
148 109 -0.015156
149 109 0.027198
89 110 -0.006299
109 110 0.466061
110 110 2.205039
111 110 0.662541
149 110 -0.027312
150 110 0.042826
89 111 -0.016212
90 111 0.124175
110 111 0.662541
111 111 2.885892
112 111 0.993283
150 111 -0.048124
151 111 -0.041556
90 112 -0.026585
111 112 0.993283
112 112 3.591175
113 112 1.517546
151 112 0.018875
152 112 0.034886
90 113 -0.327126
112 113 1.517546
113 113 5.425355
114 113 1.261410
152 113 0.127050
153 113 -0.251406
154 113 0.047051
155 113 0.893766
90 114 0.222071
113 114 1.261410
114 114 4.617591
115 114 0.893471
155 114 -0.334151
156 114 0.906487
90 115 0.267690
114 115 0.893471
115 115 3.802092
116 115 0.224251
156 115 -0.345971
157 115 1.070709
90 116 0.614389
91 116 -0.193350
115 116 0.224251
116 116 4.063379
117 116 1.012601
157 116 -0.310859
158 116 0.707929
91 117 0.031816
116 117 1.012601
117 117 4.374500
118 117 0.648472
158 117 -0.474514
159 117 0.400855
160 117 0.137998
161 117 0.668245
91 118 0.561438
92 118 -0.174681
117 118 0.648472
118 118 4.332036
119 118 1.409809
161 118 -0.287463
162 118 0.076894
163 118 0.173279
92 119 0.024224
118 119 1.409809
119 119 3.503264
120 119 0.982912
163 119 0.039448
164 119 -0.046870
92 120 -0.029543
93 120 0.040766
119 120 0.982912
120 120 3.048144
121 120 0.878469
164 120 0.017599
165 120 -0.056154
166 120 0.042701
93 121 -0.017712
120 121 0.878469
121 121 3.179526
122 121 1.259996
166 121 0.023350
93 122 0.028377
94 122 0.240381
121 122 1.259996
122 122 3.704839
123 122 1.043902
166 122 -0.132183
94 123 -0.103342
122 123 1.043902
123 123 3.769394
124 123 1.206982
166 123 0.198959
167 123 -0.042888
168 123 0.074948
169 123 -0.098374
94 124 -0.239098
95 124 0.383894
96 124 0.451377
123 124 1.206982
124 124 4.198519
125 124 -0.299479
169 124 0.305444
170 124 0.224590
171 124 0.087655
96 125 0.380728
124 125 -0.299479
125 125 6.384842
126 125 0.801769
171 125 0.763180
172 125 0.851095
173 125 1.528638
174 125 -0.759954
96 126 0.196662
97 126 0.400666
125 126 0.801769
126 126 3.149895
127 126 -0.062206
174 126 0.688591
97 127 0.657137
126 127 -0.062206
127 127 3.123294
128 127 0.098507
174 127 1.305444
97 128 0.461395
98 128 0.275200
127 128 0.098507
128 128 3.265938
129 128 -0.077080
174 128 0.096431
175 128 1.257325
98 129 0.541372
128 129 -0.077080
129 129 3.423875
130 129 -0.219152
175 129 0.476818
176 129 1.109453
98 130 0.399390
99 130 0.144152
129 130 -0.219152
130 130 3.477702
131 130 -0.098864
176 130 0.212111
177 130 0.725923
178 130 0.678110
99 131 0.844032
100 131 -0.219703
130 131 -0.098864
131 131 3.825100
132 131 0.840670
178 131 -0.010230
179 131 0.323221
180 131 0.488380
100 132 0.242030
101 132 -0.042977
131 132 0.840670
132 132 3.489063
133 132 1.142380
180 132 -0.134457
181 132 0.063701
182 132 -0.022848
101 133 -0.117574
132 133 1.142380
133 133 3.285630
134 133 0.851326
182 133 0.006365
183 133 0.167986
101 134 0.282509
102 134 0.042923
133 134 0.851326
134 134 3.307097
135 134 0.936013
183 134 -0.194326
102 135 -0.215517
134 135 0.936013
135 135 3.628989
136 135 1.080405
183 135 0.137132
184 135 -0.066542
185 135 0.193380
102 136 0.013314
103 136 0.509217
135 136 1.080405
136 136 3.358916
137 136 0.549784
185 136 -0.206197
103 137 0.037607
136 137 0.549784
137 137 3.298733
138 137 1.114267
185 137 0.449693
186 137 -0.000821
187 137 -0.139884
188 137 -0.006678
103 138 0.033737
137 138 1.114267
138 138 4.619863
139 138 1.318508
188 138 0.586552
189 138 0.194988
190 138 0.045031
191 138 -0.326780
103 139 -0.210552
104 139 0.548034
138 139 1.318508
139 139 4.210472
140 139 0.171329
191 139 0.684590
192 139 -0.277459
104 140 0.229281
139 140 0.171329
140 140 3.324496
141 140 0.733747
192 140 0.960592
193 140 -0.229548
104 141 0.245681
140 141 0.733747
141 141 4.130383
142 141 1.113177
193 141 0.801874
194 141 -0.235904
104 142 -0.311077
141 142 1.113177
142 142 5.300871
143 142 1.581853
194 142 0.802494
195 142 0.157589
196 142 -0.252885
197 142 0.081795
104 143 -0.060379
142 143 1.581853
143 143 3.735150
144 143 0.945555
197 143 0.049446
198 143 -0.033471
199 143 0.064447
104 144 0.218525
105 144 -0.036910
143 144 0.945555
144 144 3.109432
145 144 0.801643
199 144 -0.106799
105 145 -0.138444
106 145 0.194021
144 145 0.801643
145 145 2.607479
146 145 0.372843
199 145 0.063332
200 145 -0.037195
106 146 -0.037377
145 146 0.372843
146 146 1.699226
147 146 0.242150
200 146 0.045460
201 146 -0.001396
17 147 0.117779
18 147 0.077309
106 147 0.057734
107 147 -0.083094
146 147 0.242150
147 147 1.612111
201 147 0.015328
208 147 -0.018717
108 148 0.037275
109 148 -0.015156
148 148 1.240000
149 148 0.127660
202 148 0.011922
208 148 0.044298
209 148 -0.003688
109 149 0.027198
110 149 -0.027312
148 149 0.127660
149 149 1.445587
150 149 0.250509
202 149 -0.003641
203 149 0.009267
72 150 0.017772
110 150 0.042826
111 150 -0.048124
149 150 0.250509
150 150 1.838750
151 150 0.474638
203 150 -0.004880
71 151 0.060717
72 151 -0.016581
111 151 -0.041556
112 151 0.018875
150 151 0.474638
151 151 2.264585
152 151 0.652217
71 152 -0.118520
112 152 0.034886
113 152 0.127050
151 152 0.652217
152 152 2.966005
153 152 1.033331
69 153 0.240715
70 153 -0.023844
71 153 0.095579
113 153 -0.251406
152 153 1.033331
153 153 4.049507
154 153 1.404632
67 154 0.716450
68 154 0.598653
69 154 -0.442822
113 154 0.047051
153 154 1.404632
154 154 4.385239
155 154 0.175630
67 155 0.727146
113 155 0.893766
114 155 -0.334151
154 155 0.175630
155 155 3.986134
156 155 0.855441
66 156 2.242540
67 156 -0.571210
114 156 0.906487
115 156 -0.345971
155 156 0.855441
156 156 6.477205
157 156 0.555556
64 157 0.626706
65 157 2.042616
66 157 -0.550980
115 157 1.070709
116 157 -0.310859
156 157 0.555556
157 157 6.202181
158 157 0.044757
64 158 1.235275
116 158 0.707929
117 158 -0.474514
157 158 0.044757
158 158 5.020154
159 158 1.557680
63 159 1.101381
64 159 -0.605419
117 159 0.400855
158 159 1.557680
159 159 5.983078
160 159 1.317743
63 160 -0.376126
117 160 0.137998
159 160 1.317743
160 160 4.298976
161 160 0.520035
257 160 0.947075
117 161 0.668245
118 161 -0.287463
160 161 0.520035
161 161 5.164104
162 161 1.540994
254 161 0.126596
255 161 0.025838
256 161 0.489417
257 161 -0.505514
118 162 0.076894
161 162 1.540994
162 162 3.800698
163 162 1.119878
254 162 0.062931
118 163 0.173279
119 163 0.039448
162 163 1.119878
163 163 3.160652
164 163 0.668467
254 163 -0.159580
119 164 -0.046870
120 164 0.017599
163 164 0.668467
164 164 2.229283
165 164 0.398705
253 164 -0.024650
254 164 0.072992
120 165 -0.056154
164 165 0.398705
165 165 1.799478
166 165 0.282532
214 165 0.026047
252 165 -0.000243
253 165 0.035797
120 166 0.042701
121 166 0.023350
122 166 -0.132183
123 166 0.198959
165 166 0.282532
166 166 2.020207
167 166 0.311736
214 166 -0.028746
123 167 -0.042888
166 167 0.311736
167 167 2.180822
168 167 0.780774
214 167 0.012516
215 167 -0.000912
216 167 0.031997
123 168 0.074948
167 168 0.780774
168 168 3.009860
169 168 1.090633
216 168 -0.063506
123 169 -0.098374
124 169 0.305444
168 169 1.090633
169 169 3.391675
170 169 0.717863
216 169 0.035802
217 169 -0.143559
124 170 0.224590
169 170 0.717863
170 170 4.291544
171 170 0.943913
217 170 0.551880
218 170 0.517870
219 170 -0.335428
124 171 0.087655
125 171 0.763180
170 171 0.943913
171 171 4.011912
172 171 -0.082524
219 171 1.017872
220 171 0.116768
125 172 0.851095
171 172 -0.082524
172 172 3.557843
173 172 0.099054
220 172 1.525170
125 173 1.528638
172 173 0.099054
173 173 6.979134
174 173 0.686563
220 173 0.051343
221 173 3.460526
222 173 -0.153011
125 174 -0.759954
126 174 0.688591
127 174 1.305444
128 174 0.096431
173 174 0.686563
174 174 10.076801
175 174 -0.178449
222 174 5.361370
128 175 1.257325
129 175 0.476818
174 175 -0.178449
175 175 10.478708
176 175 -0.278756
222 175 0.049204
223 175 7.172122
224 175 0.066035
129 176 1.109453
130 176 0.212111
175 176 -0.278756
176 176 6.460124
177 176 0.175281
224 176 3.683678
225 176 -0.000845
130 177 0.725923
176 177 0.175281
177 177 3.712633
178 177 -0.131347
225 177 1.680082
130 178 0.678110
131 178 -0.010230
177 178 -0.131347
178 178 3.797834
179 178 0.684030
225 178 0.170931
226 178 1.123185
131 179 0.323221
178 179 0.684030
179 179 4.296118
180 179 0.402138
226 179 -0.339925
227 179 1.043453
228 179 0.503352
131 180 0.488380
132 180 -0.134457
179 180 0.402138
180 180 3.366439
181 180 1.208039
228 180 -0.099084
229 180 0.034341
132 181 0.063701
180 181 1.208039
181 181 3.133386
182 181 0.806181
229 181 -0.055464
132 182 -0.022848
133 182 0.006365
181 182 0.806181
182 182 2.215924
183 182 0.347857
229 182 0.024767
230 182 -0.007906
133 183 0.167986
134 183 -0.194326
135 183 0.137132
182 183 0.347857
183 183 2.128474
184 183 0.263156
230 183 0.007836
231 183 -0.010179
135 184 -0.066542
183 184 0.263156
184 184 1.778895
185 184 0.368748
231 184 0.012023
232 184 -0.000279
233 184 0.068147
135 185 0.193380
136 185 -0.206197
137 185 0.449693
184 185 0.368748
185 185 2.812571
186 185 0.478935
233 185 -0.115619
137 186 -0.000821
185 186 0.478935
186 186 2.651778
187 186 0.997129
233 186 0.115942
234 186 -0.058951
137 187 -0.139884
186 187 0.997129
187 187 3.486906
188 187 1.184061
234 187 0.071241
235 187 0.014934
236 187 0.079657
137 188 -0.006678
138 188 0.586552
187 188 1.184061
188 188 3.132351
189 188 0.259092
236 188 -0.095967
138 189 0.194988
188 189 0.259092
189 189 4.078484
190 189 1.022494
236 189 0.711490
237 189 0.477942
238 189 -0.412478
138 190 0.045031
189 190 1.022494
190 190 4.910730
191 190 1.450447
238 190 1.064708
239 190 -0.328050
138 191 -0.326780
139 191 0.684590
190 191 1.450447
191 191 4.224054
192 191 0.177005
239 191 0.585232
139 192 -0.277459
140 192 0.960592
191 192 0.177005
192 192 4.255358
193 192 -0.133842
239 192 0.631629
240 192 1.074830
140 193 -0.229548
141 193 0.801874
192 193 -0.133842
193 193 6.052370
194 193 0.603889
240 193 0.682916
241 193 2.001804
242 193 -0.598496
141 194 -0.235904
142 194 0.802494
193 194 0.603889
194 194 3.578982
195 194 0.026602
242 194 0.910093
142 195 0.157589
194 195 0.026602
195 195 3.818769
196 195 0.949113
242 195 0.629912
243 195 0.644946
244 195 -0.410607
142 196 -0.252885
195 196 0.949113
196 196 3.798164
197 196 0.994282
244 196 0.440904
246 196 -0.092846
247 196 0.068134
142 197 0.081795
143 197 0.049446
196 197 0.994282
197 197 2.874121
198 197 0.648737
247 197 -0.099861
143 198 -0.033471
197 198 0.648737
198 198 2.182822
199 198 0.425562
247 198 0.058721
248 198 -0.016331
143 199 0.064447
144 199 -0.106799
145 199 0.063332
198 199 0.425562
199 199 1.925693
200 199 0.243021
204 199 -0.005149
248 199 0.017384
145 200 -0.037195
146 200 0.045460
199 200 0.243021
200 200 1.447547
201 200 0.108770
204 200 0.009657
205 200 -0.003444
146 201 -0.001396
147 201 0.015328
200 201 0.108770
201 201 1.202029
205 201 0.011600
208 201 0.056869
209 201 -0.008066
148 202 0.011922
149 202 -0.003641
202 202 1.099880
203 202 0.054441
206 202 0.004279
209 202 0.023556
210 202 -0.002041
72 203 0.101641
149 203 0.009267
150 203 -0.004880
202 203 0.054441
203 203 1.172538
206 203 -0.002310
199 204 -0.005149
200 204 0.009657
204 204 1.172947
205 204 0.054110
207 204 -0.002307
248 204 0.101725
200 205 -0.003444
201 205 0.011600
204 205 0.054110
205 205 1.099226
207 205 0.004262
209 205 0.023702
210 205 -0.002108
72 206 0.002117
202 206 0.004279
203 206 -0.002310
206 206 1.043792
210 206 0.011096
211 206 0.001043
250 206 0.022946
204 207 -0.002307
205 207 0.004262
207 207 1.043858
210 207 0.011102
211 207 0.001046
248 207 0.002099
249 207 0.023042
16 208 0.075730
17 208 0.008633
108 208 -0.015599
147 208 -0.018717
148 208 0.044298
201 208 0.056869
208 208 1.256506
209 208 0.036659
148 209 -0.003688
201 209 -0.008066
202 209 0.023556
205 209 0.023702
208 209 0.036659
209 209 1.112979
210 209 0.017309
202 210 -0.002041
205 210 -0.002108
206 210 0.011096
207 210 0.011102
209 210 0.017309
210 210 1.050208
211 210 0.006552
206 211 0.001043
207 211 0.001046
210 211 0.006552
211 211 1.019551
249 211 0.000162
250 211 0.000201
251 211 0.010547
212 212 1.048978
213 212 0.029825
249 212 0.000058
251 212 0.017593
258 212 0.000617
259 212 -0.000162
305 212 -0.000162
306 212 0.000559
19 213 0.047909
212 213 0.029825
213 213 1.081079
259 213 -0.000683
260 213 0.000989
304 213 0.000989
305 213 -0.000683
165 214 0.026047
166 214 -0.028746
167 214 0.012516
214 214 1.263764
215 214 0.133300
252 214 0.062491
273 214 0.000233
274 214 0.000430
167 215 -0.000912
214 215 0.133300
215 215 1.381077
216 215 0.245056
274 215 -0.000336
275 215 0.001474
167 216 0.031997
168 216 -0.063506
169 216 0.035802
215 216 0.245056
216 216 1.841532
217 216 0.457654
275 216 -0.002075
276 216 0.005443
169 217 -0.143559
170 217 0.551880
216 217 0.457654
217 217 2.889447
218 217 0.640771
276 217 -0.095582
170 218 0.517870
217 218 0.640771
218 218 4.626000
219 218 0.939692
276 218 0.235235
277 218 0.858862
278 218 -0.433569
170 219 -0.335428
171 219 1.017872
218 219 0.939692
219 219 7.086039
220 219 -0.032208
278 219 3.760840
171 220 0.116768
172 220 1.525170
173 220 0.051343
219 220 -0.032208
220 220 12.038206
221 220 -0.115519
278 220 -0.002474
279 220 9.194725
173 221 3.460526
220 221 -0.115519
221 221 22.225256
222 221 0.139653
279 221 -0.002269
280 221 17.507290
173 222 -0.153011
174 222 5.361370
175 222 0.049204
221 222 0.139653
222 222 37.654754
223 222 -0.027249
280 222 -0.000662
281 222 30.923606
175 223 7.172122
222 223 -0.027249
223 223 41.160698
224 223 0.028214
281 223 -0.000038
282 223 32.932587
283 223 -0.000489
175 224 0.066035
176 224 3.683678
223 224 0.028214
224 224 25.381213
225 224 -0.085149
283 224 20.516469
284 224 -0.001667
176 225 -0.000845
177 225 1.680082
178 225 0.170931
224 225 -0.085149
225 225 13.825846
226 225 -0.059727
284 225 10.820504
285 225 -0.008607
178 226 1.123185
179 226 -0.339925
225 226 -0.059727
226 226 7.912639
227 226 0.373264
285 226 4.597602
286 226 0.418935
179 227 1.043453
226 227 0.373264
227 227 4.189797
228 227 0.375945
286 227 1.397135
179 228 0.503352
180 228 -0.099084
227 228 0.375945
228 228 2.517668
229 228 0.413501
286 228 -0.100062
287 228 0.025724
180 229 0.034341
181 229 -0.055464
182 229 0.024767
228 229 0.413501
229 229 1.756415
230 229 0.223372
287 229 0.003808
288 229 -0.001162
182 230 -0.007906
183 230 0.007836
229 230 0.223372
230 230 1.353450
231 230 0.113082
288 230 0.001083
289 230 -0.000172
183 231 -0.010179
184 231 0.012023
230 231 0.113082
231 231 1.203219
232 231 0.067275
289 231 0.000317
290 231 0.000299
291 231 0.000043
184 232 -0.000279
231 232 0.067275
232 232 1.180654
233 232 0.112437
291 232 0.000233
292 232 0.000430
184 233 0.068147
185 233 -0.115619
186 233 0.115942
232 233 0.112437
233 233 1.648023
234 233 0.234069
292 233 -0.000336
293 233 0.001473
186 234 -0.058951
187 234 0.071241
233 234 0.234069
234 234 2.002592
235 234 0.632998
293 234 -0.001531
294 234 0.003803
187 235 0.014934
234 235 0.632998
235 235 2.291478
236 235 0.629185
294 235 -0.000299
295 235 -0.014063
187 236 0.079657
188 236 -0.095967
189 236 0.711490
235 236 0.629185
236 236 3.278501
237 236 -0.187355
295 236 0.574847
189 237 0.477942
236 237 -0.187355
237 237 3.774028
238 237 0.420255
295 237 0.587994
296 237 1.100483
189 238 -0.412478
190 238 1.064708
237 238 0.420255
238 238 6.095577
239 238 -0.022295
296 238 0.499351
297 238 2.676490
190 239 -0.328050
191 239 0.585232
192 239 0.631629
238 239 -0.022295
239 239 9.244045
240 239 -0.401679
297 239 0.499606
298 239 5.775554
192 240 1.074830
193 240 0.682916
239 240 -0.401679
240 240 13.412474
241 240 -0.482177
298 240 0.499844
299 240 9.271027
193 241 2.001804
240 241 -0.482177
241 241 15.532763
242 241 0.756833
299 241 0.500011
300 241 10.291824
301 241 -0.500114
193 242 -0.598496
194 242 0.910093
195 242 0.629912
241 242 0.756833
242 242 12.129613
243 242 0.161061
301 242 7.572923
302 242 -0.500296
195 243 0.644946
242 243 0.161061
243 243 7.524161
244 243 1.148601
302 243 4.069229
303 243 -0.500324
195 244 -0.410607
196 244 0.440904
243 244 1.148601
244 244 5.099712
245 244 -0.139998
246 244 0.167356
303 244 1.792246
244 245 -0.139998
245 245 2.736541
246 245 0.441117
303 245 0.589308
304 245 0.540061
305 245 -0.026058
196 246 -0.092846
244 246 0.167356
245 246 0.441117
246 246 2.111211
247 246 0.377162
305 246 0.032730
196 247 0.068134
197 247 -0.099861
198 247 0.058721
246 247 0.377162
247 247 1.816056
248 247 0.209619
305 247 0.001912
306 247 -0.000647
198 248 -0.016331
199 248 0.017384
204 248 0.101725
207 248 0.002099
247 248 0.209619
248 248 1.347845
249 248 -0.000002
306 248 0.000685
207 249 0.023042
211 249 0.000162
212 249 0.000058
248 249 -0.000002
249 249 1.063023
251 249 0.000770
306 249 0.038990
72 250 -0.000018
206 250 0.022946
211 250 0.000201
250 250 1.063020
251 250 0.000807
258 250 0.039048
211 251 0.010547
212 251 0.017593
249 251 0.000770
250 251 0.000807
251 251 1.029774
258 251 -0.000058
165 252 -0.000243
214 252 0.062491
252 252 1.153051
253 252 0.089657
271 252 0.000317
272 252 0.000299
273 252 0.000043
164 253 -0.024650
165 253 0.035797
252 253 0.089657
253 253 1.381960
254 253 0.230601
270 253 0.001083
271 253 -0.000172
161 254 0.126596
162 254 0.062931
163 254 -0.159580
164 254 0.072992
253 254 0.230601
254 254 1.964503
255 254 0.306626
269 254 0.004021
270 254 -0.001155
161 255 0.025838
254 255 0.306626
255 255 2.326778
256 255 0.964449
268 255 -0.027563
269 255 0.002302
161 256 0.489417
255 256 0.964449
256 256 3.749512
257 256 1.063775
268 256 0.231870
63 257 0.035679
160 257 0.947075
161 257 -0.505514
256 257 1.063775
257 257 5.697460
267 257 1.572183
268 257 0.573233
71 258 -0.000647
72 258 0.000685
212 258 0.000617
250 258 0.039048
251 258 -0.000058
258 258 1.107365
259 258 0.066310
69 259 -0.026046
70 259 0.032713
71 259 0.001912
212 259 -0.000162
213 259 -0.000683
258 259 0.066310
259 259 1.267442
260 259 0.139616
19 260 5.446017
69 260 0.716449
213 260 0.000989
259 260 0.139616
260 260 7.445067
261 260 0.141995
19 261 -0.604637
20 261 13.605767
67 261 -0.500387
68 261 3.381694
69 261 0.591766
260 261 0.141995
261 261 20.360871
262 261 0.534625
20 262 -0.500027
21 262 22.228064
66 262 -0.500157
67 262 6.698279
261 262 0.534625
262 262 31.981810
263 262 0.520658
21 263 -0.500006
22 263 34.748552
65 263 -0.499984
66 263 10.403193
262 263 0.520658
263 263 48.185720
264 263 0.513327
22 264 -0.499994
23 264 36.790203
65 264 10.520959
263 264 0.513327
264 264 49.342396
265 264 0.017913
23 265 -0.499987
24 265 25.641751
64 265 6.723401
65 265 0.499876
264 265 0.017913
265 265 34.412258
266 265 0.029329
24 266 -0.499975
25 266 15.962192
63 266 3.879974
64 266 0.499687
265 266 0.029329
266 266 21.919571
267 266 0.048415
25 267 -0.499607
26 267 7.954021
63 267 0.496903
257 267 1.572183
266 267 0.048415
267 267 11.745206
268 267 0.174077
26 268 -0.600152
27 268 2.055598
255 268 -0.027563
256 268 0.231870
257 268 0.573233
267 268 0.174077
268 268 5.011013
269 268 0.348519
27 269 -0.005629
28 269 -0.000133
254 269 0.004021
255 269 0.002302
268 269 0.348519
269 269 1.444839
270 269 0.084235
28 270 0.000301
29 270 0.000290
253 270 0.001083
254 270 -0.001155
269 270 0.084235
270 270 1.131714
271 270 0.044650
29 271 0.000092
30 271 0.000683
252 271 0.000317
253 271 -0.000172
270 271 0.044650
271 271 1.069803
272 271 0.023889
30 272 0.000027
31 272 0.001133
252 272 0.000299
271 272 0.023889
272 272 1.041968
273 272 0.016620
31 273 -0.000004
32 273 0.001099
214 273 0.000233
252 273 0.000043
272 273 0.016620
273 273 1.045952
274 273 0.027953
32 274 -0.000036
33 274 0.000733
214 274 0.000430
215 274 -0.000336
273 274 0.027953
274 274 1.081883
275 274 0.052395
33 275 -0.000124
34 275 0.001230
215 275 0.001474
216 275 -0.002075
274 275 0.052395
275 275 1.156700
276 275 0.099402
34 276 -0.000871
35 276 -0.046517
216 276 0.005443
217 276 -0.095582
218 276 0.235235
275 276 0.099402
276 276 1.932018
277 276 0.448967
35 277 0.075820
36 277 1.361884
218 277 0.858862
276 277 0.448967
277 277 4.244048
278 277 0.498513
36 278 0.426820
37 278 11.947798
218 278 -0.433569
219 278 3.760840
220 278 -0.002474
277 278 0.498513
278 278 18.079247
279 278 0.009233
37 279 -0.007609
38 279 32.528621
220 279 9.194725
221 279 -0.002269
278 279 0.009233
279 279 42.743110
280 279 0.000653
38 280 -0.000181
39 280 60.762508
221 280 17.507290
222 280 -0.000662
279 280 0.000653
280 280 79.271485
281 280 0.000191
39 281 -0.000052
40 281 106.198020
222 281 30.923606
223 281 -0.000038
280 281 0.000191
281 281 138.122007
282 281 -0.000101
40 282 -0.000003
41 282 112.891580
42 282 -0.000038
223 282 32.932587
281 282 -0.000101
282 282 146.824451
283 282 0.000142
42 283 70.975097
43 283 -0.000131
223 283 -0.000489
224 283 20.516469
282 283 0.000142
283 283 92.492806
284 283 0.000478
43 284 38.052179
44 284 -0.001304
224 284 -0.001667
225 284 10.820504
283 284 0.000478
284 284 49.878628
285 284 0.002496
44 285 16.332309
45 285 0.473807
225 285 -0.008607
226 285 4.597602
284 285 0.002496
285 285 22.839668
286 285 -0.424847
45 286 4.799238
46 286 0.026303
226 286 0.418935
227 286 1.397135
228 286 -0.100062
285 286 -0.424847
286 286 8.496877
287 286 0.330356
46 287 -0.016441
47 287 -0.000308
228 287 0.025724
229 287 0.003808
286 287 0.330356
287 287 1.461174
288 287 0.084537
47 288 0.000693
48 288 -0.000092
229 288 -0.001162
230 288 0.001083
287 288 0.084537
288 288 1.132308
289 288 0.044742
48 289 0.000802
49 289 -0.000027
230 289 -0.000172
231 289 0.000317
288 289 0.044742
289 289 1.069976
290 289 0.023916
49 290 0.001156
50 290 0.000004
231 290 0.000299
289 290 0.023916
290 290 1.041991
291 290 0.016616
50 291 0.001058
51 291 0.000036
231 291 0.000043
232 291 0.000233
290 291 0.016616
291 291 1.045904
292 291 0.027917
51 292 0.000571
52 292 0.000124
232 292 0.000430
233 292 -0.000336
291 292 0.027917
292 292 1.081648
293 292 0.052270
52 293 0.000154
53 293 0.000304
233 293 0.001473
234 293 -0.001531
292 293 0.052270
293 293 1.227829
294 293 0.172096
53 294 -0.000179
54 294 -0.003006
234 294 0.003803
235 294 -0.000299
293 294 0.172096
294 294 1.374284
295 294 0.194901
54 295 3.358630
55 295 -0.601903
235 295 -0.014063
236 295 0.574847
237 295 0.587994
294 295 0.194901
295 295 6.433111
296 295 0.100772
55 296 6.226534
56 296 -0.500037
237 296 1.100483
238 296 0.499351
295 296 0.100772
296 296 9.525370
297 296 0.098192
56 297 11.757424
57 297 -0.499968
238 297 2.676490
239 297 0.499606
296 297 0.098192
297 297 16.565296
298 297 0.033615
57 298 22.418416
58 298 -0.499985
239 298 5.775554
240 298 0.499844
297 298 0.033615
298 298 30.248055
299 298 0.020641
58 299 34.283549
59 299 -0.499997
240 299 9.271027
241 299 0.500011
298 299 0.020641
299 299 45.588880
300 299 0.013655
59 300 36.016365
60 300 -0.500003
241 300 10.291824
299 300 0.013655
300 300 48.340167
301 300 0.518320
60 301 25.190599
61 301 -0.500015
241 301 -0.500114
242 301 7.572923
300 301 0.518320
301 301 35.811828
302 301 0.529857
61 302 13.191132
62 302 -0.500050
242 302 -0.500296
243 302 4.069229
301 302 0.529857
302 302 20.378142
303 302 0.587578
19 303 -0.604932
62 303 7.914141
243 303 -0.500324
244 303 1.792246
245 303 0.589308
302 303 0.587578
303 303 13.158706
304 303 0.170178
19 304 4.610596
213 304 0.000989
245 304 0.540061
303 304 0.170178
304 304 6.461449
305 304 0.139624
212 305 -0.000162
213 305 -0.000683
245 305 -0.026058
246 305 0.032730
247 305 0.001912
304 305 0.139624
305 305 1.267480
306 305 0.066310
212 306 0.000559
247 306 -0.000647
248 306 0.000685
249 306 0.038990
305 306 0.066310
306 306 1.107191