415 415 2779
1 1 0.839968
2 1 -0.269720
3 1 -0.289390
4 1 -0.280857
1 2 -0.269720
2 2 1.807822
3 2 -0.920982
6 2 -0.437832
7 2 -0.179288
1 3 -0.289390
2 3 -0.920982
3 3 3.616154
4 3 -0.826834
5 3 -0.577314
6 3 -0.456503
8 3 -0.545131
1 4 -0.280857
3 4 -0.826834
4 4 1.778484
8 4 -0.446247
9 4 -0.224546
3 5 -0.577314
5 5 3.667979
6 5 -0.899547
8 5 -0.836799
50 5 -0.628186
51 5 -0.726133
2 6 -0.437832
3 6 -0.456503
5 6 -0.899547
6 6 3.639330
7 6 -0.933805
50 6 -0.560445
54 6 -0.351197
2 7 -0.179288
6 7 -0.933805
7 7 1.803206
53 7 -0.224894
54 7 -0.465219
3 8 -0.545131
4 8 -0.446247
5 8 -0.836799
8 8 3.567009
9 8 -0.771061
51 8 -0.453382
52 8 -0.514390
4 9 -0.224546
8 9 -0.771061
9 9 1.759979
52 9 -0.452119
88 9 -0.312254
10 10 0.882210
11 10 -0.712643
12 10 -0.031562
14 10 -0.138004
10 11 -0.712643
11 11 3.781892
12 11 -0.922463
13 11 -0.527926
14 11 -0.733644
15 11 -0.885216
10 12 -0.031562
11 12 -0.922463
12 12 2.072713
13 12 -1.082240
19 12 -0.036447
11 13 -0.527926
12 13 -1.082240
13 13 3.811492
15 13 -0.718489
18 13 -0.945340
19 13 -0.537497
10 14 -0.138004
11 14 -0.733644
14 14 1.718111
15 14 -0.188110
16 14 -0.479359
17 14 -0.178994
11 15 -0.885216
13 15 -0.718489
14 15 -0.188110
15 15 3.760570
16 15 -1.070885
18 15 -0.452436
20 15 -0.445434
14 16 -0.479359
15 16 -1.070885
16 16 3.753023
17 16 -0.921310
20 16 -0.564631
22 16 -0.716837
14 17 -0.178994
16 17 -0.921310
17 17 1.815864
22 17 -0.407712
58 17 -0.307848
13 18 -0.945340
15 18 -0.452436
18 18 3.636575
19 18 -0.417562
20 18 -0.456831
21 18 -0.824702
48 18 -0.539705
12 19 -0.036447
13 19 -0.537497
18 19 -0.417562
19 19 1.686943
48 19 -0.478037
49 19 -0.217400
15 20 -0.445434
16 20 -0.564631
18 20 -0.456831
20 20 3.420439
21 20 -0.613354
22 20 -0.371694
62 20 -0.648706
75 20 -0.319787
18 21 -0.824702
20 21 -0.613354
21 21 3.658486
48 21 -0.714179
75 21 -0.848558
76 21 -0.657693
16 22 -0.716837
17 22 -0.407712
20 22 -0.371694
22 22 3.624459
23 22 -1.003708
58 22 -0.503950
62 22 -0.310953
92 22 -0.309607
22 23 -1.003708
23 23 4.035161
62 23 -1.015491
92 23 -1.014133
93 23 -1.001829
24 24 0.849903
25 24 -0.291424
26 24 -0.309011
27 24 -0.249469
24 25 -0.291424
25 25 1.817497
27 25 -0.870232
28 25 -0.547590
29 25 -0.108250
24 26 -0.309011
26 26 1.781492
27 26 -0.835419
31 26 -0.372861
32 26 -0.264202
24 27 -0.249469
25 27 -0.870232
26 27 -0.835419
27 27 3.635500
28 27 -0.697953
30 27 -0.320316
31 27 -0.662112
25 28 -0.547590
27 28 -0.697953
28 28 3.802388
29 28 -1.087301
30 28 -1.030284
66 28 -0.439260
25 29 -0.108250
28 29 -1.087301
29 29 1.896959
47 29 -0.353535
66 29 -0.347873
27 30 -0.320316
28 30 -1.030284
30 30 3.642530
31 30 -0.657705
64 30 -0.559416
65 30 -0.742871
66 30 -0.331938
26 31 -0.372861
27 31 -0.662112
30 31 -0.657705
31 31 3.521730
32 31 -0.812396
64 31 -0.528931
68 31 -0.487725
26 32 -0.264202
31 32 -0.812396
32 32 1.767701
68 32 -0.404190
70 32 -0.286913
33 33 0.850487
34 33 -0.293241
35 33 -0.309978
36 33 -0.247268
33 34 -0.293241
34 34 1.815916
36 34 -0.866739
37 34 -0.545229
38 34 -0.110707
33 35 -0.309978
35 35 1.783809
36 35 -0.842209
40 35 -0.365653
41 35 -0.265969
33 36 -0.247268
34 36 -0.866739
35 36 -0.842209
36 36 3.636307
37 36 -0.702004
39 36 -0.321792
40 36 -0.656296
34 37 -0.545229
36 37 -0.702004
37 37 3.800543
38 37 -1.085909
39 37 -1.025415
77 37 -0.441986
34 38 -0.110707
37 38 -1.085909
38 38 1.897266
77 38 -0.343332
78 38 -0.357318
36 39 -0.321792
37 39 -1.025415
39 39 3.642516
40 39 -0.662761
44 39 -0.548774
45 39 -0.752385
77 39 -0.331390
35 40 -0.365653
36 40 -0.656296
39 40 -0.662761
40 40 3.530033
41 40 -0.835404
43 40 -0.468355
44 40 -0.541564
35 41 -0.265969
40 41 -0.835404
41 41 1.776093
42 41 -0.293486
43 41 -0.381234
41 42 -0.293486
42 42 1.800276
43 42 -0.620261
59 42 -0.800733
61 42 -0.085796
40 43 -0.468355
41 43 -0.381234
42 43 -0.620261
43 43 3.435084
44 43 -0.536362
46 43 -0.615661
59 43 -0.550132
60 43 -0.263079
39 44 -0.548774
40 44 -0.541564
43 44 -0.536362
44 44 3.572114
45 44 -0.809184
46 44 -0.834367
94 44 -0.301862
39 45 -0.752385
44 45 -0.809184
45 45 3.679867
77 45 -0.643129
94 45 -0.589647
95 45 -0.885523
43 46 -0.615661
44 46 -0.834367
46 46 3.655946
60 46 -0.826945
94 46 -0.686019
107 46 -0.692954
29 47 -0.353535
47 47 1.825798
66 47 -0.425998
67 47 -0.920594
98 47 -0.125672
18 48 -0.539705
19 48 -0.478037
21 48 -0.714179
48 48 3.541659
49 48 -0.785411
76 48 -0.582957
80 48 -0.441370
19 49 -0.217400
48 49 -0.785411
49 49 1.758540
80 49 -0.527850
82 49 -0.227879
5 50 -0.628186
6 50 -0.560445
50 50 3.515644
51 50 -0.584759
54 50 -0.552272
56 50 -0.665149
57 50 -0.524834
5 51 -0.726133
8 51 -0.453382
50 51 -0.584759
51 51 3.518454
52 51 -0.616553
57 51 -0.498776
87 51 -0.638852
8 52 -0.514390
9 52 -0.452119
51 52 -0.616553
52 52 3.480911
85 52 -0.773828
86 52 -0.432184
87 52 -0.316648
88 52 -0.375189
7 53 -0.224894
53 53 1.859029
54 53 -0.650658
55 53 -0.951175
63 53 -0.032301
6 54 -0.351197
7 54 -0.465219
50 54 -0.552272
53 54 -0.650658
54 54 3.454952
55 54 -0.482713
56 54 -0.705571
73 54 -0.247322
53 55 -0.951175
54 55 -0.482713
55 55 3.741172
63 55 -0.702392
73 55 -0.997307
74 55 -0.607586
50 56 -0.665149
54 56 -0.705571
56 56 3.665153
57 56 -0.854493
73 56 -0.823517
158 56 -0.616423
50 57 -0.524834
51 57 -0.498776
56 57 -0.854493
57 57 3.551800
87 57 -0.614460
157 57 -0.699726
158 57 -0.359512
17 58 -0.307848
22 58 -0.503950
58 58 1.735958
92 58 -0.596524
247 58 -0.327637
42 59 -0.800733
43 59 -0.550132
59 59 3.703833
60 59 -0.998720
61 59 -0.819413
160 59 -0.534836
43 60 -0.263079
46 60 -0.826945
59 60 -0.998720
60 60 3.635222
107 60 -0.512584
160 60 -0.382335
161 60 -0.651560
42 61 -0.085796
59 61 -0.819413
61 61 1.803639
160 61 -0.617853
376 61 -0.280577
20 62 -0.648706
22 62 -0.310953
23 62 -1.015491
62 62 3.718105
75 62 -0.720286
93 62 -0.589971
146 62 -0.432698
53 63 -0.032301
55 63 -0.702392
63 63 1.866183
74 63 -0.897775
113 63 -0.233715
30 64 -0.559416
31 64 -0.528931
64 64 3.587231
65 64 -0.818860
68 64 -0.532467
69 64 -0.868868
99 64 -0.278689
30 65 -0.742871
64 65 -0.818860
65 65 3.680766
66 65 -0.648043
99 65 -0.587888
100 65 -0.883105
28 66 -0.439260
29 66 -0.347873
30 66 -0.331938
47 66 -0.425998
65 66 -0.648043
66 66 3.378046
67 66 -0.586736
100 66 -0.310463
101 66 -0.287737
47 67 -0.920594
66 67 -0.586736
67 67 3.713361
98 67 -0.611843
101 67 -0.853404
102 67 -0.740784
31 68 -0.487725
32 68 -0.404190
64 68 -0.532467
68 68 3.427499
69 68 -0.566247
70 68 -0.550116
71 68 -0.595519
72 68 -0.291234
64 69 -0.868868
68 69 -0.566247
69 69 3.676332
72 69 -0.893105
99 69 -0.685232
149 69 -0.662880
32 70 -0.286913
68 70 -0.550116
70 70 1.823905
71 70 -0.890923
326 70 -0.095953
68 71 -0.595519
70 71 -0.890923
71 71 3.686083
72 71 -0.808292
180 71 -0.769787
326 71 -0.621563
68 72 -0.291234
69 72 -0.893105
71 72 -0.808292
72 72 3.585593
149 72 -0.497120
180 72 -0.566649
181 72 -0.529193
54 73 -0.247322
55 73 -0.997307
56 73 -0.823517
73 73 3.664879
74 73 -0.453084
158 73 -0.580641
159 73 -0.563008
55 74 -0.607586
63 74 -0.897775
73 74 -0.453084
74 74 3.700584
113 74 -0.201941
114 74 -1.009848
159 74 -0.530351
20 75 -0.319787
21 75 -0.848558
62 75 -0.720286
75 75 3.580572
76 75 -0.585509
145 75 -0.476214
146 75 -0.630218
21 76 -0.657693
48 76 -0.582957
75 76 -0.585509
76 76 3.575039
80 76 -0.438288
81 76 -0.860905
145 76 -0.449687
37 77 -0.441986
38 77 -0.343332
39 77 -0.331390
45 77 -0.643129
77 77 3.378927
78 77 -0.429212
79 77 -0.593338
95 77 -0.323979
97 77 -0.272563
38 78 -0.357318
77 78 -0.429212
78 78 1.817922
79 78 -0.899032
285 78 -0.132360
77 79 -0.593338
78 79 -0.899032
79 79 3.702795
97 79 -0.859759
278 79 -0.714219
285 79 -0.636447
48 80 -0.441370
49 80 -0.527850
76 80 -0.438288
80 80 3.418913
81 80 -0.639233
82 80 -0.509133
83 80 -0.466381
84 80 -0.396657
76 81 -0.860905
80 81 -0.639233
81 81 3.679687
84 81 -0.751243
144 81 -0.798964
145 81 -0.629343
49 82 -0.227879
80 82 -0.509133
82 82 1.903563
83 82 -1.094418
110 82 -0.072132
80 83 -0.466381
82 83 -1.094418
83 83 3.811515
84 83 -0.870952
109 83 -0.886086
110 83 -0.493677
80 84 -0.396657
81 84 -0.751243
83 84 -0.870952
84 84 3.585555
109 84 -0.337093
111 84 -0.770574
144 84 -0.459037
52 85 -0.773828
85 85 3.863813
86 85 -0.956024
88 85 -0.583864
89 85 -1.172240
90 85 -0.377857
52 86 -0.432184
85 86 -0.956024
86 86 3.852644
87 86 -1.102916
90 86 -0.849511
184 86 -0.512010
51 87 -0.638852
52 87 -0.316648
57 87 -0.614460
86 87 -1.102916
87 87 3.655741
157 87 -0.655161
184 87 -0.327704
9 88 -0.312254
52 88 -0.375189
85 88 -0.583864
88 88 1.714361
89 88 -0.357246
91 88 -0.085808
85 89 -1.172240
88 89 -0.357246
89 89 3.974918
90 89 -0.735402
91 89 -1.231906
165 89 -0.478125
85 90 -0.377857
86 90 -0.849511
89 90 -0.735402
90 90 3.614710
165 90 -0.474580
183 90 -0.755364
184 90 -0.421997
88 91 -0.085808
89 91 -1.231906
91 91 1.963695
165 91 -0.452851
166 91 -0.193130
22 92 -0.309607
23 92 -1.014133
58 92 -0.596524
92 92 3.689442
93 92 -0.243510
247 92 -0.297520
257 92 -0.877591
258 92 -0.350558
23 93 -1.001829
62 93 -0.589971
92 93 -0.243510
93 93 3.707730
146 93 -0.471798
255 93 -0.636261
258 93 -0.764361
44 94 -0.301862
45 94 -0.589647
46 94 -0.686019
94 94 3.428355
95 94 -0.398463
96 94 -0.636450
107 94 -0.439559
108 94 -0.376356
45 95 -0.885523
77 95 -0.323979
94 95 -0.398463
95 95 3.661342
96 95 -0.827048
97 95 -0.898786
163 95 -0.327544
94 96 -0.636450
95 96 -0.827048
96 96 3.651622
108 96 -0.785429
163 96 -0.667864
164 96 -0.734830
77 97 -0.272563
79 97 -0.859759
95 97 -0.898786
97 97 3.624940
163 97 -0.495639
278 97 -0.599293
282 97 -0.498901
47 98 -0.125672
67 98 -0.611843
98 98 1.698608
102 98 -0.390165
103 98 -0.508839
105 98 -0.062088
64 99 -0.278689
65 99 -0.587888
69 99 -0.685232
99 99 3.434799
100 99 -0.424119
149 99 -0.485172
150 99 -0.631003
152 99 -0.342697
65 100 -0.883105
66 100 -0.310463
99 100 -0.424119
100 100 3.643249
101 100 -0.905157
150 100 -0.773662
151 100 -0.346744
66 101 -0.287737
67 101 -0.853404
100 101 -0.905157
101 101 3.626989
102 101 -0.570189
106 101 -0.551843
151 101 -0.458660
67 102 -0.740784
98 102 -0.390165
101 102 -0.570189
102 102 3.577823
103 102 -0.823902
104 102 -0.518673
106 102 -0.534110
98 103 -0.508839
102 103 -0.823902
103 103 3.904445
104 103 -1.036898
105 103 -1.152974
173 103 -0.381832
102 104 -0.518673
103 104 -1.036898
104 104 3.734106
106 104 -0.799579
172 104 -0.807770
173 104 -0.571186
98 105 -0.062088
103 105 -1.152974
105 105 1.934462
173 105 -0.495603
415 105 -0.223796
101 106 -0.551843
102 106 -0.534110
104 106 -0.799579
106 106 3.542686
151 106 -0.590964
171 106 -0.679283
172 106 -0.386907
46 107 -0.692954
60 107 -0.512584
94 107 -0.439559
107 107 3.518946
108 107 -0.747373
161 107 -0.669540
200 107 -0.456936
94 108 -0.376356
96 108 -0.785429
107 108 -0.747373
108 108 3.535663
164 108 -0.507452
199 108 -0.605327
200 108 -0.513727
83 109 -0.886086
84 109 -0.337093
109 109 3.596346
110 109 -0.394949
111 109 -0.749115
112 109 -0.758065
147 109 -0.471036
82 110 -0.072132
83 110 -0.493677
109 110 -0.394949
110 110 1.712689
112 110 -0.658947
153 110 -0.092984
84 111 -0.770574
109 111 -0.749115
111 111 3.647869
144 111 -0.653189
147 111 -0.665322
148 111 -0.809668
109 112 -0.758065
110 112 -0.658947
112 112 3.680020
147 112 -0.783224
153 112 -0.832820
214 112 -0.646965
63 113 -0.233715
74 113 -0.201941
113 113 1.728841
114 113 -0.513906
115 113 -0.673761
323 113 -0.105518
74 114 -1.009848
113 114 -0.513906
114 114 3.775302
115 114 -0.912456
159 114 -0.567538
314 114 -0.771553
113 115 -0.673761
114 115 -0.912456
115 115 3.702767
314 115 -0.567899
317 115 -0.857852
323 115 -0.690798
116 116 1.862359
117 116 -0.939302
118 116 -0.104377
124 116 -0.662494
260 116 -0.156187
116 117 -0.939302
117 117 3.695084
118 117 -0.578220
120 117 -0.849320
122 117 -0.726966
124 117 -0.601277
116 118 -0.104377
117 118 -0.578220
118 118 1.854104
119 118 -1.020253
120 118 -0.137305
394 118 -0.013949
118 119 -1.020253
119 119 4.011594
120 119 -0.984439
394 119 -0.987110
402 119 -1.019791
117 120 -0.849320
118 120 -0.137305
119 120 -0.984439
120 120 3.763332
121 120 -0.935011
122 120 -0.142797
175 120 -0.364016
402 120 -0.350444
120 121 -0.935011
121 121 4.018033
122 121 -1.078594
174 121 -0.936403
175 121 -1.068025
117 122 -0.726966
120 122 -0.142797
121 122 -1.078594
122 122 3.865023
123 122 -1.179948
124 122 -0.479252
125 122 -0.218751
174 122 -0.038715
122 123 -1.179948
123 123 4.078204
125 123 -0.832770
143 123 -1.216558
174 123 -0.848927
116 124 -0.662494
117 124 -0.601277
122 124 -0.479252
124 124 3.505581
125 124 -0.662692
256 124 -0.606927
260 124 -0.492939
122 125 -0.218751
123 125 -0.832770
124 125 -0.662692
125 125 3.574760
143 125 -0.465883
250 125 -0.737899
252 125 -0.339931
256 125 -0.316833
126 126 2.056045
127 126 -1.046234
128 126 0.096077
132 126 -0.790813
156 126 -0.315075
126 127 -1.046234
127 127 4.075154
128 127 -0.997549
131 127 -1.041314
132 127 -0.990057
126 128 0.096077
127 128 -0.997549
128 128 1.868976
129 128 -0.647530
130 128 -0.093131
131 128 -0.226843
128 129 -0.647530
129 129 3.725621
130 129 -0.984998
131 129 -0.660849
134 129 -0.964097
135 129 -0.468147
128 130 -0.093131
129 130 -0.984998
130 130 1.845353
135 130 -0.567294
273 130 -0.199931
127 131 -1.041314
128 131 -0.226843
129 131 -0.660849
131 131 3.697248
132 131 -0.319302
133 131 -0.860516
134 131 -0.248694
207 131 -0.339730
126 132 -0.790813
127 132 -0.990057
131 132 -0.319302
132 132 3.838617
156 132 -0.305890
207 132 -0.566676
219 132 -0.865878
131 133 -0.860516
133 133 3.813356
134 133 -0.783031
206 133 -1.178470
207 133 -0.497634
209 133 -0.493706
129 134 -0.964097
131 134 -0.248694
133 134 -0.783031
134 134 3.616078
135 134 -0.468492
209 134 -0.607466
277 134 -0.544299
129 135 -0.468147
130 135 -0.567294
134 135 -0.468492
135 135 3.444156
273 135 -0.457796
275 135 -0.675677
277 135 -0.439865
283 135 -0.366884
136 136 1.818506
137 136 -0.669918
138 136 -0.768569
312 136 -0.175277
354 136 -0.204741
136 137 -0.669918
137 137 3.763359
138 137 -0.980640
140 137 -0.509377
312 137 -0.669821
315 137 -0.933602
136 138 -0.768569
137 138 -0.980640
138 138 3.808692
140 138 -0.473984
354 138 -0.590596
360 138 -0.994902
139 139 4.101670
140 139 -1.015654
141 139 -1.041118
154 139 -1.008741
315 139 -1.036157
137 140 -0.509377
138 140 -0.473984
139 140 -1.015654
140 140 3.562230
141 140 -0.127883
142 140 -0.447537
315 140 -0.142096
360 140 -0.320733
366 140 -0.524967
139 141 -1.041118
140 141 -0.127883
141 141 3.986257
142 141 -1.264593
154 141 -0.472736
155 141 -0.848570
261 141 -0.231357
140 142 -0.447537
141 142 -1.264593
142 142 3.878297
261 142 -0.429196
361 142 -0.914050
366 142 -0.822921
123 143 -1.216558
125 143 -0.465883
143 143 3.804968
174 143 -0.236978
179 143 -0.657988
252 143 -0.439497
254 143 -0.788065
81 144 -0.798964
84 144 -0.459037
111 144 -0.653189
144 144 3.594506
145 144 -0.468225
148 144 -0.553779
196 144 -0.661312
75 145 -0.476214
76 145 -0.449687
81 145 -0.629343
144 145 -0.468225
145 145 3.453600
146 145 -0.387250
195 145 -0.712116
196 145 -0.330764
62 146 -0.432698
75 146 -0.630218
93 146 -0.471798
145 146 -0.387250
146 146 3.427564
195 146 -0.445916
197 146 -0.650778
255 146 -0.408906
109 147 -0.471036
111 147 -0.665322
112 147 -0.783224
147 147 3.582953
148 147 -0.519908
214 147 -0.458202
215 147 -0.685260
111 148 -0.809668
144 148 -0.553779
147 148 -0.519908
148 148 3.604740
196 148 -0.427327
213 148 -0.847112
215 148 -0.446945
69 149 -0.662880
72 149 -0.497120
99 149 -0.485172
149 149 3.524994
152 149 -0.721521
181 149 -0.713865
222 149 -0.444436
99 150 -0.631003
100 150 -0.773662
150 150 3.649496
151 150 -0.756339
152 150 -0.848746
168 150 -0.639746
100 151 -0.346744
101 151 -0.458660
106 151 -0.590964
150 151 -0.756339
151 151 3.446488
168 151 -0.286421
170 151 -0.627478
171 151 -0.379882
99 152 -0.342697
149 152 -0.721521
150 152 -0.848746
152 152 3.544238
168 152 -0.492811
222 152 -0.567521
223 152 -0.570942
110 153 -0.092984
112 153 -0.832820
153 153 1.815140
214 153 -0.561958
382 153 -0.327377
139 154 -1.008741
141 154 -0.472736
154 154 3.679330
155 154 -0.615472
208 154 -0.485149
315 154 -0.291983
322 154 -0.805250
141 155 -0.848570
154 155 -0.615472
155 155 3.724468
208 155 -0.819511
221 155 -0.729450
261 155 -0.711465
126 156 -0.315075
132 156 -0.305890
156 156 1.709068
219 156 -0.288896
336 156 -0.576888
341 156 -0.222319
57 157 -0.699726
87 157 -0.655161
157 157 3.586661
158 157 -0.448369
184 157 -0.353714
185 157 -0.876482
186 157 -0.553208
56 158 -0.616423
57 158 -0.359512
73 158 -0.580641
157 158 -0.448369
158 158 3.438195
159 158 -0.306509
186 158 -0.542388
187 158 -0.584354
73 159 -0.563008
74 159 -0.530351
114 159 -0.567538
158 159 -0.306509
159 159 3.445225
187 159 -0.585847
314 159 -0.267452
319 159 -0.624520
59 160 -0.534836
60 160 -0.382335
61 160 -0.617853
160 160 3.469823
161 160 -0.391617
162 160 -0.760149
368 160 -0.418839
376 160 -0.364193
60 161 -0.651560
107 161 -0.669540
160 161 -0.391617
161 161 3.564970
162 161 -0.776355
200 161 -0.455390
201 161 -0.620508
160 162 -0.760149
161 162 -0.776355
162 162 3.702138
201 162 -0.622871
368 162 -0.640277
375 162 -0.902485
95 163 -0.327544
96 163 -0.667864
97 163 -0.495639
163 163 3.407499
164 163 -0.445390
194 163 -0.471527
274 163 -0.414150
282 163 -0.585384
96 164 -0.734830
108 164 -0.507452
163 164 -0.445390
164 164 3.503199
194 164 -0.675411
198 164 -0.551257
199 164 -0.588859
89 165 -0.478125
90 165 -0.474580
91 165 -0.452851
165 165 3.401886
166 165 -0.575776
167 165 -0.418503
182 165 -0.463698
183 165 -0.538353
91 166 -0.193130
165 166 -0.575776
166 166 1.862010
167 166 -1.013318
188 166 -0.079785
165 167 -0.418503
166 167 -1.013318
167 167 3.765519
182 167 -1.039387
188 167 -0.655943
202 167 -0.638369
150 168 -0.639746
151 168 -0.286421
152 168 -0.492811
168 168 3.679281
169 168 -1.087757
170 168 -0.791559
205 168 -0.122710
223 168 -0.258276
168 169 -1.087757
169 169 4.043182
205 169 -0.913706
223 169 -0.922292
224 169 -1.119428
151 170 -0.627478
168 170 -0.791559
170 170 3.660526
171 170 -0.861736
204 170 -0.649526
205 170 -0.730226
106 171 -0.679283
151 171 -0.379882
170 171 -0.861736
171 171 3.535748
172 171 -0.584946
203 171 -0.593505
204 171 -0.436396
104 172 -0.807770
106 172 -0.386907
171 172 -0.584946
172 172 3.587596
173 172 -0.591435
203 172 -0.772521
398 172 -0.444016
103 173 -0.381832
104 173 -0.571186
105 173 -0.495603
172 173 -0.591435
173 173 3.467866
398 173 -0.332429
406 173 -0.622536
415 173 -0.472846
121 174 -0.936403
122 174 -0.038715
123 174 -0.848927
143 174 -0.236978
174 174 3.594748
175 174 -0.166886
176 174 -0.484616
178 174 -0.460881
179 174 -0.421342
120 175 -0.364016
121 175 -1.068025
174 175 -0.166886
175 175 3.625345
176 175 -0.563722
402 175 -0.386483
403 175 -0.488135
409 175 -0.588078
174 176 -0.484616
175 176 -0.563722
176 176 3.845736
177 176 -1.165752
178 176 -0.579780
395 176 -0.146490
403 176 -0.905376
176 177 -1.165752
177 177 4.096115
178 177 -0.854795
236 177 -1.157983
395 177 -0.917584
174 178 -0.460881
176 178 -0.579780
177 178 -0.854795
178 178 3.640444
179 178 -0.758078
236 178 -0.427346
237 178 -0.559563
143 179 -0.657988
174 179 -0.421342
178 179 -0.758078
179 179 3.527745
237 179 -0.532475
251 179 -0.498524
254 179 -0.659338
71 180 -0.769787
72 180 -0.566649
180 180 3.573110
181 180 -0.536998
326 180 -0.340952
330 180 -0.492855
339 180 -0.865870
72 181 -0.529193
149 181 -0.713865
180 181 -0.536998
181 181 3.506521
222 181 -0.460179
330 181 -0.614705
333 181 -0.651581
165 182 -0.463698
167 182 -1.039387
182 182 3.698936
183 182 -0.482128
189 182 -0.678544
192 182 -0.811165
202 182 -0.224014
90 183 -0.755364
165 183 -0.538353
182 183 -0.482128
183 183 3.549182
184 183 -0.449501
189 183 -0.703809
190 183 -0.620028
86 184 -0.512010
87 184 -0.327704
90 184 -0.421997
157 184 -0.353714
183 184 -0.449501
184 184 3.363447
185 184 -0.549955
190 184 -0.305308
191 184 -0.443258
157 185 -0.876482
184 185 -0.549955
185 185 3.725919
186 185 -0.704450
191 185 -1.000218
193 185 -0.594814
157 186 -0.553208
158 186 -0.542388
185 186 -0.704450
186 186 3.508714
187 186 -0.627944
193 186 -0.484558
210 186 -0.596166
158 187 -0.584354
159 187 -0.585847
186 187 -0.627944
187 187 3.522878
210 187 -0.484937
318 187 -0.711396
319 187 -0.528401
166 188 -0.079785
167 188 -0.655943
188 188 1.810071
202 188 -0.682989
391 188 -0.391354
182 189 -0.678544
183 189 -0.703809
189 189 3.684154
190 189 -0.810466
192 189 -0.857929
234 189 -0.633407
183 190 -0.620028
184 190 -0.305308
189 190 -0.810466
190 190 3.732203
191 190 -1.074219
234 190 -0.508237
238 190 -0.413945
184 191 -0.443258
185 191 -1.000218
190 191 -1.074219
191 191 3.837470
193 191 -0.767314
238 191 -0.552461
182 192 -0.811165
189 192 -0.857929
192 192 3.761959
202 192 -0.586061
234 192 -0.557359
235 192 -0.949445
185 193 -0.594814
186 193 -0.484558
191 193 -0.767314
193 193 3.573529
210 193 -0.607779
238 193 -0.434430
268 193 -0.684635
163 194 -0.471527
164 194 -0.675411
194 194 3.544895
198 194 -0.623019
274 194 -0.639654
276 194 -0.429086
284 194 -0.706198
145 195 -0.712116
146 195 -0.445916
195 195 3.571892
196 195 -0.471179
197 195 -0.764145
211 195 -0.729707
212 195 -0.448828
144 196 -0.661312
145 196 -0.330764
148 196 -0.427327
195 196 -0.471179
196 196 3.448278
211 196 -0.699764
213 196 -0.532124
218 196 -0.325807
146 197 -0.650778
195 197 -0.764145
197 197 3.657407
212 197 -0.759587
249 197 -0.644559
255 197 -0.838337
164 198 -0.551257
194 198 -0.623019
198 198 3.483581
199 198 -0.602839
228 198 -0.549026
276 198 -0.524455
281 198 -0.632984
108 199 -0.605327
164 199 -0.588859
198 199 -0.602839
199 199 3.486544
200 199 -0.503860
226 199 -0.690041
228 199 -0.495618
107 200 -0.456936
108 200 -0.513727
161 200 -0.455390
199 200 -0.503860
200 200 3.376246
201 200 -0.511432
225 200 -0.509020
226 200 -0.425882
161 201 -0.620508
162 201 -0.622871
200 201 -0.511432
201 201 3.533088
225 201 -0.686424
356 201 -0.534034
375 201 -0.557819
167 202 -0.638369
182 202 -0.224014
188 202 -0.682989
192 202 -0.586061
202 202 3.504757
235 202 -0.491623
386 202 -0.620336
391 202 -0.261364
171 203 -0.593505
172 203 -0.772521
203 203 3.718774
204 203 -0.915237
398 203 -0.799730
400 203 -0.637780
170 204 -0.649526
171 204 -0.436396
203 204 -0.915237
204 204 3.622008
205 204 -0.464959
229 204 -0.824371
400 204 -0.331518
168 205 -0.122710
169 205 -0.913706
170 205 -0.730226
204 205 -0.464959
205 205 3.568673
224 205 -0.386833
229 205 -0.439679
230 205 -0.510559
133 206 -1.178470
206 206 3.829416
207 206 -0.435478
209 206 -0.526479
233 206 -0.983810
242 206 -0.705179
131 207 -0.339730
132 207 -0.566676
133 207 -0.497634
206 207 -0.435478
207 207 3.413794
219 207 -0.202312
220 207 -0.613977
232 207 -0.478846
233 207 -0.279141
154 208 -0.485149
155 208 -0.819511
208 208 3.570390
221 208 -0.501172
313 208 -0.467255
320 208 -0.861487
322 208 -0.435816
133 209 -0.493706
134 209 -0.607466
206 209 -0.526479
209 209 3.502070
241 209 -0.776387
242 209 -0.265158
277 209 -0.327220
279 209 -0.505654
186 210 -0.596166
187 210 -0.484937
193 210 -0.607779
210 210 3.511425
268 210 -0.582565
316 210 -0.507654
318 210 -0.732326
195 211 -0.729707
196 211 -0.699764
211 211 3.661297
212 211 -0.775582
218 211 -0.781379
248 211 -0.674865
195 212 -0.448828
197 212 -0.759587
211 212 -0.775582
212 212 3.600351
248 212 -0.346994
249 212 -0.344416
259 212 -0.924943
148 213 -0.847112
196 213 -0.532124
213 213 3.633347
215 213 -0.318276
216 213 -0.734949
217 213 -0.730082
218 213 -0.470804
112 214 -0.646965
147 214 -0.458202
153 214 -0.561958
214 214 3.541434
215 214 -0.345316
382 214 -0.179531
384 214 -0.527750
389 214 -0.821713
147 215 -0.685260
148 215 -0.446945
213 215 -0.318276
214 215 -0.345316
215 215 3.453077
216 215 -0.698574
384 215 -0.538522
388 215 -0.420185
213 216 -0.734949
215 216 -0.698574
216 216 3.683478
217 216 -0.792061
385 216 -0.657487
388 216 -0.800407
213 217 -0.730082
216 217 -0.792061
217 217 3.691301
218 217 -0.713148
263 217 -0.781132
385 217 -0.674878
196 218 -0.325807
211 218 -0.781379
213 218 -0.470804
217 218 -0.713148
218 218 3.532754
246 218 -0.752850
248 218 -0.244779
263 218 -0.243986
132 219 -0.865878
156 219 -0.288896
207 219 -0.202312
219 219 3.592945
220 219 -0.726084
327 219 -0.344424
336 219 -0.520564
338 219 -0.644787
207 220 -0.613977
219 220 -0.726084
220 220 3.789252
232 220 -1.045823
327 220 -0.906586
335 220 -0.496782
155 221 -0.729450
208 221 -0.501172
221 221 3.660622
261 221 -0.207150
262 221 -0.854788
313 221 -0.276162
321 221 -0.934060
324 221 -0.157840
149 222 -0.444436
152 222 -0.567521
181 222 -0.460179
222 222 3.408209
223 222 -0.459725
331 222 -0.412124
333 222 -0.464803
340 222 -0.599421
152 223 -0.570942
168 223 -0.258276
169 223 -0.922292
222 223 -0.459725
223 223 3.557875
224 223 -0.348747
245 223 -0.453365
331 223 -0.544528
169 224 -1.119428
205 224 -0.386833
223 224 -0.348747
224 224 3.720020
230 224 -0.551862
231 224 -0.713252
245 224 -0.599897
200 225 -0.509020
201 225 -0.686424
225 225 3.497554
226 225 -0.626538
227 225 -0.559330
356 225 -0.503515
371 225 -0.612728
199 226 -0.690041
200 226 -0.425882
225 226 -0.626538
226 226 3.530599
227 226 -0.741990
228 226 -0.645501
311 226 -0.400648
225 227 -0.559330
226 227 -0.741990
227 227 3.591979
311 227 -0.413817
371 227 -0.473369
372 227 -0.731375
373 227 -0.672098
198 228 -0.549026
199 228 -0.495618
226 228 -0.645501
228 228 3.549041
281 228 -0.790173
309 228 -0.442185
311 228 -0.626539
204 229 -0.824371
205 229 -0.439679
229 229 3.544125
230 229 -0.613740
303 229 -0.549368
400 229 -0.401071
404 229 -0.715895
205 230 -0.510559
224 230 -0.551862
229 230 -0.613740
230 230 3.538914
231 230 -0.797829
303 230 -0.670885
304 230 -0.394039
224 231 -0.713252
230 231 -0.797829
231 231 3.649821
245 231 -0.677253
267 231 -0.820756
304 231 -0.640731
207 232 -0.478846
220 232 -1.045823
232 232 3.775502
233 232 -0.958791
334 232 -0.674945
335 232 -0.617097
206 233 -0.983810
207 233 -0.279141
232 233 -0.958791
233 233 3.730595
242 233 -0.301554
243 233 -0.874749
334 233 -0.332549
189 234 -0.633407
190 234 -0.508237
192 234 -0.557359
234 234 3.553193
235 234 -0.323152
238 234 -0.254707
239 234 -0.832934
240 234 -0.443397
192 235 -0.949445
202 235 -0.491623
234 235 -0.323152
235 235 3.592872
240 235 -0.651686
386 235 -0.514500
387 235 -0.662467
177 236 -1.157983
178 236 -0.427346
236 236 3.816371
237 236 -0.673087
266 236 -0.450864
307 236 -0.887249
395 236 -0.219842
178 237 -0.559563
179 237 -0.532475
236 237 -0.673087
237 237 3.504208
251 237 -0.615812
253 237 -0.616162
266 237 -0.507108
190 238 -0.413945
191 238 -0.552461
193 238 -0.434430
234 238 -0.254707
238 238 3.426823
239 238 -0.617689
268 238 -0.205217
269 238 -0.685094
271 238 -0.263281
234 239 -0.832934
238 239 -0.617689
239 239 3.678599
240 239 -0.690470
271 239 -0.864275
272 239 -0.673231
234 240 -0.443397
235 240 -0.651686
239 240 -0.690470
240 240 3.503693
272 240 -0.601052
383 240 -0.504474
387 240 -0.612615
209 241 -0.776387
241 241 3.701407
242 241 -0.644332
244 241 -0.897822
279 241 -0.755793
280 241 -0.627073
206 242 -0.705179
209 242 -0.265158
233 242 -0.301554
241 242 -0.644332
242 242 3.520725
243 242 -0.734582
244 242 -0.603716
287 242 -0.266203
233 243 -0.874749
242 243 -0.734582
243 243 3.736377
287 243 -0.570675
302 243 -1.052712
334 243 -0.503658
241 244 -0.897822
242 244 -0.603716
244 244 3.748788
280 244 -0.714224
286 244 -0.688790
287 244 -0.844236
223 245 -0.453365
224 245 -0.599897
231 245 -0.677253
245 245 3.557776
267 245 -0.588996
329 245 -0.472793
331 245 -0.765471
218 246 -0.752850
246 246 3.724881
248 246 -0.815021
263 246 -0.591672
264 246 -1.002852
265 246 -0.562486
58 247 -0.327637
92 247 -0.297520
247 247 1.710834
256 247 -0.216814
257 247 -0.630651
260 247 -0.238211
211 248 -0.674865
212 248 -0.346994
218 248 -0.244779
246 248 -0.815021
248 248 3.503497
253 248 -0.475546
259 248 -0.610389
265 248 -0.335903
197 249 -0.644559
212 249 -0.344416
249 249 3.446867
251 249 -0.360976
252 249 -0.336585
254 249 -0.715982
255 249 -0.471867
259 249 -0.572482
125 250 -0.737899
250 250 3.673337
252 250 -0.706179
256 250 -0.765766
257 250 -0.665730
258 250 -0.797762
179 251 -0.498524
237 251 -0.615812
249 251 -0.360976
251 251 3.548637
253 251 -0.481079
254 251 -0.782764
259 251 -0.809482
125 252 -0.339931
143 252 -0.439497
249 252 -0.336585
250 252 -0.706179
252 252 3.463796
254 252 -0.710405
255 252 -0.557492
258 252 -0.373707
237 253 -0.616162
248 253 -0.475546
251 253 -0.481079
253 253 3.546733
259 253 -0.766269
265 253 -0.638643
266 253 -0.569034
143 254 -0.788065
179 254 -0.659338
249 254 -0.715982
251 254 -0.782764
252 254 -0.710405
254 254 3.656553
93 255 -0.636261
146 255 -0.408906
197 255 -0.838337
249 255 -0.471867
252 255 -0.557492
255 255 3.538168
258 255 -0.625305
124 256 -0.606927
125 256 -0.316833
247 256 -0.216814
250 256 -0.765766
256 256 3.748833
257 256 -0.915220
260 256 -0.927273
92 257 -0.877591
247 257 -0.630651
250 257 -0.665730
256 257 -0.915220
257 257 3.772431
258 257 -0.683239
92 258 -0.350558
93 258 -0.764361
250 258 -0.797762
252 258 -0.373707
255 258 -0.625305
257 258 -0.683239
258 258 3.594932
212 259 -0.924943
248 259 -0.610389
249 259 -0.572482
251 259 -0.809482
253 259 -0.766269
259 259 3.683565
116 260 -0.156187
124 260 -0.492939
247 260 -0.238211
256 260 -0.927273
260 260 1.814610
141 261 -0.231357
142 261 -0.429196
155 261 -0.711465
221 261 -0.207150
261 261 3.432295
262 261 -0.658631
361 261 -0.429999
362 261 -0.234565
365 261 -0.529931
221 262 -0.854788
261 262 -0.658631
262 262 3.670801
324 262 -0.619056
362 262 -0.749887
367 262 -0.788439
217 263 -0.781132
218 263 -0.243986
246 263 -0.591672
263 263 3.467241
264 263 -0.534910
381 263 -0.471284
385 263 -0.400014
392 263 -0.444244
246 264 -1.002852
263 264 -0.534910
264 264 3.720955
265 264 -0.595977
392 264 -0.832464
396 264 -0.754752
246 265 -0.562486
248 265 -0.335903
253 265 -0.638643
264 265 -0.595977
265 265 3.456912
266 265 -0.357555
396 265 -0.314830
401 265 -0.651518
236 266 -0.450864
237 266 -0.507108
253 266 -0.569034
265 266 -0.357555
266 266 3.400592
307 266 -0.429170
401 266 -0.559842
408 266 -0.527018
231 267 -0.820756
245 267 -0.588996
267 267 3.610906
304 267 -0.382594
305 267 -0.590643
329 267 -0.405751
337 267 -0.822165
193 268 -0.684635
210 268 -0.582565
238 268 -0.205217
268 268 3.559626
269 268 -0.689460
270 268 -0.612138
316 268 -0.319827
325 268 -0.465783
238 269 -0.685094
268 269 -0.689460
269 269 3.822169
270 269 -1.019474
271 269 -0.925440
364 269 -0.502701
268 270 -0.612138
269 270 -1.019474
270 270 3.794416
325 270 -0.692859
359 270 -1.006650
364 270 -0.463295
238 271 -0.263281
239 271 -0.864275
269 271 -0.925440
271 271 3.642274
272 271 -0.558364
364 271 -0.522504
379 271 -0.508411
239 272 -0.673231
240 272 -0.601052
271 272 -0.558364
272 272 3.565342
379 272 -0.435185
380 272 -0.892624
383 272 -0.404887
130 273 -0.199931
135 273 -0.457796
273 273 1.959943
283 273 -1.223184
285 273 -0.079032
163 274 -0.414150
194 274 -0.639654
274 274 3.578215
277 274 -0.519082
279 274 -0.493340
282 274 -0.784665
284 274 -0.727324
135 275 -0.675677
275 275 3.749526
277 275 -0.687036
278 275 -0.471405
282 275 -0.919807
283 275 -0.995601
194 276 -0.429086
198 276 -0.524455
276 276 3.584688
280 276 -0.647392
281 276 -0.842753
284 276 -0.769608
286 276 -0.371394
134 277 -0.544299
135 277 -0.439865
209 277 -0.327220
274 277 -0.519082
275 277 -0.687036
277 277 3.447401
279 277 -0.655976
282 277 -0.273923
79 278 -0.714219
97 278 -0.599293
275 278 -0.471405
278 278 3.582413
282 278 -0.539234
283 278 -0.875362
285 278 -0.382900
209 279 -0.505654
241 279 -0.755793
274 279 -0.493340
277 279 -0.655976
279 279 3.595328
280 279 -0.429840
284 279 -0.754725
241 280 -0.627073
244 280 -0.714224
276 280 -0.647392
279 280 -0.429840
280 280 3.555362
284 280 -0.683077
286 280 -0.453756
198 281 -0.632984
228 281 -0.790173
276 281 -0.842753
281 281 3.689176
286 281 -0.690663
309 281 -0.732602
97 282 -0.498901
163 282 -0.585384
274 282 -0.784665
275 282 -0.919807
277 282 -0.273923
278 282 -0.539234
282 282 3.601914
135 283 -0.366884
273 283 -1.223184
275 283 -0.995601
278 283 -0.875362
283 283 3.923694
285 283 -0.462664
194 284 -0.706198
274 284 -0.727324
276 284 -0.769608
279 284 -0.754725
280 284 -0.683077
284 284 3.640932
78 285 -0.132360
79 285 -0.636447
273 285 -0.079032
278 285 -0.382900
283 285 -0.462664
285 285 1.693403
244 286 -0.688790
276 286 -0.371394
280 286 -0.453756
281 286 -0.690663
286 286 3.503909
287 286 -0.297040
308 286 -0.671243
309 286 -0.331022
242 287 -0.266203
243 287 -0.570675
244 287 -0.844236
286 287 -0.297040
287 287 3.495723
302 287 -0.506162
308 287 -0.567384
310 287 -0.444022
288 288 3.655741
289 288 -0.839047
290 288 -0.672215
292 288 -0.716410
295 288 -0.635135
296 288 -0.792935
288 289 -0.839047
289 289 3.561745
290 289 -0.509670
291 289 -0.554860
293 289 -0.532734
294 289 -0.797514
295 289 -0.327921
288 290 -0.672215
289 290 -0.509670
290 290 3.492598
291 290 -0.601327
292 290 -0.541836
355 290 -0.576064
378 290 -0.591485
289 291 -0.554860
290 291 -0.601327
291 291 3.469161
293 291 -0.585067
378 291 -0.564965
393 291 -0.585267
411 291 -0.577675
288 292 -0.716410
290 292 -0.541836
292 292 3.496804
296 292 -0.479430
355 292 -0.533940
363 292 -0.587308
374 292 -0.637880
289 293 -0.532734
291 293 -0.585067
293 293 3.479181
294 293 -0.668794
297 293 -0.501979
298 293 -0.617792
411 293 -0.572814
289 294 -0.797514
293 294 -0.668794
294 294 3.665224
295 294 -0.701747
297 294 -0.771194
299 294 -0.725975
288 295 -0.635135
289 295 -0.327921
294 295 -0.701747
295 295 3.500426
296 295 -0.464218
299 295 -0.250263
300 295 -0.775637
301 295 -0.345505
288 296 -0.792935
292 296 -0.479430
295 296 -0.464218
296 296 3.531967
301 296 -0.610426
357 296 -0.607683
363 296 -0.577275
293 297 -0.501979
294 297 -0.771194
297 297 3.532477
298 297 -0.619721
299 297 -0.406696
345 297 -0.730932
352 297 -0.501955
293 298 -0.617792
297 298 -0.619721
298 298 3.493699
352 298 -0.516325
410 298 -0.591274
411 298 -0.477992
414 298 -0.670595
294 299 -0.725975
295 299 -0.250263
297 299 -0.406696
299 299 3.488046
300 299 -0.738435
343 299 -0.680386
345 299 -0.398296
350 299 -0.287995
295 300 -0.775637
299 300 -0.738435
300 300 3.648465
301 300 -0.638181
350 300 -0.668748
351 300 -0.827464
295 301 -0.345505
296 301 -0.610426
300 301 -0.638181
301 301 3.417618
344 301 -0.557021
351 301 -0.372946
357 301 -0.412478
369 301 -0.481061
243 302 -1.052712
287 302 -0.506162
302 302 3.760885
310 302 -0.868133
332 302 -0.730726
334 302 -0.603151
229 303 -0.549368
230 303 -0.670885
303 303 3.535491
304 303 -0.559889
399 303 -0.825116
404 303 -0.466431
405 303 -0.463802
230 304 -0.394039
231 304 -0.640731
267 304 -0.382594
303 304 -0.559889
304 304 3.429913
305 304 -0.433413
306 304 -0.663096
405 304 -0.356151
267 305 -0.590643
304 305 -0.433413
305 305 3.571921
306 305 -0.893404
328 305 -0.685167
337 305 -0.606776
349 305 -0.362518
304 306 -0.663096
305 306 -0.893404
306 306 3.677529
349 306 -0.567641
353 306 -0.861580
405 306 -0.691808
236 307 -0.887249
266 307 -0.429170
307 307 3.637172
395 307 -0.277887
407 307 -0.931513
408 307 -0.701846
413 307 -0.409508
286 308 -0.671243
287 308 -0.567384
308 308 3.505836
309 308 -0.495687
310 308 -0.501173
342 308 -0.600536
348 308 -0.669813
228 309 -0.442185
281 309 -0.732602
286 309 -0.331022
308 309 -0.495687
309 309 3.444766
311 309 -0.374669
342 309 -0.482832
346 309 -0.585769
287 310 -0.444022
302 310 -0.868133
308 310 -0.501173
310 310 3.578827
332 310 -0.467331
347 310 -0.502993
348 310 -0.795174
226 311 -0.400648
227 311 -0.413817
228 311 -0.626539
309 311 -0.374669
311 311 3.466013
346 311 -0.615543
358 311 -0.311183
372 311 -0.723615
136 312 -0.175277
137 312 -0.669821
312 312 1.719261
315 312 -0.202897
317 312 -0.363426
323 312 -0.307840
208 313 -0.467255
221 313 -0.276162
313 313 3.616913
316 313 -0.129574
318 313 -0.710358
319 313 -0.369184
320 313 -0.591845
321 313 -1.072536
114 314 -0.771553
115 314 -0.567899
159 314 -0.267452
314 314 3.533101
317 314 -0.263508
319 314 -0.468038
320 314 -0.686463
322 314 -0.508188
137 315 -0.933602
139 315 -1.036157
140 315 -0.142096
154 315 -0.291983
312 315 -0.202897
315 315 3.774991
317 315 -0.754519
322 315 -0.413738
210 316 -0.507654
268 316 -0.319827
313 316 -0.129574
316 316 3.610746
318 316 -0.732914
321 316 -0.936305
324 316 -0.265326
325 316 -0.719147
115 317 -0.857852
312 317 -0.363426
314 317 -0.263508
315 317 -0.754519
317 317 3.650459
322 317 -0.704628
323 317 -0.706527
187 318 -0.711396
210 318 -0.732326
313 318 -0.710358
316 318 -0.732914
318 318 3.633150
319 318 -0.746157
159 319 -0.624520
187 319 -0.528401
313 319 -0.369184
314 319 -0.468038
318 319 -0.746157
319 319 3.580298
320 319 -0.843998
208 320 -0.861487
313 320 -0.591845
314 320 -0.686463
319 320 -0.843998
320 320 3.668034
322 320 -0.684241
221 321 -0.934060
313 321 -1.072536
316 321 -0.936305
321 321 4.010707
324 321 -1.067805
154 322 -0.805250
208 322 -0.435816
314 322 -0.508188
315 322 -0.413738
317 322 -0.704628
320 322 -0.684241
322 322 3.551860
113 323 -0.105518
115 323 -0.690798
312 323 -0.307840
317 323 -0.706527
323 323 1.810682
221 324 -0.157840
262 324 -0.619056
316 324 -0.265326
321 324 -1.067805
324 324 3.589637
325 324 -0.511864
367 324 -0.453673
370 324 -0.514073
268 325 -0.465783
270 325 -0.692859
316 325 -0.719147
324 325 -0.511864
325 325 3.588974
359 325 -0.603764
370 325 -0.595558
70 326 -0.095953
71 326 -0.621563
180 326 -0.340952
326 326 1.711155
339 326 -0.585342
341 326 -0.067346
219 327 -0.344424
220 327 -0.906586
327 327 3.630563
333 327 -0.402029
335 327 -0.352301
338 327 -0.825887
340 327 -0.799337
305 328 -0.685167
328 328 3.713260
332 328 -0.635013
337 328 -0.871280
347 328 -0.805180
349 328 -0.716620
245 329 -0.472793
267 329 -0.405751
329 329 3.447719
331 329 -0.484521
332 329 -0.326675
334 329 -0.534572
335 329 -0.496256
337 329 -0.727150
180 330 -0.492855
181 330 -0.614705
330 330 3.505002
333 330 -0.533056
336 330 -0.436362
338 330 -0.692641
339 330 -0.735385
222 331 -0.412124
223 331 -0.544528
245 331 -0.765471
329 331 -0.484521
331 331 3.588529
335 331 -0.482499
340 331 -0.899385
302 332 -0.730726
310 332 -0.467331
328 332 -0.635013
329 332 -0.326675
332 332 3.557811
334 332 -0.414922
337 332 -0.696558
347 332 -0.286586
181 333 -0.651581
222 333 -0.464803
327 333 -0.402029
330 333 -0.533056
333 333 3.543048
338 333 -0.691172
340 333 -0.800409
232 334 -0.674945
233 334 -0.332549
243 334 -0.503658
302 334 -0.603151
329 334 -0.534572
332 334 -0.414922
334 334 3.475015
335 334 -0.411218
220 335 -0.496782
232 335 -0.617097
327 335 -0.352301
329 335 -0.496256
331 335 -0.482499
334 335 -0.411218
335 335 3.453122
340 335 -0.596970
156 336 -0.576888
219 336 -0.520564
330 336 -0.436362
336 336 3.619916
338 336 -0.818235
339 336 -0.602000
341 336 -0.665867
267 337 -0.822165
305 337 -0.606776
328 337 -0.871280
329 337 -0.727150
332 337 -0.696558
337 337 3.723929
219 338 -0.644787
327 338 -0.825887
330 338 -0.692641
333 338 -0.691172
336 338 -0.818235
338 338 3.672721
180 339 -0.865870
326 339 -0.585342
330 339 -0.735385
336 339 -0.602000
339 339 3.707636
341 339 -0.919039
222 340 -0.599421
327 340 -0.799337
331 340 -0.899385
333 340 -0.800409
335 340 -0.596970
340 340 3.695521
156 341 -0.222319
326 341 -0.067346
336 341 -0.665867
339 341 -0.919039
341 341 1.874572
308 342 -0.600536
309 342 -0.482832
342 342 3.537415
346 342 -0.618735
348 342 -0.753598
350 342 -0.378447
351 342 -0.703266
299 343 -0.680386
343 343 3.643480
345 343 -0.798199
347 343 -0.740768
349 343 -0.679036
350 343 -0.745091
301 344 -0.557021
344 344 3.725771
346 344 -0.803493
351 344 -0.788897
358 344 -0.546095
369 344 -1.030265
297 345 -0.730932
299 345 -0.398296
343 345 -0.798199
345 345 3.526213
349 345 -0.434502
352 345 -0.479664
353 345 -0.684621
309 346 -0.585769
311 346 -0.615543
342 346 -0.618735
344 346 -0.803493
346 346 3.546390
351 346 -0.453066
358 346 -0.469784
310 347 -0.502993
328 347 -0.805180
332 347 -0.286586
343 347 -0.740768
347 347 3.526931
348 347 -0.685628
349 347 -0.261917
350 347 -0.243859
308 348 -0.669813
310 348 -0.795174
342 348 -0.753598
347 348 -0.685628
348 348 3.644239
